Survived,PassengerId,Pclass,SibSp,Parch,Fare,countDeck,port_sex,Age_bin,Ticket_freq,poly0,poly1,poly2,poly3,poly4,poly5,poly6,poly7,poly8,poly9,poly10,poly11,poly12,poly13,poly14,poly15,poly16,poly17,poly18,poly19,poly20,poly21,poly22,poly23,poly24,poly25,poly26,poly27,poly28,poly29,poly30,poly31,poly32,poly33,poly34,poly35,poly36,poly37,poly38,poly39,poly40,poly41,poly42,poly43,poly44,poly45,poly46,poly47,poly48,poly49,poly50,poly51,poly52,poly53,0,1,2,3,4,5,6,7,8,9,10,11,12,13,14,15,16,17,18,19,20,21,22,23,24,25,26,27,28,29,30,31,32,33,34,35,36,37,38,39,40,41,42,43,44,45,46,47,48,49,50,51,52,53,54,55,56,57,58,59,60,61,62
0,-1.730107956920867,0.8273772438659699,0.4327933656785018,-0.4736736092984604,-0.4989475622371262,0.5446511676720712,0.96425644365423,-0.841999469050927,-0.6244040257055189,-1.730107956920867,0.8273772438659699,0.4327933656785018,-0.4736736092984604,-0.4989475622371262,0.5446511676720712,0.96425644365423,-0.841999469050927,-0.6244040257055189,-1.118736398499001,-1.3865148591474463,-0.3742683885988022,-0.3895323082701867,-0.5198689054478325,-1.2076221305605568,-1.1611992451381261,-1.0668862874416636,-0.8612841803188404,0.8635041745453002,0.5387118689362969,-0.4194008220350217,-0.571347415835755,0.7925352191037062,1.3577269342345568,-0.4975534921199921,-0.3576753639798948,-0.07639966350995119,-0.28708333828187355,-0.2322306332310479,0.5281575091431288,0.770770541893495,0.055294525074822944,-0.16720298638958608,-0.2900883232983121,-0.2955781683826058,-0.3888554871521795,-0.41265547100857053,-0.2943754514063852,-0.3658086479243954,-0.19836401418550262,-0.33212765423625973,-0.41485036472765574,-0.45666540491192525,-0.4123594838653976,0.5449215208897721,1.1227307914744915,-0.41925594351289297,-0.337529114616601,0.9989187709831968,-0.34421520059278854,-0.22342026433344614,-0.9014630952079639,-0.6574644895504534,-0.4271559153457235,-0.7376951317802901,0.7376951317802901,-0.4820426798824101,-0.3075623426146228,0.6158384251930635,-0.13085598064755344,-0.2359813632291101,-0.2662958158485814,-0.19611613513818404,-0.19300937626135234,-0.12168146174384352,-0.06715342778730747,-0.03352007615769955,0.5449249778098338,-0.21680296415038888,-0.5118980953829163,0.8505317485662419,-0.40583972495671383,-0.16278112867447064,-1.2316448970959013,-0.1699069165076462,-0.2081478487327801,1.4322604033532795,-0.7376951317802901,0.7376951317802901,-0.7376951317802901,0.7376951317802901,-0.7376951317802901,0.7376951317802901,-0.7376951317802901,0.7376951317802901,-0.4820426798824101,-0.3075623426146228,0.6158384251930635,-0.4820426798824101,-0.3075623426146228,0.6158384251930635,-0.4820426798824101,-0.3075623426146228,0.6158384251930635,-0.13085598064755344,-0.2359813632291101,-0.2662958158485814,-0.19611613513818404,-0.19300937626135234,-0.12168146174384352,-0.06715342778730747,-0.03352007615769955,0.5449249778098338,-0.13085598064755344,-0.2359813632291101,-0.2662958158485814,-0.19611613513818404,-0.19300937626135234,-0.12168146174384352,-0.06715342778730747,-0.03352007615769955,0.5449249778098338,-0.21680296415038888,-0.5118980953829163,0.8505317485662419,-0.40583972495671383,-0.16278112867447064
1,-1.7262200738716067,-1.5661069258891576,0.4327933656785018,-0.4736736092984604,0.7894053534036041,-1.747233654090395,-1.3133832581875537,0.8818551424480984,-0.0675031379141101,-1.7262200738716067,-1.5661069258891576,0.4327933656785018,-0.4736736092984604,0.7894053534036041,-1.747233654090395,-1.3133832581875537,0.8818551424480984,-0.0675031379141101,-1.1187237369828245,-1.3878753865587674,-0.3725352953667697,-0.3895323082701867,-0.5149717552081342,-1.2104587107376228,-1.1637191373477145,-1.0605009331028605,-0.8585415736368947,-1.4609134070857044,-0.0891393739966534,-0.4194008220350217,0.3960994627458826,-1.6309715720209197,-1.2628331395795704,-0.35528129652342183,-0.5523538913507477,-0.07639966350995119,-0.28708333828187355,0.5774245165223928,-0.31042417242146536,-0.17219794452469814,1.1170924095935137,-0.05924801474239681,-0.2900883232983121,-0.2955781683826058,-0.3888554871521795,-0.41265547100857053,-0.2943754514063852,-0.3658086479243954,0.09041666397240379,-0.3482385794291088,-0.17688496913157126,1.1044257533127435,0.14793535060977747,-1.8243260033503432,-1.2317507019144973,-0.8842675308574113,-0.7761346597668339,-1.177626087863427,-0.6152309732957872,-0.6336491784248299,0.7785667831207204,0.5331876653061604,-0.23657207930514282,1.3555735383351193,-1.3555735383351195,2.0745051044939435,-0.3075623426146228,-1.6238025415294657,-0.13085598064755344,-0.2359813632291101,3.755222352305419,-0.19611613513818404,-0.19300937626135234,-0.12168146174384352,-0.06715342778730747,-0.03352007615769955,-1.8351149988007645,-0.21680296415038888,-0.5118980953829163,-1.175735064194511,2.4640269015229057,-0.16278112867447064,-1.2316448970959013,-0.1699069165076462,-0.2081478487327801,1.4322604033532795,1.3555735383351193,-1.3555735383351195,1.3555735383351193,-1.3555735383351195,1.3555735383351193,-1.3555735383351195,1.3555735383351193,-1.3555735383351195,2.0745051044939435,-0.3075623426146228,-1.6238025415294657,2.0745051044939435,-0.3075623426146228,-1.6238025415294657,2.0745051044939435,-0.3075623426146228,-1.6238025415294657,-0.13085598064755344,-0.2359813632291101,3.755222352305419,-0.19611613513818404,-0.19300937626135234,-0.12168146174384352,-0.06715342778730747,-0.03352007615769955,-1.8351149988007645,-0.13085598064755344,-0.2359813632291101,3.755222352305419,-0.19611613513818404,-0.19300937626135234,-0.12168146174384352,-0.06715342778730747,-0.03352007615769955,-1.8351149988007645,-0.21680296415038888,-0.5118980953829163,-1.175735064194511,2.4640269015229057,-0.16278112867447064
1,-1.7223321908223463,0.8273772438659699,-0.47454519624983954,-0.4736736092984604,-0.4989475622371262,0.5446511676720712,-0.5095104222433947,-0.1524576244513169,-0.6244040257055189,-1.7223321908223463,0.8273772438659699,-0.47454519624983954,-0.4736736092984604,-0.4989475622371262,0.5446511676720712,-0.5095104222433947,-0.1524576244513169,-0.6244040257055189,-1.1187026344558633,-1.3783516946795198,-0.3760014818308347,-0.3895323082701867,-0.5193610528303823,-1.2006577424260658,-1.1595743272397516,-1.0615651588259944,-0.8594557758642098,0.8635041745453002,-0.4030649954631285,-0.4194008220350217,-0.571347415835755,0.7925352191037062,-0.11969588642374947,0.3560796814594294,-0.3576753639798948,-0.2328872501475753,-0.28708333828187355,-0.32078666523533045,-0.39610534423349997,-0.38113017778990566,-0.3694246287326534,-0.2751579580367754,-0.2900883232983121,-0.2955781683826058,-0.3888554871521795,-0.41265547100857053,-0.2943754514063852,-0.3658086479243954,-0.19836401418550262,-0.33212765423625973,-0.5649596120861907,-0.41141638583294937,-0.4123594838653976,0.5449215208897721,-0.14575511629852972,0.2690969755635181,-0.337529114616601,-0.7538678336953983,-0.3882924910983312,-0.564416590908148,-0.45345512765364804,-0.4590224637410178,-0.4271559153457235,1.3555735383351193,-1.3555735383351195,-0.4820426798824101,-0.3075623426146228,0.6158384251930635,-0.13085598064755344,-0.2359813632291101,-0.2662958158485814,-0.19611613513818404,-0.19300937626135234,-0.12168146174384352,-0.06715342778730747,-0.03352007615769955,0.5449249778098338,-0.21680296415038888,1.9535138126504805,-1.175735064194511,-0.40583972495671383,-0.16278112867447064,0.8119223343984152,-0.1699069165076462,-0.2081478487327801,-0.6981970580620328,1.3555735383351193,-1.3555735383351195,1.3555735383351193,-1.3555735383351195,1.3555735383351193,-1.3555735383351195,1.3555735383351193,-1.3555735383351195,-0.4820426798824101,-0.3075623426146228,0.6158384251930635,-0.4820426798824101,-0.3075623426146228,0.6158384251930635,-0.4820426798824101,-0.3075623426146228,0.6158384251930635,-0.13085598064755344,-0.2359813632291101,-0.2662958158485814,-0.19611613513818404,-0.19300937626135234,-0.12168146174384352,-0.06715342778730747,-0.03352007615769955,0.5449249778098338,-0.13085598064755344,-0.2359813632291101,-0.2662958158485814,-0.19611613513818404,-0.19300937626135234,-0.12168146174384352,-0.06715342778730747,-0.03352007615769955,0.5449249778098338,-0.21680296415038888,1.9535138126504805,-1.175735064194511,-0.40583972495671383,-0.16278112867447064
1,-1.718444307773086,-1.5661069258891576,0.4327933656785018,-0.4736736092984604,0.42705609587964866,-1.747233654090395,-0.5095104222433947,0.5370842201482933,-0.0675031379141101,-1.718444307773086,-1.5661069258891576,0.4327933656785018,-0.4736736092984604,0.42705609587964866,-1.747233654090395,-0.5095104222433947,0.5370842201482933,-0.0675031379141101,-1.1186730909181175,-1.3851543317361252,-0.3690691089027047,-0.3895323082701867,-0.5124324921208833,-1.2098130968474432,-1.1577145579263777,-1.0551798044871914,-0.8548847647276338,-1.4609134070857044,-0.0891393739966534,-0.4194008220350217,0.04781858645649305,-1.6309715720209197,-0.9942108085507874,-0.4975534921199921,-0.5523538913507477,-0.07639966350995119,-0.28708333828187355,0.34970900565423757,-0.31042417242146536,0.16061446244642888,0.9047328326897756,-0.05924801474239681,-0.2900883232983121,-0.2955781683826058,-0.3888554871521795,-0.41265547100857053,-0.2943754514063852,-0.3658086479243954,-0.03870162001166013,-0.4125302903401952,0.3108726112464217,0.5258847236601231,-0.0014766052502692205,-1.8243260033503432,-1.1676099405747105,-0.9161734353905387,-0.7761346597668339,-0.7538678336953983,-0.03924800141930428,-0.26165318579788244,0.29322481827021163,0.33474563949672476,-0.23657207930514282,1.3555735383351193,-1.3555735383351195,-0.4820426798824101,-0.3075623426146228,0.6158384251930635,-0.13085598064755344,-0.2359813632291101,3.755222352305419,-0.19611613513818404,-0.19300937626135234,-0.12168146174384352,-0.06715342778730747,-0.03352007615769955,-1.8351149988007645,-0.21680296415038888,-0.5118980953829163,-1.175735064194511,2.4640269015229057,-0.16278112867447064,-1.2316448970959013,-0.1699069165076462,-0.2081478487327801,1.4322604033532795,1.3555735383351193,-1.3555735383351195,1.3555735383351193,-1.3555735383351195,1.3555735383351193,-1.3555735383351195,1.3555735383351193,-1.3555735383351195,-0.4820426798824101,-0.3075623426146228,0.6158384251930635,-0.4820426798824101,-0.3075623426146228,0.6158384251930635,-0.4820426798824101,-0.3075623426146228,0.6158384251930635,-0.13085598064755344,-0.2359813632291101,3.755222352305419,-0.19611613513818404,-0.19300937626135234,-0.12168146174384352,-0.06715342778730747,-0.03352007615769955,-1.8351149988007645,-0.13085598064755344,-0.2359813632291101,3.755222352305419,-0.19611613513818404,-0.19300937626135234,-0.12168146174384352,-0.06715342778730747,-0.03352007615769955,-1.8351149988007645,-0.21680296415038888,-0.5118980953829163,-1.175735064194511,2.4640269015229057,-0.16278112867447064
0,-1.7145564247238256,0.8273772438659699,-0.47454519624983954,-0.4736736092984604,-0.4788170479302398,0.5446511676720712,0.96425644365423,0.5370842201482933,-0.6244040257055189,-1.7145564247238256,0.8273772438659699,-0.47454519624983954,-0.4736736092984604,-0.4788170479302398,0.5446511676720712,0.96425644365423,0.5370842201482933,-0.6244040257055189,-1.1186351063695872,-1.370188530211593,-0.3760014818308347,-0.3895323082701867,-0.5186718242781284,-1.1936933542915746,-1.1453816849711371,-1.0519871273177899,-0.8576273714095795,0.8635041745453002,-0.4030649954631285,-0.4194008220350217,-0.5133006031208568,0.7925352191037062,1.3577269342345568,1.209712855038851,-0.3576753639798948,-0.2328872501475753,-0.28708333828187355,-0.32078666523533045,-0.39610534423349997,-0.38113017778990566,-0.3694246287326534,-0.2751579580367754,-0.2900883232983121,-0.2955781683826058,-0.3888554871521795,-0.41265547100857053,-0.2943754514063852,-0.3658086479243954,-0.1974962837823839,-0.29359822464770086,-0.374366355591566,-0.3467749300058409,-0.40820915175817407,0.5449215208897721,1.1227307914744915,0.9574498946399291,-0.337529114616601,0.9989187709831968,1.1401173391344044,-0.22342026433344614,0.29322481827021163,-0.26058043793158214,-0.4271559153457235,-0.7376951317802901,0.7376951317802901,-0.4820426798824101,-0.3075623426146228,0.6158384251930635,-0.13085598064755344,-0.2359813632291101,-0.2662958158485814,-0.19611613513818404,-0.19300937626135234,-0.12168146174384352,-0.06715342778730747,-0.03352007615769955,0.5449249778098338,-0.21680296415038888,-0.5118980953829163,0.8505317485662419,-0.40583972495671383,-0.16278112867447064,0.8119223343984152,-0.1699069165076462,-0.2081478487327801,-0.6981970580620328,-0.7376951317802901,0.7376951317802901,-0.7376951317802901,0.7376951317802901,-0.7376951317802901,0.7376951317802901,-0.7376951317802901,0.7376951317802901,-0.4820426798824101,-0.3075623426146228,0.6158384251930635,-0.4820426798824101,-0.3075623426146228,0.6158384251930635,-0.4820426798824101,-0.3075623426146228,0.6158384251930635,-0.13085598064755344,-0.2359813632291101,-0.2662958158485814,-0.19611613513818404,-0.19300937626135234,-0.12168146174384352,-0.06715342778730747,-0.03352007615769955,0.5449249778098338,-0.13085598064755344,-0.2359813632291101,-0.2662958158485814,-0.19611613513818404,-0.19300937626135234,-0.12168146174384352,-0.06715342778730747,-0.03352007615769955,0.5449249778098338,-0.21680296415038888,-0.5118980953829163,0.8505317485662419,-0.40583972495671383,-0.16278112867447064
0,-1.7106685416745653,0.8273772438659699,-0.47454519624983954,-0.4736736092984604,-0.4788170479302398,0.5446511676720712,-1.5366812681720423,0.8818551424480984,-0.6244040257055189,-1.7106685416745653,0.8273772438659699,-0.47454519624983954,-0.4736736092984604,-0.4788170479302398,0.5446511676720712,-1.5366812681720423,0.8818551424480984,-0.6244040257055189,-1.1185886808102725,-1.3661069479776298,-0.3760014818308347,-0.3895323082701867,-0.5183816227824426,-1.190211160224329,-1.1627543423455546,-1.045601772978987,-0.8567131691822643,0.8635041745453002,-0.4030649954631285,-0.4194008220350217,-0.5133006031208568,0.7925352191037062,-1.1494148220340843,1.6365294418285616,-0.3576753639798948,-0.2328872501475753,-0.28708333828187355,-0.32078666523533045,-0.39610534423349997,-0.38113017778990566,-0.3694246287326534,-0.2751579580367754,-0.2900883232983121,-0.2955781683826058,-0.3888554871521795,-0.41265547100857053,-0.2943754514063852,-0.3658086479243954,-0.1974962837823839,-0.29359822464770086,-0.6654873201656945,-0.32091834767499755,-0.40820915175817407,0.5449215208897721,-1.0298513550494233,1.3016263541781348,-0.337529114616601,-1.2286533543751765,-0.8237046446057863,-0.8020806973086978,0.7785667831207204,-0.16135942502686434,-0.4271559153457235,-0.7376951317802901,0.7376951317802901,-0.4820426798824101,3.2513733362117265,-1.6238025415294657,-0.13085598064755344,-0.2359813632291101,-0.2662958158485814,-0.19611613513818404,-0.19300937626135234,-0.12168146174384352,-0.06715342778730747,-0.03352007615769955,0.5449249778098338,-0.21680296415038888,-0.5118980953829163,0.8505317485662419,-0.40583972495671383,-0.16278112867447064,0.8119223343984152,-0.1699069165076462,-0.2081478487327801,-0.6981970580620328,-0.7376951317802901,0.7376951317802901,-0.7376951317802901,0.7376951317802901,-0.7376951317802901,0.7376951317802901,-0.7376951317802901,0.7376951317802901,-0.4820426798824101,3.2513733362117265,-1.6238025415294657,-0.4820426798824101,3.2513733362117265,-1.6238025415294657,-0.4820426798824101,3.2513733362117265,-1.6238025415294657,-0.13085598064755344,-0.2359813632291101,-0.2662958158485814,-0.19611613513818404,-0.19300937626135234,-0.12168146174384352,-0.06715342778730747,-0.03352007615769955,0.5449249778098338,-0.13085598064755344,-0.2359813632291101,-0.2662958158485814,-0.19611613513818404,-0.19300937626135234,-0.12168146174384352,-0.06715342778730747,-0.03352007615769955,0.5449249778098338,-0.21680296415038888,-0.5118980953829163,0.8505317485662419,-0.40583972495671383,-0.16278112867447064
0,-1.7067806586253047,-1.5661069258891576,-0.47454519624983954,-0.4736736092984604,0.38679506726587587,-1.8792661492571456,0.96425644365423,1.5713969870477085,-0.0675031379141101,-1.7067806586253047,-1.5661069258891576,-0.47454519624983954,-0.4736736092984604,0.38679506726587587,-1.8792661492571456,0.96425644365423,1.5713969870477085,-0.0675031379141101,-1.1185338142401733,-1.381072749502162,-0.3760014818308347,-0.3895323082701867,-0.5071725900115777,-1.2101187332103474,-1.1374729048876429,-1.0344274028860818,-0.8493995513637423,-1.4609134070857044,-0.4030649954631285,-0.4194008220350217,0.009120711313227545,-1.6745420808165796,-0.5017365349980186,-0.07073690533028135,-0.5523538913507477,-0.2328872501475753,-0.28708333828187355,-0.32078666523533045,-0.39610534423349997,-0.38113017778990566,-0.3694246287326534,-0.2751579580367754,-0.2900883232983121,-0.2955781683826058,-0.3888554871521795,-0.41265547100857053,-0.2943754514063852,-0.3658086479243954,-0.05073414826823957,-0.5223809618791733,1.366446037260293,0.9816069872412375,-0.018077933679163296,-1.8409560124108695,-1.1751878000261426,-0.9823612160709629,-0.8324206013962827,0.9989187709831968,2.2533667439297993,0.42033946735152133,1.973254696598896,0.9300717169250317,-0.23657207930514282,-0.7376951317802901,0.7376951317802901,-0.4820426798824101,-0.3075623426146228,0.6158384251930635,-0.13085598064755344,-0.2359813632291101,-0.2662958158485814,-0.19611613513818404,5.181095444015676,-0.12168146174384352,-0.06715342778730747,-0.03352007615769955,-1.8351149988007645,-0.21680296415038888,-0.5118980953829163,0.8505317485662419,-0.40583972495671383,-0.16278112867447064,0.8119223343984152,-0.1699069165076462,-0.2081478487327801,-0.6981970580620328,-0.7376951317802901,0.7376951317802901,-0.7376951317802901,0.7376951317802901,-0.7376951317802901,0.7376951317802901,-0.7376951317802901,0.7376951317802901,-0.4820426798824101,-0.3075623426146228,0.6158384251930635,-0.4820426798824101,-0.3075623426146228,0.6158384251930635,-0.4820426798824101,-0.3075623426146228,0.6158384251930635,-0.13085598064755344,-0.2359813632291101,-0.2662958158485814,-0.19611613513818404,5.181095444015676,-0.12168146174384352,-0.06715342778730747,-0.03352007615769955,-1.8351149988007645,-0.13085598064755344,-0.2359813632291101,-0.2662958158485814,-0.19611613513818404,5.181095444015676,-0.12168146174384352,-0.06715342778730747,-0.03352007615769955,-1.8351149988007645,-0.21680296415038888,-0.5118980953829163,0.8505317485662419,-0.40583972495671383,-0.16278112867447064
0,-1.7028927755760443,0.8273772438659699,2.2474704895351842,0.7676298785983874,-0.2171203619407165,0.5446511676720712,0.96425644365423,-1.5315413136505371,1.6031995254601163,-1.7028927755760443,0.8273772438659699,2.2474704895351842,0.7676298785983874,-0.2171203619407165,0.5446511676720712,0.96425644365423,-1.5315413136505371,1.6031995254601163,-1.1184705066592895,-1.3579437835097032,-0.33440724426205476,-0.3711850238128576,-0.5140286003471553,-1.1832467720898379,-1.1335185148458957,-1.0679505131647973,-0.8256302934535464,0.8635041745453002,2.4222655977351475,0.9889639986931354,0.24130796217282058,0.7925352191037062,1.3577269342345568,-1.3511866656994136,1.9784669644703399,1.1755010295910417,1.2294656009028064,0.4762176228032127,2.3766832158963864,3.0745719812602963,-0.3694246287326534,1.3441666166710637,0.07498045644575013,0.0030806019277374976,0.9624460102277982,1.4694387837410756,-0.2943754514063852,0.6896819780491676,-0.1756873263173337,0.20728436000356462,0.15192576317760065,-0.5019144239909011,-0.00562693735749274,0.5449215208897721,1.1227307914744915,-1.107608862589304,1.8162046518838164,0.9989187709831968,-1.086381470456385,2.3516186624064237,-1.0507990843927357,-0.855906515359889,1.097514772978922,-0.7376951317802901,0.7376951317802901,-0.4820426798824101,-0.3075623426146228,0.6158384251930635,-0.13085598064755344,-0.2359813632291101,-0.2662958158485814,-0.19611613513818404,-0.19300937626135234,-0.12168146174384352,-0.06715342778730747,-0.03352007615769955,0.5449249778098338,4.612483062299524,-0.5118980953829163,-1.175735064194511,-0.40583972495671383,-0.16278112867447064,-1.2316448970959013,-0.1699069165076462,4.804277373453898,-0.6981970580620328,-0.7376951317802901,0.7376951317802901,-0.7376951317802901,0.7376951317802901,-0.7376951317802901,0.7376951317802901,-0.7376951317802901,0.7376951317802901,-0.4820426798824101,-0.3075623426146228,0.6158384251930635,-0.4820426798824101,-0.3075623426146228,0.6158384251930635,-0.4820426798824101,-0.3075623426146228,0.6158384251930635,-0.13085598064755344,-0.2359813632291101,-0.2662958158485814,-0.19611613513818404,-0.19300937626135234,-0.12168146174384352,-0.06715342778730747,-0.03352007615769955,0.5449249778098338,-0.13085598064755344,-0.2359813632291101,-0.2662958158485814,-0.19611613513818404,-0.19300937626135234,-0.12168146174384352,-0.06715342778730747,-0.03352007615769955,0.5449249778098338,4.612483062299524,-0.5118980953829163,-1.175735064194511,-0.40583972495671383,-0.16278112867447064
1,-1.699004892526784,0.8273772438659699,-0.47454519624983954,2.0089333664952354,-0.4184255050095806,0.5446511676720712,-0.5095104222433947,-0.1524576244513169,0.48939774987729867,-1.699004892526784,0.8273772438659699,-0.47454519624983954,2.0089333664952354,-0.4184255050095806,0.5446511676720712,-0.5095104222433947,-0.1524576244513169,0.48939774987729867,-1.1183987580676213,-1.35386220127574,-0.3760014818308347,-0.3482509182411963,-0.5165315882474455,-1.1797645780225923,-1.1484157113595084,-1.0487944501483883,-0.8375149224086443,0.8635041745453002,-0.4030649954631285,2.3973288194212925,-0.33916016497616197,0.7925352191037062,-0.11969588642374947,0.3560796814594294,0.8103958002452226,-0.2328872501475753,-0.28708333828187355,-0.32078666523533045,-0.39610534423349997,-0.38113017778990566,-0.3694246287326534,-0.2751579580367754,1.1701867956779368,0.017302448132991942,2.313747507607776,1.3576611153209521,1.4171320670477043,0.9007801032438802,-0.19419890825053282,-0.1780099358820242,-0.4888002883181375,-0.3597032211712626,-0.3044508490775861,0.5449215208897721,-0.14575511629852972,0.2690969755635181,0.7393377686336078,-0.7538678336953983,-0.3882924910983312,0.04111021931238319,-0.45345512765364804,0.33474563949672476,0.08106764742915833,1.3555735383351193,-1.3555735383351195,-0.4820426798824101,-0.3075623426146228,0.6158384251930635,-0.13085598064755344,-0.2359813632291101,-0.2662958158485814,-0.19611613513818404,-0.19300937626135234,-0.12168146174384352,-0.06715342778730747,-0.03352007615769955,0.5449249778098338,-0.21680296415038888,-0.5118980953829163,-1.175735064194511,2.4640269015229057,-0.16278112867447064,-1.2316448970959013,-0.1699069165076462,-0.2081478487327801,1.4322604033532795,1.3555735383351193,-1.3555735383351195,1.3555735383351193,-1.3555735383351195,1.3555735383351193,-1.3555735383351195,1.3555735383351193,-1.3555735383351195,-0.4820426798824101,-0.3075623426146228,0.6158384251930635,-0.4820426798824101,-0.3075623426146228,0.6158384251930635,-0.4820426798824101,-0.3075623426146228,0.6158384251930635,-0.13085598064755344,-0.2359813632291101,-0.2662958158485814,-0.19611613513818404,-0.19300937626135234,-0.12168146174384352,-0.06715342778730747,-0.03352007615769955,0.5449249778098338,-0.13085598064755344,-0.2359813632291101,-0.2662958158485814,-0.19611613513818404,-0.19300937626135234,-0.12168146174384352,-0.06715342778730747,-0.03352007615769955,0.5449249778098338,-0.21680296415038888,-0.5118980953829163,-1.175735064194511,2.4640269015229057,-0.16278112867447064
1,-1.6951170094775236,-0.3693648410115938,0.4327933656785018,-0.4736736092984604,-0.03594573317873878,0.5446511676720712,-1.3133832581875537,-1.5315413136505371,-0.0675031379141101,-1.6951170094775236,-0.3693648410115938,0.4327933656785018,-0.4736736092984604,-0.03594573317873878,0.5446511676720712,-1.3133832581875537,-1.5315413136505371,-0.0675031379141101,-1.1183185684651686,-1.3633858931549876,-0.35867054951050975,-0.3895323082701867,-0.5092402756683392,-1.176282383955347,-1.1579811460190796,-1.0679505131647973,-0.8439143379998509,-0.5892568139740777,0.2247862474698217,-0.4194008220350217,0.18326114945792232,-0.04105904351514409,-1.0941980095448343,-1.3511866656994136,-0.1629968366090419,-0.07639966350995119,-0.28708333828187355,0.058739186211594845,0.5281575091431288,-0.17219794452469814,-0.3694246287326534,-0.05924801474239681,-0.2900883232983121,-0.2955781683826058,-0.3888554871521795,-0.41265547100857053,-0.2943754514063852,-0.3658086479243954,-0.1491347759819012,0.5540492263005946,-0.47794823450477153,-0.5019144239909011,-0.1923918821825511,0.5449215208897721,-0.8376565205383595,-1.107608862589304,0.20090432700850336,-1.177626087863427,-1.086381470456385,-0.6336491784248299,-1.0507990843927357,-0.855906515359889,-0.23657207930514282,1.3555735383351193,-1.3555735383351195,2.0745051044939435,-0.3075623426146228,-1.6238025415294657,-0.13085598064755344,-0.2359813632291101,-0.2662958158485814,-0.19611613513818404,-0.19300937626135234,-0.12168146174384352,-0.06715342778730747,-0.03352007615769955,0.5449249778098338,-0.21680296415038888,-0.5118980953829163,-1.175735064194511,2.4640269015229057,-0.16278112867447064,-1.2316448970959013,-0.1699069165076462,-0.2081478487327801,1.4322604033532795,1.3555735383351193,-1.3555735383351195,1.3555735383351193,-1.3555735383351195,1.3555735383351193,-1.3555735383351195,1.3555735383351193,-1.3555735383351195,2.0745051044939435,-0.3075623426146228,-1.6238025415294657,2.0745051044939435,-0.3075623426146228,-1.6238025415294657,2.0745051044939435,-0.3075623426146228,-1.6238025415294657,-0.13085598064755344,-0.2359813632291101,-0.2662958158485814,-0.19611613513818404,-0.19300937626135234,-0.12168146174384352,-0.06715342778730747,-0.03352007615769955,0.5449249778098338,-0.13085598064755344,-0.2359813632291101,-0.2662958158485814,-0.19611613513818404,-0.19300937626135234,-0.12168146174384352,-0.06715342778730747,-0.03352007615769955,0.5449249778098338,-0.21680296415038888,-0.5118980953829163,-1.175735064194511,2.4640269015229057,-0.16278112867447064
1,-1.6912291264282633,0.8273772438659699,0.4327933656785018,0.7676298785983874,-0.3177729334751485,-1.9689485988043727,-0.5095104222433947,-1.5315413136505371,0.48939774987729867,-1.6912291264282633,0.8273772438659699,0.4327933656785018,0.7676298785983874,-0.3177729334751485,-1.9689485988043727,-0.5095104222433947,-1.5315413136505371,0.48939774987729867,-1.1182299378519314,-1.3456990368078132,-0.3569374562784772,-0.36430479214135925,-0.5137383988514694,-1.2109154482237605,-1.1446961727327605,-1.0679505131647973,-0.832029709044753,0.8635041745453002,0.5387118689362969,0.9889639986931354,-0.04892610140167071,-1.6959162926786013,-0.11969588642374947,-1.3511866656994136,0.8103958002452226,-0.07639966350995119,0.2184329747796864,-0.1183728777969703,-0.3915478350945619,0.16061446244642888,-0.3694246287326534,0.048706956904792466,0.07498045644575013,-0.06802862909853472,-0.382192264778511,0.4725028221561908,-0.2943754514063852,0.26748572765974243,-0.18638933462246443,-0.5987938641499739,-0.3936011336080709,-0.5019144239909011,-0.24219586746923333,-1.8448049704827396,-1.2664632877057758,-1.107608862589304,-0.8679975645016891,-0.7538678336953983,-1.086381470456385,0.04111021931238319,-1.0507990843927357,-0.855906515359889,0.08106764742915833,1.3555735383351193,-1.3555735383351195,-0.4820426798824101,-0.3075623426146228,0.6158384251930635,-0.13085598064755344,-0.2359813632291101,-0.2662958158485814,-0.19611613513818404,-0.19300937626135234,-0.12168146174384352,14.891272611835431,-0.03352007615769955,-1.8351149988007645,-0.21680296415038888,1.9535138126504805,-1.175735064194511,-0.40583972495671383,-0.16278112867447064,-1.2316448970959013,-0.1699069165076462,-0.2081478487327801,1.4322604033532795,1.3555735383351193,-1.3555735383351195,1.3555735383351193,-1.3555735383351195,1.3555735383351193,-1.3555735383351195,1.3555735383351193,-1.3555735383351195,-0.4820426798824101,-0.3075623426146228,0.6158384251930635,-0.4820426798824101,-0.3075623426146228,0.6158384251930635,-0.4820426798824101,-0.3075623426146228,0.6158384251930635,-0.13085598064755344,-0.2359813632291101,-0.2662958158485814,-0.19611613513818404,-0.19300937626135234,-0.12168146174384352,14.891272611835431,-0.03352007615769955,-1.8351149988007645,-0.13085598064755344,-0.2359813632291101,-0.2662958158485814,-0.19611613513818404,-0.19300937626135234,-0.12168146174384352,14.891272611835431,-0.03352007615769955,-1.8351149988007645,-0.21680296415038888,1.9535138126504805,-1.175735064194511,-0.40583972495671383,-0.16278112867447064
1,-1.687341243379003,-1.5661069258891576,-0.47454519624983954,-0.4736736092984604,-0.11646779040628442,-1.747233654090395,-0.5095104222433947,1.5713969870477085,-0.6244040257055189,-1.687341243379003,-1.5661069258891576,-0.47454519624983954,-0.4736736092984604,-0.11646779040628442,-1.747233654090395,-0.5095104222433947,1.5713969870477085,-0.6244040257055189,-1.1181328662279095,-1.3742701124455563,-0.3760014818308347,-0.3895323082701867,-0.5088049734248105,-1.2072306412867244,-1.1428364034193865,-1.0104823241155705,-0.8512279558183729,-1.4609134070857044,-0.4030649954631285,-0.4194008220350217,-0.4746027279775913,-1.6309715720209197,-0.9942108085507874,-0.07073690533028135,-0.7470324187216006,-0.2328872501475753,-0.28708333828187355,-0.32078666523533045,-0.39610534423349997,-0.38113017778990566,-0.3694246287326534,-0.2751579580367754,-0.2900883232983121,-0.2955781683826058,-0.3888554871521795,-0.41265547100857053,-0.2943754514063852,-0.3658086479243954,-0.16209288333514058,-0.5089678567068249,-0.20320282418793778,0.2543906091862676,-0.33350317382815076,-1.8243260033503432,-1.1676099405747105,-0.8204557217911562,-0.8260486080042697,-0.7538678336953983,0.48431873309923607,-0.564416590908148,1.973254696598896,0.0370826007825713,-0.4271559153457235,1.3555735383351193,-1.3555735383351195,-0.4820426798824101,-0.3075623426146228,0.6158384251930635,-0.13085598064755344,-0.2359813632291101,3.755222352305419,-0.19611613513818404,-0.19300937626135234,-0.12168146174384352,-0.06715342778730747,-0.03352007615769955,-1.8351149988007645,-0.21680296415038888,1.9535138126504805,-1.175735064194511,-0.40583972495671383,-0.16278112867447064,0.8119223343984152,-0.1699069165076462,-0.2081478487327801,-0.6981970580620328,1.3555735383351193,-1.3555735383351195,1.3555735383351193,-1.3555735383351195,1.3555735383351193,-1.3555735383351195,1.3555735383351193,-1.3555735383351195,-0.4820426798824101,-0.3075623426146228,0.6158384251930635,-0.4820426798824101,-0.3075623426146228,0.6158384251930635,-0.4820426798824101,-0.3075623426146228,0.6158384251930635,-0.13085598064755344,-0.2359813632291101,3.755222352305419,-0.19611613513818404,-0.19300937626135234,-0.12168146174384352,-0.06715342778730747,-0.03352007615769955,-1.8351149988007645,-0.13085598064755344,-0.2359813632291101,3.755222352305419,-0.19611613513818404,-0.19300937626135234,-0.12168146174384352,-0.06715342778730747,-0.03352007615769955,-1.8351149988007645,-0.21680296415038888,1.9535138126504805,-1.175735064194511,-0.40583972495671383,-0.16278112867447064
0,-1.6834533603297426,0.8273772438659699,-0.47454519624983954,-0.4736736092984604,-0.4788170479302398,0.5446511676720712,0.96425644365423,-0.841999469050927,-0.6244040257055189,-1.6834533603297426,0.8273772438659699,-0.47454519624983954,-0.4736736092984604,-0.4788170479302398,0.5446511676720712,0.96425644365423,-0.841999469050927,-0.6244040257055189,-1.1180273535931033,-1.3375358723398867,-0.3760014818308347,-0.3895323082701867,-0.5163502123126419,-1.1658358017536101,-1.1137465646371596,-1.0541155787640575,-0.8503137535910575,0.8635041745453002,-0.4030649954631285,-0.4194008220350217,-0.5133006031208568,0.7925352191037062,1.3577269342345568,-0.4975534921199921,-0.3576753639798948,-0.2328872501475753,-0.28708333828187355,-0.32078666523533045,-0.39610534423349997,-0.38113017778990566,-0.3694246287326534,-0.2751579580367754,-0.2900883232983121,-0.2955781683826058,-0.3888554871521795,-0.41265547100857053,-0.2943754514063852,-0.3658086479243954,-0.1974962837823839,-0.29359822464770086,-0.374366355591566,-0.4502012593292144,-0.40820915175817407,0.5449215208897721,1.1227307914744915,-0.41925594351289297,-0.337529114616601,0.9989187709831968,-0.34421520059278854,-0.22342026433344614,-0.9014630952079639,-0.6574644895504534,-0.4271559153457235,-0.7376951317802901,0.7376951317802901,-0.4820426798824101,-0.3075623426146228,0.6158384251930635,-0.13085598064755344,-0.2359813632291101,-0.2662958158485814,-0.19611613513818404,-0.19300937626135234,-0.12168146174384352,-0.06715342778730747,-0.03352007615769955,0.5449249778098338,-0.21680296415038888,-0.5118980953829163,0.8505317485662419,-0.40583972495671383,-0.16278112867447064,0.8119223343984152,-0.1699069165076462,-0.2081478487327801,-0.6981970580620328,-0.7376951317802901,0.7376951317802901,-0.7376951317802901,0.7376951317802901,-0.7376951317802901,0.7376951317802901,-0.7376951317802901,0.7376951317802901,-0.4820426798824101,-0.3075623426146228,0.6158384251930635,-0.4820426798824101,-0.3075623426146228,0.6158384251930635,-0.4820426798824101,-0.3075623426146228,0.6158384251930635,-0.13085598064755344,-0.2359813632291101,-0.2662958158485814,-0.19611613513818404,-0.19300937626135234,-0.12168146174384352,-0.06715342778730747,-0.03352007615769955,0.5449249778098338,-0.13085598064755344,-0.2359813632291101,-0.2662958158485814,-0.19611613513818404,-0.19300937626135234,-0.12168146174384352,-0.06715342778730747,-0.03352007615769955,0.5449249778098338,-0.21680296415038888,-0.5118980953829163,0.8505317485662419,-0.40583972495671383,-0.16278112867447064
0,-1.6795654772804822,0.8273772438659699,0.4327933656785018,5.73284383018578,-0.01581521887185237,0.5446511676720712,0.96425644365423,0.8818551424480984,2.717001301042934,-1.6795654772804822,0.8273772438659699,0.4327933656785018,5.73284383018578,-0.01581521887185237,0.5446511676720712,0.96425644365423,0.8818551424480984,2.717001301042934,-1.1179133999475126,-1.3334542901059234,-0.35173817658237977,-0.22899356926855755,-0.5043794006156016,-1.1623536076863645,-1.1097921745954125,-1.0158034527312398,-0.7726065642692631,0.8635041745453002,0.5387118689362969,6.622423281605764,0.8217760893218031,0.7925352191037062,1.3577269342345568,1.6365294418285616,3.1465381286954575,-0.07639966350995119,2.240498227025926,0.07139004792649235,0.5281575091431288,0.770770541893495,1.1170924095935137,0.4805268434935496,8.836631170303242,1.908807993431833,6.367651999747709,8.99781580273966,7.193469941830257,7.022625733890546,-0.1456060056758851,0.5925786558891535,0.556765854538498,0.1994453717332254,0.45921025865154136,0.5449215208897721,1.1227307914744915,1.3016263541781348,2.8930715351340255,0.9989187709831968,1.5112004740662026,3.6391381257763586,0.7785667831207204,4.0059231169712834,2.6221854613035673,-0.7376951317802901,0.7376951317802901,-0.4820426798824101,-0.3075623426146228,0.6158384251930635,-0.13085598064755344,-0.2359813632291101,-0.2662958158485814,-0.19611613513818404,-0.19300937626135234,-0.12168146174384352,-0.06715342778730747,-0.03352007615769955,0.5449249778098338,-0.21680296415038888,-0.5118980953829163,0.8505317485662419,-0.40583972495671383,-0.16278112867447064,-1.2316448970959013,5.885575587824865,-0.2081478487327801,-0.6981970580620328,-0.7376951317802901,0.7376951317802901,-0.7376951317802901,0.7376951317802901,-0.7376951317802901,0.7376951317802901,-0.7376951317802901,0.7376951317802901,-0.4820426798824101,-0.3075623426146228,0.6158384251930635,-0.4820426798824101,-0.3075623426146228,0.6158384251930635,-0.4820426798824101,-0.3075623426146228,0.6158384251930635,-0.13085598064755344,-0.2359813632291101,-0.2662958158485814,-0.19611613513818404,-0.19300937626135234,-0.12168146174384352,-0.06715342778730747,-0.03352007615769955,0.5449249778098338,-0.13085598064755344,-0.2359813632291101,-0.2662958158485814,-0.19611613513818404,-0.19300937626135234,-0.12168146174384352,-0.06715342778730747,-0.03352007615769955,0.5449249778098338,-0.21680296415038888,-0.5118980953829163,0.8505317485662419,-0.40583972495671383,-0.16278112867447064
0,-1.6756775942312219,0.8273772438659699,-0.47454519624983954,-0.4736736092984604,-0.4989475622371262,0.5446511676720712,-0.5095104222433947,-1.5315413136505371,-0.6244040257055189,-1.6756775942312219,0.8273772438659699,-0.47454519624983954,-0.4736736092984604,-0.4989475622371262,0.5446511676720712,-0.5095104222433947,-1.5315413136505371,-0.6244040257055189,-1.1177910052911375,-1.3293727078719602,-0.3760014818308347,-0.3895323082701867,-0.5163139371256811,-1.158871413619119,-1.137257095479265,-1.0679505131647973,-0.8484853491364271,0.8635041745453002,-0.4030649954631285,-0.4194008220350217,-0.571347415835755,0.7925352191037062,-0.11969588642374947,-1.3511866656994136,-0.3576753639798948,-0.2328872501475753,-0.28708333828187355,-0.32078666523533045,-0.39610534423349997,-0.38113017778990566,-0.3694246287326534,-0.2751579580367754,-0.2900883232983121,-0.2955781683826058,-0.3888554871521795,-0.41265547100857053,-0.2943754514063852,-0.3658086479243954,-0.19836401418550262,-0.33212765423625973,-0.5649596120861907,-0.5019144239909011,-0.4123594838653976,0.5449215208897721,-0.14575511629852972,-1.107608862589304,-0.337529114616601,-0.7538678336953983,-1.086381470456385,-0.564416590908148,-1.0507990843927357,-0.855906515359889,-0.4271559153457235,1.3555735383351193,-1.3555735383351195,-0.4820426798824101,-0.3075623426146228,0.6158384251930635,-0.13085598064755344,-0.2359813632291101,-0.2662958158485814,-0.19611613513818404,-0.19300937626135234,-0.12168146174384352,-0.06715342778730747,-0.03352007615769955,0.5449249778098338,-0.21680296415038888,1.9535138126504805,-1.175735064194511,-0.40583972495671383,-0.16278112867447064,0.8119223343984152,-0.1699069165076462,-0.2081478487327801,-0.6981970580620328,1.3555735383351193,-1.3555735383351195,1.3555735383351193,-1.3555735383351195,1.3555735383351193,-1.3555735383351195,1.3555735383351193,-1.3555735383351195,-0.4820426798824101,-0.3075623426146228,0.6158384251930635,-0.4820426798824101,-0.3075623426146228,0.6158384251930635,-0.4820426798824101,-0.3075623426146228,0.6158384251930635,-0.13085598064755344,-0.2359813632291101,-0.2662958158485814,-0.19611613513818404,-0.19300937626135234,-0.12168146174384352,-0.06715342778730747,-0.03352007615769955,0.5449249778098338,-0.13085598064755344,-0.2359813632291101,-0.2662958158485814,-0.19611613513818404,-0.19300937626135234,-0.12168146174384352,-0.06715342778730747,-0.03352007615769955,0.5449249778098338,-0.21680296415038888,1.9535138126504805,-1.175735064194511,-0.40583972495671383,-0.16278112867447064
1,-1.6717897111819615,-0.3693648410115938,-0.47454519624983954,-0.4736736092984604,-0.3177729334751485,0.5446511676720712,-0.5095104222433947,1.5713969870477085,-0.6244040257055189,-1.6717897111819615,-0.3693648410115938,-0.47454519624983954,-0.4736736092984604,-0.3177729334751485,0.5446511676720712,-0.5095104222433947,1.5713969870477085,-0.6244040257055189,-1.1176601696239779,-1.3470595642191343,-0.3760014818308347,-0.3895323082701867,-0.5108363838946112,-1.1553892195518733,-1.1353973261658912,-0.9913262610991617,-0.847571146909112,-0.5892568139740777,-0.4030649954631285,-0.4194008220350217,-0.3585091025477947,-0.04105904351514409,-0.5569533474872684,1.209712855038851,-0.5523538913507477,-0.2328872501475753,-0.28708333828187355,-0.32078666523533045,-0.39610534423349997,-0.38113017778990566,-0.3694246287326534,-0.2751579580367754,-0.2900883232983121,-0.2955781683826058,-0.3888554871521795,-0.41265547100857053,-0.2943754514063852,-0.3658086479243954,-0.18638933462246443,0.014637212060770205,-0.3936011336080709,-0.036495942035720395,-0.3750064949003859,0.5449215208897721,-0.14575511629852972,1.9899792732545456,-0.337529114616601,-0.7538678336953983,0.48431873309923607,-0.564416590908148,1.973254696598896,0.0370826007825713,-0.4271559153457235,1.3555735383351193,-1.3555735383351195,-0.4820426798824101,-0.3075623426146228,0.6158384251930635,-0.13085598064755344,-0.2359813632291101,-0.2662958158485814,-0.19611613513818404,-0.19300937626135234,-0.12168146174384352,-0.06715342778730747,-0.03352007615769955,0.5449249778098338,-0.21680296415038888,-0.5118980953829163,-1.175735064194511,2.4640269015229057,-0.16278112867447064,0.8119223343984152,-0.1699069165076462,-0.2081478487327801,-0.6981970580620328,1.3555735383351193,-1.3555735383351195,1.3555735383351193,-1.3555735383351195,1.3555735383351193,-1.3555735383351195,1.3555735383351193,-1.3555735383351195,-0.4820426798824101,-0.3075623426146228,0.6158384251930635,-0.4820426798824101,-0.3075623426146228,0.6158384251930635,-0.4820426798824101,-0.3075623426146228,0.6158384251930635,-0.13085598064755344,-0.2359813632291101,-0.2662958158485814,-0.19611613513818404,-0.19300937626135234,-0.12168146174384352,-0.06715342778730747,-0.03352007615769955,0.5449249778098338,-0.13085598064755344,-0.2359813632291101,-0.2662958158485814,-0.19611613513818404,-0.19300937626135234,-0.12168146174384352,-0.06715342778730747,-0.03352007615769955,0.5449249778098338,-0.21680296415038888,-0.5118980953829163,-1.175735064194511,2.4640269015229057,-0.16278112867447064
0,-1.667901828132701,0.8273772438659699,3.1548090514635256,0.7676298785983874,-0.056076247485625196,0.5446511676720712,-1.5366812681720423,-1.5315413136505371,2.160100413251525,-1.667901828132701,0.8273772438659699,3.1548090514635256,0.7676298785983874,-0.056076247485625196,0.5446511676720712,-1.5366812681720423,-1.5315413136505371,2.160100413251525,-1.1175208929460336,-1.3212095434040334,-0.25815114205262496,-0.35054432879836245,-0.5022391645849187,-1.1519070254846278,-1.1583556388159708,-1.0679505131647973,-0.7689497553600021,0.8635041745453002,3.364042462134573,0.9889639986931354,0.7056824638920066,0.7925352191037062,-1.1494148220340843,-1.3511866656994136,2.5625025465828988,2.2709141360544107,1.7349819139643663,1.1467132936927806,3.3009460692730155,0.08480719196967215,-0.3694246287326534,2.3157613614957673,0.07498045644575013,0.11685537156977305,0.9624460102277982,-0.22233133288781978,-0.2943754514063852,0.9007801032438802,-0.15254784890083478,0.5155197967120356,-0.5795156603148972,-0.5019144239909011,0.28074597804093004,0.5449215208897721,-1.0298513550494233,-1.107608862589304,2.354638093508921,-1.2286533543751765,-1.086381470456385,-0.4765842037601188,-1.0507990843927357,-0.855906515359889,1.7963221717943845,-0.7376951317802901,0.7376951317802901,-0.4820426798824101,3.2513733362117265,-1.6238025415294657,-0.13085598064755344,-0.2359813632291101,-0.2662958158485814,-0.19611613513818404,-0.19300937626135234,-0.12168146174384352,-0.06715342778730747,-0.03352007615769955,0.5449249778098338,4.612483062299524,-0.5118980953829163,-1.175735064194511,-0.40583972495671383,-0.16278112867447064,-1.2316448970959013,-0.1699069165076462,4.804277373453898,-0.6981970580620328,-0.7376951317802901,0.7376951317802901,-0.7376951317802901,0.7376951317802901,-0.7376951317802901,0.7376951317802901,-0.7376951317802901,0.7376951317802901,-0.4820426798824101,3.2513733362117265,-1.6238025415294657,-0.4820426798824101,3.2513733362117265,-1.6238025415294657,-0.4820426798824101,3.2513733362117265,-1.6238025415294657,-0.13085598064755344,-0.2359813632291101,-0.2662958158485814,-0.19611613513818404,-0.19300937626135234,-0.12168146174384352,-0.06715342778730747,-0.03352007615769955,0.5449249778098338,-0.13085598064755344,-0.2359813632291101,-0.2662958158485814,-0.19611613513818404,-0.19300937626135234,-0.12168146174384352,-0.06715342778730747,-0.03352007615769955,0.5449249778098338,4.612483062299524,-0.5118980953829163,-1.175735064194511,-0.40583972495671383,-0.16278112867447064
1,-1.6640139450834406,-0.3693648410115938,-0.47454519624983954,-0.4736736092984604,-0.37816447639580775,0.5446511676720712,0.96425644365423,-0.497228546751122,-0.6244040257055189,-1.6640139450834406,-0.3693648410115938,-0.47454519624983954,-0.4736736092984604,-0.37816447639580775,0.5446511676720712,0.96425644365423,-0.497228546751122,-0.6244040257055189,-1.1173731752573048,-1.34161745457385,-0.3760014818308347,-0.3895323082701867,-0.5116344380077472,-1.1484248314173824,-1.0939746144284237,-1.039216418640184,-0.8457427424544814,-0.5892568139740777,-0.4030649954631285,-0.4194008220350217,-0.4746027279775913,-0.04105904351514409,0.42799519961826915,-0.4975534921199921,-0.5523538913507477,-0.2328872501475753,-0.28708333828187355,-0.32078666523533045,-0.39610534423349997,-0.38113017778990566,-0.3694246287326534,-0.2751579580367754,-0.2900883232983121,-0.2955781683826058,-0.3888554871521795,-0.41265547100857053,-0.2943754514063852,-0.3658086479243954,-0.19142217096055295,-0.10095107670490644,-0.17194630991111728,-0.3758635851280397,-0.38745749122205647,0.5449215208897721,1.1227307914744915,-0.07507948397468743,-0.337529114616601,0.9989187709831968,0.026867934339009688,-0.22342026433344614,-0.714793108726999,-0.5582434766457356,-0.4271559153457235,-0.7376951317802901,0.7376951317802901,-0.4820426798824101,-0.3075623426146228,0.6158384251930635,-0.13085598064755344,-0.2359813632291101,-0.2662958158485814,-0.19611613513818404,-0.19300937626135234,-0.12168146174384352,-0.06715342778730747,-0.03352007615769955,0.5449249778098338,-0.21680296415038888,-0.5118980953829163,0.8505317485662419,-0.40583972495671383,-0.16278112867447064,0.8119223343984152,-0.1699069165076462,-0.2081478487327801,-0.6981970580620328,-0.7376951317802901,0.7376951317802901,-0.7376951317802901,0.7376951317802901,-0.7376951317802901,0.7376951317802901,-0.7376951317802901,0.7376951317802901,-0.4820426798824101,-0.3075623426146228,0.6158384251930635,-0.4820426798824101,-0.3075623426146228,0.6158384251930635,-0.4820426798824101,-0.3075623426146228,0.6158384251930635,-0.13085598064755344,-0.2359813632291101,-0.2662958158485814,-0.19611613513818404,-0.19300937626135234,-0.12168146174384352,-0.06715342778730747,-0.03352007615769955,0.5449249778098338,-0.13085598064755344,-0.2359813632291101,-0.2662958158485814,-0.19611613513818404,-0.19300937626135234,-0.12168146174384352,-0.06715342778730747,-0.03352007615769955,0.5449249778098338,-0.21680296415038888,-0.5118980953829163,0.8505317485662419,-0.40583972495671383,-0.16278112867447064
0,-1.6601260620341802,0.8273772438659699,0.4327933656785018,-0.4736736092984604,-0.2775119048613757,0.5446511676720712,-0.5095104222433947,0.19231329784848822,-0.0675031379141101,-1.6601260620341802,0.8273772438659699,0.4327933656785018,-0.4736736092984604,-0.2775119048613757,0.5446511676720712,-0.5095104222433947,0.19231329784848822,-0.0675031379141101,-1.1172170165577917,-1.3130463789361069,-0.34307271042221726,-0.3895323082701867,-0.5077167178159886,-1.1449426373501368,-1.1298180182257695,-1.0173997913159405,-0.8274586979081768,0.8635041745453002,0.5387118689362969,-0.4194008220350217,0.0671675240281258,0.7925352191037062,-0.11969588642374947,0.7828962682491402,0.2263602181326639,-0.07639966350995119,-0.28708333828187355,-0.09307115436717528,0.5281575091431288,0.16061446244642888,0.6923732557860374,-0.05924801474239681,-0.2900883232983121,-0.2955781683826058,-0.3888554871521795,-0.41265547100857053,-0.2943754514063852,-0.3658086479243954,-0.1824556234616596,0.09169607123788796,-0.3555214717240443,-0.2110278727689132,-0.29199985275591556,0.5449215208897721,-0.14575511629852972,0.6132734351017236,0.20090432700850336,-0.7538678336953983,-0.21377024625881774,-0.26165318579788244,-0.1174491519879112,0.13630361368728913,-0.23657207930514282,1.3555735383351193,-1.3555735383351195,-0.4820426798824101,-0.3075623426146228,0.6158384251930635,-0.13085598064755344,-0.2359813632291101,-0.2662958158485814,-0.19611613513818404,-0.19300937626135234,-0.12168146174384352,-0.06715342778730747,-0.03352007615769955,0.5449249778098338,-0.21680296415038888,-0.5118980953829163,-1.175735064194511,2.4640269015229057,-0.16278112867447064,-1.2316448970959013,-0.1699069165076462,-0.2081478487327801,1.4322604033532795,1.3555735383351193,-1.3555735383351195,1.3555735383351193,-1.3555735383351195,1.3555735383351193,-1.3555735383351195,1.3555735383351193,-1.3555735383351195,-0.4820426798824101,-0.3075623426146228,0.6158384251930635,-0.4820426798824101,-0.3075623426146228,0.6158384251930635,-0.4820426798824101,-0.3075623426146228,0.6158384251930635,-0.13085598064755344,-0.2359813632291101,-0.2662958158485814,-0.19611613513818404,-0.19300937626135234,-0.12168146174384352,-0.06715342778730747,-0.03352007615769955,0.5449249778098338,-0.13085598064755344,-0.2359813632291101,-0.2662958158485814,-0.19611613513818404,-0.19300937626135234,-0.12168146174384352,-0.06715342778730747,-0.03352007615769955,0.5449249778098338,-0.21680296415038888,-0.5118980953829163,-1.175735064194511,2.4640269015229057,-0.16278112867447064
1,-1.6562381789849199,0.8273772438659699,-0.47454519624983954,-0.4736736092984604,-0.4989475622371262,0.5446511676720712,-1.3133832581875537,-0.1524576244513169,-0.6244040257055189,-1.6562381789849199,0.8273772438659699,-0.47454519624983954,-0.4736736092984604,-0.4989475622371262,0.5446511676720712,-1.3133832581875537,-0.1524576244513169,-0.6244040257055189,-1.117052416847494,-1.3089647967021436,-0.3760014818308347,-0.3895323082701867,-0.5150443055820556,-1.1414604432828912,-1.1508086568582863,-1.0253814842394442,-0.8439143379998509,0.8635041745453002,-0.4030649954631285,-0.4194008220350217,-0.571347415835755,0.7925352191037062,-0.9255628795100984,0.3560796814594294,-0.3576753639798948,-0.2328872501475753,-0.28708333828187355,-0.32078666523533045,-0.39610534423349997,-0.38113017778990566,-0.3694246287326534,-0.2751579580367754,-0.2900883232983121,-0.2955781683826058,-0.3888554871521795,-0.41265547100857053,-0.2943754514063852,-0.3658086479243954,-0.19836401418550262,-0.33212765423625973,-0.6468373833726644,-0.41141638583294937,-0.4123594838653976,0.5449215208897721,-0.8376565205383595,0.2690969755635181,-0.337529114616601,-1.177626087863427,-0.8171526149360434,-0.7504145872216218,-0.45345512765364804,-0.4590224637410178,-0.4271559153457235,1.3555735383351193,-1.3555735383351195,2.0745051044939435,-0.3075623426146228,-1.6238025415294657,-0.13085598064755344,-0.2359813632291101,-0.2662958158485814,-0.19611613513818404,-0.19300937626135234,-0.12168146174384352,-0.06715342778730747,-0.03352007615769955,0.5449249778098338,-0.21680296415038888,-0.5118980953829163,-1.175735064194511,2.4640269015229057,-0.16278112867447064,0.8119223343984152,-0.1699069165076462,-0.2081478487327801,-0.6981970580620328,1.3555735383351193,-1.3555735383351195,1.3555735383351193,-1.3555735383351195,1.3555735383351193,-1.3555735383351195,1.3555735383351193,-1.3555735383351195,2.0745051044939435,-0.3075623426146228,-1.6238025415294657,2.0745051044939435,-0.3075623426146228,-1.6238025415294657,2.0745051044939435,-0.3075623426146228,-1.6238025415294657,-0.13085598064755344,-0.2359813632291101,-0.2662958158485814,-0.19611613513818404,-0.19300937626135234,-0.12168146174384352,-0.06715342778730747,-0.03352007615769955,0.5449249778098338,-0.13085598064755344,-0.2359813632291101,-0.2662958158485814,-0.19611613513818404,-0.19300937626135234,-0.12168146174384352,-0.06715342778730747,-0.03352007615769955,0.5449249778098338,-0.21680296415038888,-0.5118980953829163,-1.175735064194511,2.4640269015229057,-0.16278112867447064
0,-1.6523502959356595,-0.3693648410115938,-0.47454519624983954,-0.4736736092984604,-0.11646779040628442,0.5446511676720712,0.96425644365423,0.5370842201482933,-0.0675031379141101,-1.6523502959356595,-0.3693648410115938,-0.47454519624983954,-0.4736736092984604,-0.11646779040628442,0.5446511676720712,0.96425644365423,0.5370842201482933,-0.0675031379141101,-1.1168793761264117,-1.3334542901059234,-0.3760014818308347,-0.3895323082701867,-0.5003165796760001,-1.1379782492156456,-1.082111444303182,-1.0009042926073661,-0.8238018889989159,-0.5892568139740777,-0.4030649954631285,-0.4194008220350217,0.028469648884860296,-0.04105904351514409,0.42799519961826915,0.3560796814594294,-0.1629968366090419,-0.2328872501475753,-0.28708333828187355,-0.32078666523533045,-0.39610534423349997,-0.38113017778990566,-0.3694246287326534,-0.2751579580367754,-0.2900883232983121,-0.2955781683826058,-0.3888554871521795,-0.41265547100857053,-0.2943754514063852,-0.3658086479243954,-0.16209288333514058,0.399931507946359,0.35434580885804934,0.002288931460544671,-0.22559453904033924,0.5449215208897721,1.1227307914744915,0.9574498946399291,0.20090432700850336,0.9989187709831968,1.1401173391344044,0.42033946735152133,0.29322481827021163,0.33474563949672476,-0.23657207930514282,-0.7376951317802901,0.7376951317802901,-0.4820426798824101,-0.3075623426146228,0.6158384251930635,-0.13085598064755344,-0.2359813632291101,-0.2662958158485814,-0.19611613513818404,-0.19300937626135234,-0.12168146174384352,-0.06715342778730747,-0.03352007615769955,0.5449249778098338,-0.21680296415038888,-0.5118980953829163,0.8505317485662419,-0.40583972495671383,-0.16278112867447064,0.8119223343984152,-0.1699069165076462,-0.2081478487327801,-0.6981970580620328,-0.7376951317802901,0.7376951317802901,-0.7376951317802901,0.7376951317802901,-0.7376951317802901,0.7376951317802901,-0.7376951317802901,0.7376951317802901,-0.4820426798824101,-0.3075623426146228,0.6158384251930635,-0.4820426798824101,-0.3075623426146228,0.6158384251930635,-0.4820426798824101,-0.3075623426146228,0.6158384251930635,-0.13085598064755344,-0.2359813632291101,-0.2662958158485814,-0.19611613513818404,-0.19300937626135234,-0.12168146174384352,-0.06715342778730747,-0.03352007615769955,0.5449249778098338,-0.13085598064755344,-0.2359813632291101,-0.2662958158485814,-0.19611613513818404,-0.19300937626135234,-0.12168146174384352,-0.06715342778730747,-0.03352007615769955,0.5449249778098338,-0.21680296415038888,-0.5118980953829163,0.8505317485662419,-0.40583972495671383,-0.16278112867447064
1,-1.6484624128863992,-0.3693648410115938,-0.47454519624983954,-0.4736736092984604,-0.37816447639580775,-1.8668102534866975,0.96425644365423,0.5370842201482933,-0.6244040257055189,-1.6484624128863992,-0.3693648410115938,-0.47454519624983954,-0.4736736092984604,-0.37816447639580775,-1.8668102534866975,0.96425644365423,0.5370842201482933,-0.6244040257055189,-1.1166978943945451,-1.3307332352832812,-0.3760014818308347,-0.3895323082701867,-0.5097481282857893,-1.207628998793431,-1.078157054261435,-0.9977116154379646,-0.8420859335452205,-0.5892568139740777,-0.4030649954631285,-0.4194008220350217,-0.4746027279775913,-1.6326157421641523,0.42799519961826915,0.3560796814594294,-0.5523538913507477,-0.2328872501475753,-0.28708333828187355,-0.32078666523533045,-0.39610534423349997,-0.38113017778990566,-0.3694246287326534,-0.2751579580367754,-0.2900883232983121,-0.2955781683826058,-0.3888554871521795,-0.41265547100857053,-0.2943754514063852,-0.3658086479243954,-0.19142217096055295,-0.5791111772398423,-0.17194630991111728,-0.24981274626517824,-0.38745749122205647,-1.8399449636419904,-1.163379379720384,-1.0139276960877806,-0.8515365815723219,0.9989187709831968,1.1401173391344044,-0.22342026433344614,0.29322481827021163,-0.26058043793158214,-0.4271559153457235,-0.7376951317802901,0.7376951317802901,-0.4820426798824101,-0.3075623426146228,0.6158384251930635,-0.13085598064755344,-0.2359813632291101,-0.2662958158485814,5.099019513592785,-0.19300937626135234,-0.12168146174384352,-0.06715342778730747,-0.03352007615769955,-1.8351149988007645,-0.21680296415038888,-0.5118980953829163,0.8505317485662419,-0.40583972495671383,-0.16278112867447064,0.8119223343984152,-0.1699069165076462,-0.2081478487327801,-0.6981970580620328,-0.7376951317802901,0.7376951317802901,-0.7376951317802901,0.7376951317802901,-0.7376951317802901,0.7376951317802901,-0.7376951317802901,0.7376951317802901,-0.4820426798824101,-0.3075623426146228,0.6158384251930635,-0.4820426798824101,-0.3075623426146228,0.6158384251930635,-0.4820426798824101,-0.3075623426146228,0.6158384251930635,-0.13085598064755344,-0.2359813632291101,-0.2662958158485814,5.099019513592785,-0.19300937626135234,-0.12168146174384352,-0.06715342778730747,-0.03352007615769955,-1.8351149988007645,-0.13085598064755344,-0.2359813632291101,-0.2662958158485814,5.099019513592785,-0.19300937626135234,-0.12168146174384352,-0.06715342778730747,-0.03352007615769955,-1.8351149988007645,-0.21680296415038888,-0.5118980953829163,0.8505317485662419,-0.40583972495671383,-0.16278112867447064
1,-1.6445745298371388,0.8273772438659699,-0.47454519624983954,-0.4736736092984604,-0.4788170479302398,0.5446511676720712,-1.5500791487711116,-1.5315413136505371,-0.6244040257055189,-1.6445745298371388,0.8273772438659699,-0.47454519624983954,-0.4736736092984604,-0.4788170479302398,0.5446511676720712,-1.5500791487711116,-1.5315413136505371,-0.6244040257055189,-1.116507971651894,-1.2967200500002536,-0.3760014818308347,-0.3895323082701867,-0.5134481973557836,-1.1310138610811544,-1.1563943121339484,-1.0679505131647973,-0.8411717313179053,0.8635041745453002,-0.4030649954631285,-0.4194008220350217,-0.5133006031208568,0.7925352191037062,-1.1628459385855234,-1.3511866656994136,-0.3576753639798948,-0.2328872501475753,-0.28708333828187355,-0.32078666523533045,-0.39610534423349997,-0.38113017778990566,-0.3694246287326534,-0.2751579580367754,-0.2900883232983121,-0.2955781683826058,-0.3888554871521795,-0.41265547100857053,-0.2943754514063852,-0.3658086479243954,-0.1974962837823839,-0.29359822464770086,-0.6670468967616273,-0.5019144239909011,-0.40820915175817407,0.5449215208897721,-1.0413830451200872,-1.107608862589304,-0.337529114616601,-1.2307930204368625,-1.086381470456385,-0.8051806639139224,-1.0507990843927357,-0.855906515359889,-0.4271559153457235,1.3555735383351193,-1.3555735383351195,-0.4820426798824101,3.2513733362117265,-1.6238025415294657,-0.13085598064755344,-0.2359813632291101,-0.2662958158485814,-0.19611613513818404,-0.19300937626135234,-0.12168146174384352,-0.06715342778730747,-0.03352007615769955,0.5449249778098338,-0.21680296415038888,1.9535138126504805,-1.175735064194511,-0.40583972495671383,-0.16278112867447064,0.8119223343984152,-0.1699069165076462,-0.2081478487327801,-0.6981970580620328,1.3555735383351193,-1.3555735383351195,1.3555735383351193,-1.3555735383351195,1.3555735383351193,-1.3555735383351195,1.3555735383351193,-1.3555735383351195,-0.4820426798824101,3.2513733362117265,-1.6238025415294657,-0.4820426798824101,3.2513733362117265,-1.6238025415294657,-0.4820426798824101,3.2513733362117265,-1.6238025415294657,-0.13085598064755344,-0.2359813632291101,-0.2662958158485814,-0.19611613513818404,-0.19300937626135234,-0.12168146174384352,-0.06715342778730747,-0.03352007615769955,0.5449249778098338,-0.13085598064755344,-0.2359813632291101,-0.2662958158485814,-0.19611613513818404,-0.19300937626135234,-0.12168146174384352,-0.06715342778730747,-0.03352007615769955,0.5449249778098338,-0.21680296415038888,1.9535138126504805,-1.175735064194511,-0.40583972495671383,-0.16278112867447064
1,-1.6406866467878785,-1.5661069258891576,-0.47454519624983954,-0.4736736092984604,0.06470683835569327,-1.9265985531848488,0.96425644365423,-0.1524576244513169,-0.6244040257055189,-1.6406866467878785,-1.5661069258891576,-0.47454519624983954,-0.4736736092984604,0.06470683835569327,-1.9265985531848488,0.96425644365423,-0.1524576244513169,-0.6244040257055189,-1.1163096078984582,-1.3579437835097032,-0.3760014818308347,-0.3895323082701867,-0.48965167470954607,-1.209291111149,-1.0702482741779404,-1.0168676784543735,-0.84025752909059,-1.4609134070857044,-0.4030649954631285,-0.4194008220350217,-0.30046228983289647,-1.6901616971772877,-0.5017365349980186,-0.7820978833131326,-0.7470324187216006,-0.2328872501475753,-0.28708333828187355,-0.32078666523533045,-0.39610534423349997,-0.38113017778990566,-0.3694246287326534,-0.2751579580367754,-0.2900883232983121,-0.2955781683826058,-0.3888554871521795,-0.41265547100857053,-0.2943754514063852,-0.3658086479243954,-0.1303339505809958,-0.5725756132465167,0.718701891082857,-0.04942423320114208,-0.29615018486313904,-1.8437381397128192,-1.2200597971880256,-1.0777395051540357,-0.8642805683563481,0.9989187709831968,0.3979510692708079,-0.22342026433344614,-0.45345512765364804,-0.4590224637410178,-0.4271559153457235,-0.7376951317802901,0.7376951317802901,-0.4820426798824101,-0.3075623426146228,0.6158384251930635,7.64198926981712,-0.2359813632291101,-0.2662958158485814,-0.19611613513818404,-0.19300937626135234,-0.12168146174384352,-0.06715342778730747,-0.03352007615769955,-1.8351149988007645,-0.21680296415038888,-0.5118980953829163,0.8505317485662419,-0.40583972495671383,-0.16278112867447064,0.8119223343984152,-0.1699069165076462,-0.2081478487327801,-0.6981970580620328,-0.7376951317802901,0.7376951317802901,-0.7376951317802901,0.7376951317802901,-0.7376951317802901,0.7376951317802901,-0.7376951317802901,0.7376951317802901,-0.4820426798824101,-0.3075623426146228,0.6158384251930635,-0.4820426798824101,-0.3075623426146228,0.6158384251930635,-0.4820426798824101,-0.3075623426146228,0.6158384251930635,7.64198926981712,-0.2359813632291101,-0.2662958158485814,-0.19611613513818404,-0.19300937626135234,-0.12168146174384352,-0.06715342778730747,-0.03352007615769955,-1.8351149988007645,7.64198926981712,-0.2359813632291101,-0.2662958158485814,-0.19611613513818404,-0.19300937626135234,-0.12168146174384352,-0.06715342778730747,-0.03352007615769955,-1.8351149988007645,-0.21680296415038888,-0.5118980953829163,0.8505317485662419,-0.40583972495671383,-0.16278112867447064
0,-1.636798763738618,0.8273772438659699,2.2474704895351842,0.7676298785983874,-0.2171203619407165,0.5446511676720712,-0.5095104222433947,-1.5315413136505371,1.6031995254601163,-1.636798763738618,0.8273772438659699,2.2474704895351842,0.7676298785983874,-0.2171203619407165,0.5446511676720712,-0.5095104222433947,-1.5315413136505371,1.6031995254601163,-1.116102803134238,-1.288556885532327,-0.24601948942839746,-0.3321970443410334,-0.5010783586021753,-1.1240494729466635,-1.118659402345526,-1.0679505131647973,-0.7479231041317519,0.8635041745453002,2.4222655977351475,0.9889639986931354,0.24130796217282058,0.7925352191037062,-0.11969588642374947,-1.3511866656994136,1.9784669644703399,1.1755010295910417,1.2294656009028064,0.4762176228032127,2.3766832158963864,1.244103742919098,-0.3694246287326534,1.3441666166710637,0.07498045644575013,0.0030806019277374976,0.9624460102277982,0.4725028221561908,-0.2943754514063852,0.6896819780491676,-0.1756873263173337,0.20728436000356462,-0.29840197889800435,-0.5019144239909011,-0.00562693735749274,0.5449215208897721,-0.14575511629852972,-1.107608862589304,1.8162046518838164,-0.7538678336953983,-1.086381470456385,0.6466370295329145,-1.0507990843927357,-0.855906515359889,1.097514772978922,1.3555735383351193,-1.3555735383351195,-0.4820426798824101,-0.3075623426146228,0.6158384251930635,-0.13085598064755344,-0.2359813632291101,-0.2662958158485814,-0.19611613513818404,-0.19300937626135234,-0.12168146174384352,-0.06715342778730747,-0.03352007615769955,0.5449249778098338,-0.21680296415038888,1.9535138126504805,-1.175735064194511,-0.40583972495671383,-0.16278112867447064,-1.2316448970959013,-0.1699069165076462,4.804277373453898,-0.6981970580620328,1.3555735383351193,-1.3555735383351195,1.3555735383351193,-1.3555735383351195,1.3555735383351193,-1.3555735383351195,1.3555735383351193,-1.3555735383351195,-0.4820426798824101,-0.3075623426146228,0.6158384251930635,-0.4820426798824101,-0.3075623426146228,0.6158384251930635,-0.4820426798824101,-0.3075623426146228,0.6158384251930635,-0.13085598064755344,-0.2359813632291101,-0.2662958158485814,-0.19611613513818404,-0.19300937626135234,-0.12168146174384352,-0.06715342778730747,-0.03352007615769955,0.5449249778098338,-0.13085598064755344,-0.2359813632291101,-0.2662958158485814,-0.19611613513818404,-0.19300937626135234,-0.12168146174384352,-0.06715342778730747,-0.03352007615769955,0.5449249778098338,-0.21680296415038888,1.9535138126504805,-1.175735064194511,-0.40583972495671383,-0.16278112867447064
1,-1.6329108806893577,0.8273772438659699,0.4327933656785018,5.73284383018578,-0.01581521887185237,0.5446511676720712,-0.5095104222433947,0.8818551424480984,2.717001301042934,-1.6329108806893577,0.8273772438659699,0.4327933656785018,5.73284383018578,-0.01581521887185237,0.5446511676720712,-0.5095104222433947,0.8818551424480984,2.717001301042934,-1.1158875573592333,-1.2844753032983638,-0.33094105779798977,-0.09138893583858973,-0.4908850310662108,-1.1205672788794179,-1.1167996330321524,-0.9711059723596189,-0.6958135771747838,0.8635041745453002,0.5387118689362969,6.622423281605764,0.8217760893218031,0.7925352191037062,-0.11969588642374947,1.6365294418285616,3.1465381286954575,-0.07639966350995119,2.240498227025926,0.07139004792649235,0.5281575091431288,0.16061446244642888,1.1170924095935137,0.4805268434935496,8.836631170303242,1.908807993431833,6.367651999747709,4.0131359948152365,7.193469941830257,7.022625733890546,-0.1456060056758851,0.5925786558891535,-0.10800366947787121,0.1994453717332254,0.45921025865154136,0.5449215208897721,-0.14575511629852972,1.3016263541781348,2.8930715351340255,-0.7538678336953983,0.13527424342020916,1.2521638397534456,0.7785667831207204,4.0059231169712834,2.6221854613035673,1.3555735383351193,-1.3555735383351195,-0.4820426798824101,-0.3075623426146228,0.6158384251930635,-0.13085598064755344,-0.2359813632291101,-0.2662958158485814,-0.19611613513818404,-0.19300937626135234,-0.12168146174384352,-0.06715342778730747,-0.03352007615769955,0.5449249778098338,-0.21680296415038888,-0.5118980953829163,-1.175735064194511,2.4640269015229057,-0.16278112867447064,-1.2316448970959013,5.885575587824865,-0.2081478487327801,-0.6981970580620328,1.3555735383351193,-1.3555735383351195,1.3555735383351193,-1.3555735383351195,1.3555735383351193,-1.3555735383351195,1.3555735383351193,-1.3555735383351195,-0.4820426798824101,-0.3075623426146228,0.6158384251930635,-0.4820426798824101,-0.3075623426146228,0.6158384251930635,-0.4820426798824101,-0.3075623426146228,0.6158384251930635,-0.13085598064755344,-0.2359813632291101,-0.2662958158485814,-0.19611613513818404,-0.19300937626135234,-0.12168146174384352,-0.06715342778730747,-0.03352007615769955,0.5449249778098338,-0.13085598064755344,-0.2359813632291101,-0.2662958158485814,-0.19611613513818404,-0.19300937626135234,-0.12168146174384352,-0.06715342778730747,-0.03352007615769955,0.5449249778098338,-0.21680296415038888,-0.5118980953829163,-1.175735064194511,2.4640269015229057,-0.16278112867447064
0,-1.6290229976400974,0.8273772438659699,-0.47454519624983954,-0.4736736092984604,-0.4989475622371262,0.5446511676720712,-1.1168810094012038,-0.497228546751122,-0.6244040257055189,-1.6290229976400974,0.8273772438659699,-0.47454519624983954,-0.4736736092984604,-0.4989475622371262,0.5446511676720712,-1.1168810094012038,-0.497228546751122,-0.6244040257055189,-1.115663870573444,-1.2803937210644005,-0.3760014818308347,-0.3895323082701867,-0.5132668214209799,-1.1170850848121723,-1.138247279823587,-1.0248493713778772,-0.8375149224086443,0.8635041745453002,-0.4030649954631285,-0.4194008220350217,-0.571347415835755,0.7925352191037062,-0.7285731700889909,-0.07073690533028135,-0.3576753639798948,-0.2328872501475753,-0.28708333828187355,-0.32078666523533045,-0.39610534423349997,-0.38113017778990566,-0.3694246287326534,-0.2751579580367754,-0.2900883232983121,-0.2955781683826058,-0.3888554871521795,-0.41265547100857053,-0.2943754514063852,-0.3658086479243954,-0.19836401418550262,-0.33212765423625973,-0.626822817058193,-0.4340408953724373,-0.4123594838653976,0.5449215208897721,-0.6685250661686233,-0.07507948397468743,-0.337529114616601,-1.1087392780725651,-0.805835472779215,-0.7049484103449949,-0.714793108726999,-0.5582434766457356,-0.4271559153457235,-0.7376951317802901,0.7376951317802901,2.0745051044939435,-0.3075623426146228,-1.6238025415294657,-0.13085598064755344,-0.2359813632291101,-0.2662958158485814,-0.19611613513818404,-0.19300937626135234,-0.12168146174384352,-0.06715342778730747,-0.03352007615769955,0.5449249778098338,-0.21680296415038888,-0.5118980953829163,0.8505317485662419,-0.40583972495671383,-0.16278112867447064,0.8119223343984152,-0.1699069165076462,-0.2081478487327801,-0.6981970580620328,-0.7376951317802901,0.7376951317802901,-0.7376951317802901,0.7376951317802901,-0.7376951317802901,0.7376951317802901,-0.7376951317802901,0.7376951317802901,2.0745051044939435,-0.3075623426146228,-1.6238025415294657,2.0745051044939435,-0.3075623426146228,-1.6238025415294657,2.0745051044939435,-0.3075623426146228,-1.6238025415294657,-0.13085598064755344,-0.2359813632291101,-0.2662958158485814,-0.19611613513818404,-0.19300937626135234,-0.12168146174384352,-0.06715342778730747,-0.03352007615769955,0.5449249778098338,-0.13085598064755344,-0.2359813632291101,-0.2662958158485814,-0.19611613513818404,-0.19300937626135234,-0.12168146174384352,-0.06715342778730747,-0.03352007615769955,0.5449249778098338,-0.21680296415038888,-0.5118980953829163,0.8505317485662419,-0.40583972495671383,-0.16278112867447064
0,-1.6251351145908368,-1.5661069258891576,2.2474704895351842,2.0089333664952354,4.654464100325796,-1.747233654090395,0.96425644365423,-1.1867703913507321,2.160100413251525,-1.6251351145908368,-1.5661069258891576,2.2474704895351842,2.0089333664952354,4.654464100325796,-1.747233654090395,0.96425644365423,-1.1867703913507321,2.160100413251525,-1.1154317427768705,-1.3525016738644189,-0.230421650340105,-0.2611013170688834,-0.25299235497775674,-1.2020657301652873,-1.0544307140109517,-1.0530513530409238,-0.708612408357197,-1.4609134070857044,0.5387118689362969,0.5195090584504164,4.111095476499371,-1.6309715720209197,-0.5017365349980186,-1.2089144701028434,0.2263602181326639,1.1755010295910417,2.746014540087486,9.660743227818806,-0.1390618287973961,3.0745719812602963,0.2676541019785611,1.6680315316126317,1.1701867956779368,7.185112935581231,-0.13831832590224283,3.351533038490722,0.13350142820713717,2.167368854412156,3.800137683385509,0.33753967028914633,9.949055974111317,0.3481207201355748,6.107812256582751,-1.8243260033503432,-1.050018544785101,-1.0757029580561766,-0.5764788668170912,0.9989187709831968,-0.7152983355245868,2.995378394091391,-1.0134650870965427,-0.26058043793158214,1.7963221717943845,-0.7376951317802901,0.7376951317802901,-0.4820426798824101,-0.3075623426146228,0.6158384251930635,-0.13085598064755344,-0.2359813632291101,3.755222352305419,-0.19611613513818404,-0.19300937626135234,-0.12168146174384352,-0.06715342778730747,-0.03352007615769955,-1.8351149988007645,-0.21680296415038888,-0.5118980953829163,0.8505317485662419,-0.40583972495671383,-0.16278112867447064,-1.2316448970959013,-0.1699069165076462,4.804277373453898,-0.6981970580620328,-0.7376951317802901,0.7376951317802901,-0.7376951317802901,0.7376951317802901,-0.7376951317802901,0.7376951317802901,-0.7376951317802901,0.7376951317802901,-0.4820426798824101,-0.3075623426146228,0.6158384251930635,-0.4820426798824101,-0.3075623426146228,0.6158384251930635,-0.4820426798824101,-0.3075623426146228,0.6158384251930635,-0.13085598064755344,-0.2359813632291101,3.755222352305419,-0.19611613513818404,-0.19300937626135234,-0.12168146174384352,-0.06715342778730747,-0.03352007615769955,-1.8351149988007645,-0.13085598064755344,-0.2359813632291101,3.755222352305419,-0.19611613513818404,-0.19300937626135234,-0.12168146174384352,-0.06715342778730747,-0.03352007615769955,-1.8351149988007645,-0.21680296415038888,-0.5118980953829163,0.8505317485662419,-0.40583972495671383,-0.16278112867447064
1,-1.6212472315415765,0.8273772438659699,-0.47454519624983954,-0.4736736092984604,-0.4989475622371262,0.5446511676720712,-1.5500791487711116,-0.497228546751122,-0.6244040257055189,-1.6212472315415765,0.8273772438659699,-0.47454519624983954,-0.4736736092984604,-0.4989475622371262,0.5446511676720712,-1.5500791487711116,-0.497228546751122,-0.6244040257055189,-1.1151911739695124,-1.2722305565964738,-0.3760014818308347,-0.3895323082701867,-0.5127589688035298,-1.110120696677681,-1.1541092713393595,-1.0216566942084757,-0.8356865179540139,0.8635041745453002,-0.4030649954631285,-0.4194008220350217,-0.571347415835755,0.7925352191037062,-1.1628459385855234,-0.07073690533028135,-0.3576753639798948,-0.2328872501475753,-0.28708333828187355,-0.32078666523533045,-0.39610534423349997,-0.38113017778990566,-0.3694246287326534,-0.2751579580367754,-0.2900883232983121,-0.2955781683826058,-0.3888554871521795,-0.41265547100857053,-0.2943754514063852,-0.3658086479243954,-0.19836401418550262,-0.33212765423625973,-0.6709458382514594,-0.4340408953724373,-0.4123594838653976,0.5449215208897721,-1.0413830451200872,-0.07507948397468743,-0.337529114616601,-1.2307930204368625,-0.9791664394969569,-0.8051806639139224,-0.714793108726999,-0.5582434766457356,-0.4271559153457235,1.3555735383351193,-1.3555735383351195,-0.4820426798824101,3.2513733362117265,-1.6238025415294657,-0.13085598064755344,-0.2359813632291101,-0.2662958158485814,-0.19611613513818404,-0.19300937626135234,-0.12168146174384352,-0.06715342778730747,-0.03352007615769955,0.5449249778098338,-0.21680296415038888,1.9535138126504805,-1.175735064194511,-0.40583972495671383,-0.16278112867447064,0.8119223343984152,-0.1699069165076462,-0.2081478487327801,-0.6981970580620328,1.3555735383351193,-1.3555735383351195,1.3555735383351193,-1.3555735383351195,1.3555735383351193,-1.3555735383351195,1.3555735383351193,-1.3555735383351195,-0.4820426798824101,3.2513733362117265,-1.6238025415294657,-0.4820426798824101,3.2513733362117265,-1.6238025415294657,-0.4820426798824101,3.2513733362117265,-1.6238025415294657,-0.13085598064755344,-0.2359813632291101,-0.2662958158485814,-0.19611613513818404,-0.19300937626135234,-0.12168146174384352,-0.06715342778730747,-0.03352007615769955,0.5449249778098338,-0.13085598064755344,-0.2359813632291101,-0.2662958158485814,-0.19611613513818404,-0.19300937626135234,-0.12168146174384352,-0.06715342778730747,-0.03352007615769955,0.5449249778098338,-0.21680296415038888,1.9535138126504805,-1.175735064194511,-0.40583972495671383,-0.16278112867447064
0,-1.617359348492316,0.8273772438659699,-0.47454519624983954,-0.4736736092984604,-0.4989475622371262,0.5446511676720712,0.96425644365423,0.5370842201482933,-0.6244040257055189,-1.617359348492316,0.8273772438659699,-0.47454519624983954,-0.4736736092984604,-0.4989475622371262,0.5446511676720712,0.96425644365423,0.5370842201482933,-0.6244040257055189,-1.1149421641513697,-1.2681489743625105,-0.3760014818308347,-0.3895323082701867,-0.5125050424948047,-1.1066385026104355,-1.0465219339274572,-0.9721701980827527,-0.8347723157266987,0.8635041745453002,-0.4030649954631285,-0.4194008220350217,-0.571347415835755,0.7925352191037062,1.3577269342345568,1.209712855038851,-0.3576753639798948,-0.2328872501475753,-0.28708333828187355,-0.32078666523533045,-0.39610534423349997,-0.38113017778990566,-0.3694246287326534,-0.2751579580367754,-0.2900883232983121,-0.2955781683826058,-0.3888554871521795,-0.41265547100857053,-0.2943754514063852,-0.3658086479243954,-0.19836401418550262,-0.33212765423625973,-0.41485036472765574,-0.36616736675397343,-0.4123594838653976,0.5449215208897721,1.1227307914744915,0.9574498946399291,-0.337529114616601,0.9989187709831968,1.1401173391344044,-0.22342026433344614,0.29322481827021163,-0.26058043793158214,-0.4271559153457235,-0.7376951317802901,0.7376951317802901,-0.4820426798824101,-0.3075623426146228,0.6158384251930635,-0.13085598064755344,-0.2359813632291101,-0.2662958158485814,-0.19611613513818404,-0.19300937626135234,-0.12168146174384352,-0.06715342778730747,-0.03352007615769955,0.5449249778098338,-0.21680296415038888,-0.5118980953829163,0.8505317485662419,-0.40583972495671383,-0.16278112867447064,0.8119223343984152,-0.1699069165076462,-0.2081478487327801,-0.6981970580620328,-0.7376951317802901,0.7376951317802901,-0.7376951317802901,0.7376951317802901,-0.7376951317802901,0.7376951317802901,-0.7376951317802901,0.7376951317802901,-0.4820426798824101,-0.3075623426146228,0.6158384251930635,-0.4820426798824101,-0.3075623426146228,0.6158384251930635,-0.4820426798824101,-0.3075623426146228,0.6158384251930635,-0.13085598064755344,-0.2359813632291101,-0.2662958158485814,-0.19611613513818404,-0.19300937626135234,-0.12168146174384352,-0.06715342778730747,-0.03352007615769955,0.5449249778098338,-0.13085598064755344,-0.2359813632291101,-0.2662958158485814,-0.19611613513818404,-0.19300937626135234,-0.12168146174384352,-0.06715342778730747,-0.03352007615769955,0.5449249778098338,-0.21680296415038888,-0.5118980953829163,0.8505317485662419,-0.40583972495671383,-0.16278112867447064
0,-1.6134714654430558,-1.5661069258891576,-0.47454519624983954,-0.4736736092984604,-0.09633727609939802,0.5446511676720712,-1.1168810094012038,0.8818551424480984,-0.6244040257055189,-1.6134714654430558,-1.5661069258891576,-0.47454519624983954,-0.4736736092984604,-0.09633727609939802,0.5446511676720712,-1.1168810094012038,0.8818551424480984,-0.6244040257055189,-1.1146847133224425,-1.3484200916304554,-0.3760014818308347,-0.3895323082701867,-0.4897605002704282,-1.10315630854319,-1.134261153104137,-0.952482022204777,-0.8338581134993834,-1.4609134070857044,-0.4030649954631285,-0.4194008220350217,-0.4552537904059585,-0.8746533061339944,-1.1971699031058678,-0.35528129652342183,-0.7470324187216006,-0.2328872501475753,-0.28708333828187355,-0.32078666523533045,-0.39610534423349997,-0.38113017778990566,-0.3694246287326534,-0.2751579580367754,-0.2900883232983121,-0.2955781683826058,-0.3888554871521795,-0.41265547100857053,-0.2943754514063852,-0.3658086479243954,-0.15902690257745447,0.4384609375349179,-0.4227782124236476,0.1089473335752736,-0.3293528417209272,0.5449215208897721,-0.6685250661686233,1.3016263541781348,-0.337529114616601,-1.1087392780725651,-0.4317741425429881,-0.7049484103449949,0.7785667831207204,-0.16135942502686434,-0.4271559153457235,-0.7376951317802901,0.7376951317802901,2.0745051044939435,-0.3075623426146228,-1.6238025415294657,-0.13085598064755344,-0.2359813632291101,-0.2662958158485814,-0.19611613513818404,-0.19300937626135234,-0.12168146174384352,-0.06715342778730747,-0.03352007615769955,0.5449249778098338,-0.21680296415038888,-0.5118980953829163,-1.175735064194511,-0.40583972495671383,6.1432182473669785,0.8119223343984152,-0.1699069165076462,-0.2081478487327801,-0.6981970580620328,-0.7376951317802901,0.7376951317802901,-0.7376951317802901,0.7376951317802901,-0.7376951317802901,0.7376951317802901,-0.7376951317802901,0.7376951317802901,2.0745051044939435,-0.3075623426146228,-1.6238025415294657,2.0745051044939435,-0.3075623426146228,-1.6238025415294657,2.0745051044939435,-0.3075623426146228,-1.6238025415294657,-0.13085598064755344,-0.2359813632291101,-0.2662958158485814,-0.19611613513818404,-0.19300937626135234,-0.12168146174384352,-0.06715342778730747,-0.03352007615769955,0.5449249778098338,-0.13085598064755344,-0.2359813632291101,-0.2662958158485814,-0.19611613513818404,-0.19300937626135234,-0.12168146174384352,-0.06715342778730747,-0.03352007615769955,0.5449249778098338,-0.21680296415038888,-0.5118980953829163,-1.175735064194511,-0.40583972495671383,6.1432182473669785
1,-1.6095835823937954,-1.5661069258891576,0.4327933656785018,-0.4736736092984604,2.299193926420085,-1.8194778495589943,-1.3133832581875537,1.2266260647479035,0.48939774987729867,-1.6095835823937954,-1.5661069258891576,0.4327933656785018,-0.4736736092984604,2.299193926420085,-1.8194778495589943,-1.3133832581875537,1.2266260647479035,0.48939774987729867,-1.1144188214827309,-1.3470595642191343,-0.3205424984057948,-0.3895323082701867,-0.35064515827603643,-1.2039613624385808,-1.1422016698653341,-0.9317296206036673,-0.7744349687238935,-1.4609134070857044,-0.0891393739966534,-0.4194008220350217,1.847269780618339,-1.6548120390977903,-1.2628331395795704,-0.2130091009268516,-0.3576753639798948,-0.07639966350995119,-0.28708333828187355,1.526239145139706,-0.3368577254273058,-0.17219794452469814,1.3294519864972518,0.048706956904792466,-0.2900883232983121,-0.2955781683826058,-0.3888554871521795,-0.41265547100857053,-0.2943754514063852,-0.3658086479243954,1.0319041513562033,-0.24123771777094136,0.37384051630720977,3.2731465963122317,1.376433654347939,-1.83504312030046,-1.2441732358926583,-0.931108114108173,-0.772417663621493,-1.177626087863427,-0.5479237594157019,-0.5168837696280381,1.3385767425636153,1.5253977943533386,0.08106764742915833,1.3555735383351193,-1.3555735383351195,2.0745051044939435,-0.3075623426146228,-1.6238025415294657,-0.13085598064755344,4.237622777986573,-0.2662958158485814,-0.19611613513818404,-0.19300937626135234,-0.12168146174384352,-0.06715342778730747,-0.03352007615769955,-1.8351149988007645,-0.21680296415038888,-0.5118980953829163,-1.175735064194511,2.4640269015229057,-0.16278112867447064,-1.2316448970959013,-0.1699069165076462,-0.2081478487327801,1.4322604033532795,1.3555735383351193,-1.3555735383351195,1.3555735383351193,-1.3555735383351195,1.3555735383351193,-1.3555735383351195,1.3555735383351193,-1.3555735383351195,2.0745051044939435,-0.3075623426146228,-1.6238025415294657,2.0745051044939435,-0.3075623426146228,-1.6238025415294657,2.0745051044939435,-0.3075623426146228,-1.6238025415294657,-0.13085598064755344,4.237622777986573,-0.2662958158485814,-0.19611613513818404,-0.19300937626135234,-0.12168146174384352,-0.06715342778730747,-0.03352007615769955,-1.8351149988007645,-0.13085598064755344,4.237622777986573,-0.2662958158485814,-0.19611613513818404,-0.19300937626135234,-0.12168146174384352,-0.06715342778730747,-0.03352007615769955,-1.8351149988007645,-0.21680296415038888,-0.5118980953829163,-1.175735064194511,2.4640269015229057,-0.16278112867447064
1,-1.605695699344535,0.8273772438659699,-0.47454519624983954,-0.4736736092984604,-0.4989475622371262,0.5446511676720712,-1.5500791487711116,-0.497228546751122,-0.6244040257055189,-1.605695699344535,0.8273772438659699,-0.47454519624983954,-0.4736736092984604,-0.4989475622371262,0.5446511676720712,-1.5500791487711116,-0.497228546751122,-0.6244040257055189,-1.1141444886322347,-1.2559042276606207,-0.3760014818308347,-0.3895323082701867,-0.5117432635686294,-1.096191920408699,-1.1525859108096332,-1.0152713398696729,-0.832029709044753,0.8635041745453002,-0.4030649954631285,-0.4194008220350217,-0.571347415835755,0.7925352191037062,-1.1628459385855234,-0.07073690533028135,-0.3576753639798948,-0.2328872501475753,-0.28708333828187355,-0.32078666523533045,-0.39610534423349997,-0.38113017778990566,-0.3694246287326534,-0.2751579580367754,-0.2900883232983121,-0.2955781683826058,-0.3888554871521795,-0.41265547100857053,-0.2943754514063852,-0.3658086479243954,-0.19836401418550262,-0.33212765423625973,-0.6709458382514594,-0.4340408953724373,-0.4123594838653976,0.5449215208897721,-1.0413830451200872,-0.07507948397468743,-0.337529114616601,-1.2307930204368625,-0.9791664394969569,-0.8051806639139224,-0.714793108726999,-0.5582434766457356,-0.4271559153457235,1.3555735383351193,-1.3555735383351195,-0.4820426798824101,3.2513733362117265,-1.6238025415294657,-0.13085598064755344,-0.2359813632291101,-0.2662958158485814,-0.19611613513818404,-0.19300937626135234,-0.12168146174384352,-0.06715342778730747,-0.03352007615769955,0.5449249778098338,-0.21680296415038888,1.9535138126504805,-1.175735064194511,-0.40583972495671383,-0.16278112867447064,0.8119223343984152,-0.1699069165076462,-0.2081478487327801,-0.6981970580620328,1.3555735383351193,-1.3555735383351195,1.3555735383351193,-1.3555735383351195,1.3555735383351193,-1.3555735383351195,1.3555735383351193,-1.3555735383351195,-0.4820426798824101,3.2513733362117265,-1.6238025415294657,-0.4820426798824101,3.2513733362117265,-1.6238025415294657,-0.4820426798824101,3.2513733362117265,-1.6238025415294657,-0.13085598064755344,-0.2359813632291101,-0.2662958158485814,-0.19611613513818404,-0.19300937626135234,-0.12168146174384352,-0.06715342778730747,-0.03352007615769955,0.5449249778098338,-0.13085598064755344,-0.2359813632291101,-0.2662958158485814,-0.19611613513818404,-0.19300937626135234,-0.12168146174384352,-0.06715342778730747,-0.03352007615769955,0.5449249778098338,-0.21680296415038888,1.9535138126504805,-1.175735064194511,-0.40583972495671383,-0.16278112867447064
0,-1.6018078162952747,-0.3693648410115938,-0.47454519624983954,-0.4736736092984604,-0.438556019316467,0.5446511676720712,0.96425644365423,1.5713969870477085,-0.6244040257055189,-1.6018078162952747,-0.3693648410115938,-0.47454519624983954,-0.4736736092984604,-0.438556019316467,0.5446511676720712,0.96425644365423,1.5713969870477085,-0.6244040257055189,-1.113861714770954,-1.2980805774115747,-0.3760014818308347,-0.3895323082701867,-0.50778926818991,-1.0927097263414534,-1.0307043737604684,-0.9051239775253215,-0.8311155068174377,-0.5892568139740777,-0.4030649954631285,-0.4194008220350217,-0.5906963534073878,-0.04105904351514409,0.42799519961826915,1.209712855038851,-0.5523538913507477,-0.2328872501475753,-0.28708333828187355,-0.32078666523533045,-0.39610534423349997,-0.38113017778990566,-0.3694246287326534,-0.2751579580367754,-0.2900883232983121,-0.2955781683826058,-0.3888554871521795,-0.41265547100857053,-0.2943754514063852,-0.3658086479243954,-0.19541373081489902,-0.21653936547058308,-0.2933983373193865,-0.2110278727689132,-0.39990848754372704,0.5449215208897721,1.1227307914744915,1.9899792732545456,-0.337529114616601,0.9989187709831968,2.2533667439297993,-0.22342026433344614,1.973254696598896,0.0370826007825713,-0.4271559153457235,-0.7376951317802901,0.7376951317802901,-0.4820426798824101,-0.3075623426146228,0.6158384251930635,-0.13085598064755344,-0.2359813632291101,-0.2662958158485814,-0.19611613513818404,-0.19300937626135234,-0.12168146174384352,-0.06715342778730747,-0.03352007615769955,0.5449249778098338,-0.21680296415038888,-0.5118980953829163,0.8505317485662419,-0.40583972495671383,-0.16278112867447064,0.8119223343984152,-0.1699069165076462,-0.2081478487327801,-0.6981970580620328,-0.7376951317802901,0.7376951317802901,-0.7376951317802901,0.7376951317802901,-0.7376951317802901,0.7376951317802901,-0.7376951317802901,0.7376951317802901,-0.4820426798824101,-0.3075623426146228,0.6158384251930635,-0.4820426798824101,-0.3075623426146228,0.6158384251930635,-0.4820426798824101,-0.3075623426146228,0.6158384251930635,-0.13085598064755344,-0.2359813632291101,-0.2662958158485814,-0.19611613513818404,-0.19300937626135234,-0.12168146174384352,-0.06715342778730747,-0.03352007615769955,0.5449249778098338,-0.13085598064755344,-0.2359813632291101,-0.2662958158485814,-0.19611613513818404,-0.19300937626135234,-0.12168146174384352,-0.06715342778730747,-0.03352007615769955,0.5449249778098338,-0.21680296415038888,-0.5118980953829163,0.8505317485662419,-0.40583972495671383,-0.16278112867447064
0,-1.5979199332460143,-1.5661069258891576,0.4327933656785018,-0.4736736092984604,1.0108410107793546,0.5446511676720712,-1.1168810094012038,-0.1524576244513169,-0.0675031379141101,-1.5979199332460143,-1.5661069258891576,0.4327933656785018,-0.4736736092984604,1.0108410107793546,0.5446511676720712,-1.1168810094012038,-0.1524576244513169,-0.0675031379141101,-1.113570499898889,-1.342977981985171,-0.31534321870969734,-0.3895323082701867,-0.41601304517926824,-1.0892275322742078,-1.1302750263846872,-0.9934547125454293,-0.7982042266340895,-1.4609134070857044,-0.0891393739966534,-0.4194008220350217,0.6089377760338429,-0.8746533061339944,-1.1971699031058678,-0.7820978833131326,-0.5523538913507477,-0.07639966350995119,-0.28708333828187355,0.7165839953862654,0.5281575091431288,-0.09084380059842266,0.48001367888229923,-0.05924801474239681,-0.2900883232983121,-0.2955781683826058,-0.3888554871521795,-0.41265547100857053,-0.2943754514063852,-0.3658086479243954,0.18777601520232295,2.5575795649056565,0.13834445032135223,0.5582054515736773,0.23924265696869487,0.5449215208897721,-0.6685250661686233,0.2690969755635181,0.20090432700850336,-1.1087392780725651,-0.7123201402201582,-0.5427168246715761,-0.45345512765364804,-0.06213841212214652,-0.23657207930514282,-0.7376951317802901,0.7376951317802901,2.0745051044939435,-0.3075623426146228,-1.6238025415294657,-0.13085598064755344,-0.2359813632291101,-0.2662958158485814,-0.19611613513818404,-0.19300937626135234,-0.12168146174384352,-0.06715342778730747,-0.03352007615769955,0.5449249778098338,-0.21680296415038888,-0.5118980953829163,0.8505317485662419,-0.40583972495671383,-0.16278112867447064,-1.2316448970959013,-0.1699069165076462,-0.2081478487327801,1.4322604033532795,-0.7376951317802901,0.7376951317802901,-0.7376951317802901,0.7376951317802901,-0.7376951317802901,0.7376951317802901,-0.7376951317802901,0.7376951317802901,2.0745051044939435,-0.3075623426146228,-1.6238025415294657,2.0745051044939435,-0.3075623426146228,-1.6238025415294657,2.0745051044939435,-0.3075623426146228,-1.6238025415294657,-0.13085598064755344,-0.2359813632291101,-0.2662958158485814,-0.19611613513818404,-0.19300937626135234,-0.12168146174384352,-0.06715342778730747,-0.03352007615769955,0.5449249778098338,-0.13085598064755344,-0.2359813632291101,-0.2662958158485814,-0.19611613513818404,-0.19300937626135234,-0.12168146174384352,-0.06715342778730747,-0.03352007615769955,0.5449249778098338,-0.21680296415038888,-0.5118980953829163,0.8505317485662419,-0.40583972495671383,-0.16278112867447064
0,-1.594032050196754,-1.5661069258891576,0.4327933656785018,-0.4736736092984604,0.40692558157276226,0.5446511676720712,0.96425644365423,1.2266260647479035,-0.0675031379141101,-1.594032050196754,-1.5661069258891576,0.4327933656785018,-0.4736736092984604,0.40692558157276226,0.5446511676720712,0.96425644365423,1.2266260647479035,-0.0675031379141101,-1.1132708440160393,-1.34161745457385,-0.3136101254776648,-0.3895323082701867,-0.4522156817660748,-1.0857453382069622,-1.0227955936769741,-0.9147020090335259,-0.796375822179459,-1.4609134070857044,-0.0891393739966534,-0.4194008220350217,0.028469648884860296,-0.8746533061339944,-0.5017365349980186,-0.2130091009268516,-0.5523538913507477,-0.07639966350995119,-0.28708333828187355,0.3370581439393401,0.5281575091431288,0.770770541893495,1.3294519864972518,-0.05924801474239681,-0.2900883232983121,-0.2955781683826058,-0.3888554871521795,-0.41265547100857053,-0.2943754514063852,-0.3658086479243954,-0.044775732833491094,1.40169667724889,1.4069300463963827,0.8426278572129544,-0.009777269464716258,0.5449215208897721,1.1227307914744915,1.64580281371634,0.20090432700850336,0.9989187709831968,1.8822836089980008,0.42033946735152133,1.3385767425636153,0.7316296911155961,-0.23657207930514282,-0.7376951317802901,0.7376951317802901,-0.4820426798824101,-0.3075623426146228,0.6158384251930635,-0.13085598064755344,-0.2359813632291101,-0.2662958158485814,-0.19611613513818404,-0.19300937626135234,-0.12168146174384352,-0.06715342778730747,-0.03352007615769955,0.5449249778098338,-0.21680296415038888,-0.5118980953829163,0.8505317485662419,-0.40583972495671383,-0.16278112867447064,-1.2316448970959013,-0.1699069165076462,-0.2081478487327801,1.4322604033532795,-0.7376951317802901,0.7376951317802901,-0.7376951317802901,0.7376951317802901,-0.7376951317802901,0.7376951317802901,-0.7376951317802901,0.7376951317802901,-0.4820426798824101,-0.3075623426146228,0.6158384251930635,-0.4820426798824101,-0.3075623426146228,0.6158384251930635,-0.4820426798824101,-0.3075623426146228,0.6158384251930635,-0.13085598064755344,-0.2359813632291101,-0.2662958158485814,-0.19611613513818404,-0.19300937626135234,-0.12168146174384352,-0.06715342778730747,-0.03352007615769955,0.5449249778098338,-0.13085598064755344,-0.2359813632291101,-0.2662958158485814,-0.19611613513818404,-0.19300937626135234,-0.12168146174384352,-0.06715342778730747,-0.03352007615769955,0.5449249778098338,-0.21680296415038888,-0.5118980953829163,0.8505317485662419,-0.40583972495671383,-0.16278112867447064
1,-1.5901441671474936,0.8273772438659699,-0.47454519624983954,-0.4736736092984604,-0.4989475622371262,0.5446511676720712,-1.1168810094012038,-1.5315413136505371,-0.6244040257055189,-1.5901441671474936,0.8273772438659699,-0.47454519624983954,-0.4736736092984604,-0.4989475622371262,0.5446511676720712,-1.1168810094012038,-1.5315413136505371,-0.6244040257055189,-1.112962747122405,-1.2395778987247674,-0.3760014818308347,-0.3895323082701867,-0.510727558333729,-1.0822631441397166,-1.1282819630249623,-1.0679505131647973,-0.828372900135492,0.8635041745453002,-0.4030649954631285,-0.4194008220350217,-0.571347415835755,0.7925352191037062,-0.7285731700889909,-1.3511866656994136,-0.3576753639798948,-0.2328872501475753,-0.28708333828187355,-0.32078666523533045,-0.39610534423349997,-0.38113017778990566,-0.3694246287326534,-0.2751579580367754,-0.2900883232983121,-0.2955781683826058,-0.3888554871521795,-0.41265547100857053,-0.2943754514063852,-0.3658086479243954,-0.19836401418550262,-0.33212765423625973,-0.626822817058193,-0.5019144239909011,-0.4123594838653976,0.5449215208897721,-0.6685250661686233,-1.107608862589304,-0.337529114616601,-1.1087392780725651,-1.086381470456385,-0.7049484103449949,-1.0507990843927357,-0.855906515359889,-0.4271559153457235,-0.7376951317802901,0.7376951317802901,2.0745051044939435,-0.3075623426146228,-1.6238025415294657,-0.13085598064755344,-0.2359813632291101,-0.2662958158485814,-0.19611613513818404,-0.19300937626135234,-0.12168146174384352,-0.06715342778730747,-0.03352007615769955,0.5449249778098338,-0.21680296415038888,-0.5118980953829163,0.8505317485662419,-0.40583972495671383,-0.16278112867447064,0.8119223343984152,-0.1699069165076462,-0.2081478487327801,-0.6981970580620328,-0.7376951317802901,0.7376951317802901,-0.7376951317802901,0.7376951317802901,-0.7376951317802901,0.7376951317802901,-0.7376951317802901,0.7376951317802901,2.0745051044939435,-0.3075623426146228,-1.6238025415294657,2.0745051044939435,-0.3075623426146228,-1.6238025415294657,2.0745051044939435,-0.3075623426146228,-1.6238025415294657,-0.13085598064755344,-0.2359813632291101,-0.2662958158485814,-0.19611613513818404,-0.19300937626135234,-0.12168146174384352,-0.06715342778730747,-0.03352007615769955,0.5449249778098338,-0.13085598064755344,-0.2359813632291101,-0.2662958158485814,-0.19611613513818404,-0.19300937626135234,-0.12168146174384352,-0.06715342778730747,-0.03352007615769955,0.5449249778098338,-0.21680296415038888,-0.5118980953829163,0.8505317485662419,-0.40583972495671383,-0.16278112867447064
0,-1.5862562840982333,0.8273772438659699,-0.47454519624983954,-0.4736736092984604,-0.4788170479302398,0.5446511676720712,0.96425644365423,-0.841999469050927,-0.6244040257055189,-1.5862562840982333,0.8273772438659699,-0.47454519624983954,-0.4736736092984604,-0.4788170479302398,0.5446511676720712,0.96425644365423,-0.841999469050927,-0.6244040257055189,-1.1126462092179863,-1.2354963164908042,-0.3760014818308347,-0.3895323082701867,-0.5090951749204963,-1.078780950072471,-1.0148868135934797,-1.0275099356857118,-0.8274586979081768,0.8635041745453002,-0.4030649954631285,-0.4194008220350217,-0.5133006031208568,0.7925352191037062,1.3577269342345568,-0.4975534921199921,-0.3576753639798948,-0.2328872501475753,-0.28708333828187355,-0.32078666523533045,-0.39610534423349997,-0.38113017778990566,-0.3694246287326534,-0.2751579580367754,-0.2900883232983121,-0.2955781683826058,-0.3888554871521795,-0.41265547100857053,-0.2943754514063852,-0.3658086479243954,-0.1974962837823839,-0.29359822464770086,-0.374366355591566,-0.4502012593292144,-0.40820915175817407,0.5449215208897721,1.1227307914744915,-0.41925594351289297,-0.337529114616601,0.9989187709831968,-0.34421520059278854,-0.22342026433344614,-0.9014630952079639,-0.6574644895504534,-0.4271559153457235,-0.7376951317802901,0.7376951317802901,-0.4820426798824101,-0.3075623426146228,0.6158384251930635,-0.13085598064755344,-0.2359813632291101,-0.2662958158485814,-0.19611613513818404,-0.19300937626135234,-0.12168146174384352,-0.06715342778730747,-0.03352007615769955,0.5449249778098338,-0.21680296415038888,-0.5118980953829163,0.8505317485662419,-0.40583972495671383,-0.16278112867447064,0.8119223343984152,-0.1699069165076462,-0.2081478487327801,-0.6981970580620328,-0.7376951317802901,0.7376951317802901,-0.7376951317802901,0.7376951317802901,-0.7376951317802901,0.7376951317802901,-0.7376951317802901,0.7376951317802901,-0.4820426798824101,-0.3075623426146228,0.6158384251930635,-0.4820426798824101,-0.3075623426146228,0.6158384251930635,-0.4820426798824101,-0.3075623426146228,0.6158384251930635,-0.13085598064755344,-0.2359813632291101,-0.2662958158485814,-0.19611613513818404,-0.19300937626135234,-0.12168146174384352,-0.06715342778730747,-0.03352007615769955,0.5449249778098338,-0.13085598064755344,-0.2359813632291101,-0.2662958158485814,-0.19611613513818404,-0.19300937626135234,-0.12168146174384352,-0.06715342778730747,-0.03352007615769955,0.5449249778098338,-0.21680296415038888,-0.5118980953829163,0.8505317485662419,-0.40583972495671383,-0.16278112867447064
0,-1.5823684010489727,0.8273772438659699,1.340131927606843,-0.4736736092984604,-0.2775119048613757,0.5446511676720712,-0.5095104222433947,-1.1867703913507321,-0.0675031379141101,-1.5823684010489727,0.8273772438659699,1.340131927606843,-0.4736736092984604,-0.2775119048613757,0.5446511676720712,-0.5095104222433947,-1.1867703913507321,-0.0675031379141101,-1.1123212303027832,-1.231414734256841,-0.24082020973229998,-0.3895323082701867,-0.4946576505101265,-1.0752987560052256,-1.0926226319582917,-1.0471981115636877,-0.7908906088155677,0.8635041745453002,1.480488733335722,-0.4194008220350217,0.0671675240281258,0.7925352191037062,-0.11969588642374947,-0.9243700789097029,0.2263602181326639,0.39306309640292114,-0.28708333828187355,0.1346443565009799,1.4524203625197576,0.7023591026827634,0.055294525074822944,0.15666192855198174,-0.2900883232983121,-0.2955781683826058,-0.3888554871521795,-0.41265547100857053,-0.2943754514063852,-0.3658086479243954,-0.1824556234616596,0.09169607123788796,-0.3555214717240443,-0.4437371137465036,-0.29199985275591556,0.5449215208897721,-0.14575511629852972,-0.7634324030510985,0.20090432700850336,-0.7538678336953983,-0.9118592256168716,-0.26165318579788244,-1.0134650870965427,-0.6574644895504534,-0.23657207930514282,1.3555735383351193,-1.3555735383351195,-0.4820426798824101,-0.3075623426146228,0.6158384251930635,-0.13085598064755344,-0.2359813632291101,-0.2662958158485814,-0.19611613513818404,-0.19300937626135234,-0.12168146174384352,-0.06715342778730747,-0.03352007615769955,0.5449249778098338,-0.21680296415038888,1.9535138126504805,-1.175735064194511,-0.40583972495671383,-0.16278112867447064,-1.2316448970959013,-0.1699069165076462,-0.2081478487327801,1.4322604033532795,1.3555735383351193,-1.3555735383351195,1.3555735383351193,-1.3555735383351195,1.3555735383351193,-1.3555735383351195,1.3555735383351193,-1.3555735383351195,-0.4820426798824101,-0.3075623426146228,0.6158384251930635,-0.4820426798824101,-0.3075623426146228,0.6158384251930635,-0.4820426798824101,-0.3075623426146228,0.6158384251930635,-0.13085598064755344,-0.2359813632291101,-0.2662958158485814,-0.19611613513818404,-0.19300937626135234,-0.12168146174384352,-0.06715342778730747,-0.03352007615769955,0.5449249778098338,-0.13085598064755344,-0.2359813632291101,-0.2662958158485814,-0.19611613513818404,-0.19300937626135234,-0.12168146174384352,-0.06715342778730747,-0.03352007615769955,0.5449249778098338,-0.21680296415038888,1.9535138126504805,-1.175735064194511,-0.40583972495671383,-0.16278112867447064
1,-1.5784805179997123,0.8273772438659699,0.4327933656785018,-0.4736736092984604,-0.4184255050095806,0.5446511676720712,-1.3133832581875537,-1.5315413136505371,-0.0675031379141101,-1.5784805179997123,0.8273772438659699,0.4327933656785018,-0.4736736092984604,-0.4184255050095806,0.5446511676720712,-1.3133832581875537,-1.5315413136505371,-0.0675031379141101,-1.1119878103767955,-1.2273331520228774,-0.30667775254953483,-0.3895323082701867,-0.5041617494938372,-1.07181656193798,-1.1364636785366993,-1.0679505131647973,-0.7890622043609372,0.8635041745453002,0.5387118689362969,-0.4194008220350217,-0.33916016497616197,0.7925352191037062,-0.9255628795100984,-1.3511866656994136,0.2263602181326639,-0.07639966350995119,-0.28708333828187355,-0.18162718637145783,0.5281575091431288,-0.17219794452469814,-0.3694246287326534,-0.05924801474239681,-0.2900883232983121,-0.2955781683826058,-0.3888554871521795,-0.41265547100857053,-0.2943754514063852,-0.3658086479243954,-0.19419890825053282,-0.1780099358820242,-0.617465357482596,-0.5019144239909011,-0.3501045022570448,0.5449215208897721,-0.8376565205383595,-1.107608862589304,0.20090432700850336,-1.177626087863427,-1.086381470456385,-0.6336491784248299,-1.0507990843927357,-0.855906515359889,-0.23657207930514282,1.3555735383351193,-1.3555735383351195,2.0745051044939435,-0.3075623426146228,-1.6238025415294657,-0.13085598064755344,-0.2359813632291101,-0.2662958158485814,-0.19611613513818404,-0.19300937626135234,-0.12168146174384352,-0.06715342778730747,-0.03352007615769955,0.5449249778098338,-0.21680296415038888,1.9535138126504805,-1.175735064194511,-0.40583972495671383,-0.16278112867447064,-1.2316448970959013,-0.1699069165076462,-0.2081478487327801,1.4322604033532795,1.3555735383351193,-1.3555735383351195,1.3555735383351193,-1.3555735383351195,1.3555735383351193,-1.3555735383351195,1.3555735383351193,-1.3555735383351195,2.0745051044939435,-0.3075623426146228,-1.6238025415294657,2.0745051044939435,-0.3075623426146228,-1.6238025415294657,2.0745051044939435,-0.3075623426146228,-1.6238025415294657,-0.13085598064755344,-0.2359813632291101,-0.2662958158485814,-0.19611613513818404,-0.19300937626135234,-0.12168146174384352,-0.06715342778730747,-0.03352007615769955,0.5449249778098338,-0.13085598064755344,-0.2359813632291101,-0.2662958158485814,-0.19611613513818404,-0.19300937626135234,-0.12168146174384352,-0.06715342778730747,-0.03352007615769955,0.5449249778098338,-0.21680296415038888,1.9535138126504805,-1.175735064194511,-0.40583972495671383,-0.16278112867447064
0,-1.574592634950452,0.8273772438659699,0.4327933656785018,-0.4736736092984604,-0.45868653362335343,0.5446511676720712,-0.5095104222433947,0.8818551424480984,-0.6244040257055189,-1.574592634950452,0.8273772438659699,0.4327933656785018,-0.4736736092984604,-0.45868653362335343,0.5446511676720712,-0.5095104222433947,0.8818551424480984,-0.6244040257055189,-1.1116459494400235,-1.2232515697889141,-0.30494465931750236,-0.3895323082701867,-0.5067372877680489,-1.0683343678707344,-1.088903093331544,-0.9152341218950929,-0.8247160912262311,0.8635041745453002,0.5387118689362969,-0.4194008220350217,-0.4552537904059585,0.7925352191037062,-0.11969588642374947,1.6365294418285616,-0.3576753639798948,-0.07639966350995119,-0.28708333828187355,-0.20692890980125286,0.5281575091431288,0.16061446244642888,1.1170924095935137,-0.16720298638958608,-0.2900883232983121,-0.2955781683826058,-0.3888554871521795,-0.41265547100857053,-0.2943754514063852,-0.3658086479243954,-0.1965128559921827,-0.255068795059142,-0.526879950202164,-0.2982938381355096,-0.40405881965095053,0.5449215208897721,-0.14575511629852972,1.3016263541781348,-0.337529114616601,-0.7538678336953983,0.13527424342020916,-0.564416590908148,0.7785667831207204,-0.16135942502686434,-0.4271559153457235,1.3555735383351193,-1.3555735383351195,-0.4820426798824101,-0.3075623426146228,0.6158384251930635,-0.13085598064755344,-0.2359813632291101,-0.2662958158485814,-0.19611613513818404,-0.19300937626135234,-0.12168146174384352,-0.06715342778730747,-0.03352007615769955,0.5449249778098338,-0.21680296415038888,-0.5118980953829163,-1.175735064194511,2.4640269015229057,-0.16278112867447064,-1.2316448970959013,-0.1699069165076462,-0.2081478487327801,1.4322604033532795,1.3555735383351193,-1.3555735383351195,1.3555735383351193,-1.3555735383351195,1.3555735383351193,-1.3555735383351195,1.3555735383351193,-1.3555735383351195,-0.4820426798824101,-0.3075623426146228,0.6158384251930635,-0.4820426798824101,-0.3075623426146228,0.6158384251930635,-0.4820426798824101,-0.3075623426146228,0.6158384251930635,-0.13085598064755344,-0.2359813632291101,-0.2662958158485814,-0.19611613513818404,-0.19300937626135234,-0.12168146174384352,-0.06715342778730747,-0.03352007615769955,0.5449249778098338,-0.13085598064755344,-0.2359813632291101,-0.2662958158485814,-0.19611613513818404,-0.19300937626135234,-0.12168146174384352,-0.06715342778730747,-0.03352007615769955,0.5449249778098338,-0.21680296415038888,-0.5118980953829163,-1.175735064194511,2.4640269015229057,-0.16278112867447064
0,-1.5707047519011916,-0.3693648410115938,0.4327933656785018,-0.4736736092984604,-0.2171203619407165,0.5446511676720712,-0.5095104222433947,-0.1524576244513169,-0.0675031379141101,-1.5707047519011916,-0.3693648410115938,0.4327933656785018,-0.4736736092984604,-0.2171203619407165,0.5446511676720712,-0.5095104222433947,-0.1524576244513169,-0.0675031379141101,-1.111295647492467,-1.276312138830437,-0.30321156608546984,-0.3895323082701867,-0.4881281168571955,-1.0648521738034888,-1.08704332401817,-0.9785555524215557,-0.7854053954516763,-0.5892568139740777,0.2247862474698217,-0.4194008220350217,-0.16501972683146723,-0.04105904351514409,-0.5569533474872684,-0.2130091009268516,-0.1629968366090419,-0.07639966350995119,-0.28708333828187355,-0.05511856922248275,0.5281575091431288,0.16061446244642888,0.48001367888229923,-0.05924801474239681,-0.2900883232983121,-0.2955781683826058,-0.3888554871521795,-0.41265547100857053,-0.2943754514063852,-0.3658086479243954,-0.1756873263173337,0.20728436000356462,-0.29840197889800435,-0.23042030951704573,-0.2670978601125744,0.5449215208897721,-0.14575511629852972,0.2690969755635181,0.20090432700850336,-0.7538678336953983,-0.3882924910983312,-0.26165318579788244,-0.45345512765364804,-0.06213841212214652,-0.23657207930514282,1.3555735383351193,-1.3555735383351195,-0.4820426798824101,-0.3075623426146228,0.6158384251930635,-0.13085598064755344,-0.2359813632291101,-0.2662958158485814,-0.19611613513818404,-0.19300937626135234,-0.12168146174384352,-0.06715342778730747,-0.03352007615769955,0.5449249778098338,-0.21680296415038888,-0.5118980953829163,-1.175735064194511,2.4640269015229057,-0.16278112867447064,-1.2316448970959013,-0.1699069165076462,-0.2081478487327801,1.4322604033532795,1.3555735383351193,-1.3555735383351195,1.3555735383351193,-1.3555735383351195,1.3555735383351193,-1.3555735383351195,1.3555735383351193,-1.3555735383351195,-0.4820426798824101,-0.3075623426146228,0.6158384251930635,-0.4820426798824101,-0.3075623426146228,0.6158384251930635,-0.4820426798824101,-0.3075623426146228,0.6158384251930635,-0.13085598064755344,-0.2359813632291101,-0.2662958158485814,-0.19611613513818404,-0.19300937626135234,-0.12168146174384352,-0.06715342778730747,-0.03352007615769955,0.5449249778098338,-0.13085598064755344,-0.2359813632291101,-0.2662958158485814,-0.19611613513818404,-0.19300937626135234,-0.12168146174384352,-0.06715342778730747,-0.03352007615769955,0.5449249778098338,-0.21680296415038888,-0.5118980953829163,-1.175735064194511,2.4640269015229057,-0.16278112867447064
0,-1.5668168688519313,0.8273772438659699,-0.47454519624983954,-0.4736736092984604,-0.4989475622371262,0.5446511676720712,-1.1168810094012038,0.5370842201482933,-0.6244040257055189,-1.5668168688519313,0.8273772438659699,-0.47454519624983954,-0.4736736092984604,-0.4989475622371262,0.5446511676720712,-1.1168810094012038,0.5370842201482933,-0.6244040257055189,-1.1109369045341257,-1.2150884053209876,-0.3760014818308347,-0.3895323082701867,-0.5092040004813784,-1.0613699797362433,-1.1223027729457875,-0.9306653948805335,-0.8228876867716007,0.8635041745453002,-0.4030649954631285,-0.4194008220350217,-0.571347415835755,0.7925352191037062,-0.7285731700889909,1.209712855038851,-0.3576753639798948,-0.2328872501475753,-0.28708333828187355,-0.32078666523533045,-0.39610534423349997,-0.38113017778990566,-0.3694246287326534,-0.2751579580367754,-0.2900883232983121,-0.2955781683826058,-0.3888554871521795,-0.41265547100857053,-0.2943754514063852,-0.3658086479243954,-0.19836401418550262,-0.33212765423625973,-0.626822817058193,-0.36616736675397343,-0.4123594838653976,0.5449215208897721,-0.6685250661686233,0.9574498946399291,-0.337529114616601,-1.1087392780725651,-0.5252894751020448,-0.7049484103449949,0.29322481827021163,-0.26058043793158214,-0.4271559153457235,-0.7376951317802901,0.7376951317802901,2.0745051044939435,-0.3075623426146228,-1.6238025415294657,-0.13085598064755344,-0.2359813632291101,-0.2662958158485814,-0.19611613513818404,-0.19300937626135234,-0.12168146174384352,-0.06715342778730747,-0.03352007615769955,0.5449249778098338,-0.21680296415038888,-0.5118980953829163,0.8505317485662419,-0.40583972495671383,-0.16278112867447064,0.8119223343984152,-0.1699069165076462,-0.2081478487327801,-0.6981970580620328,-0.7376951317802901,0.7376951317802901,-0.7376951317802901,0.7376951317802901,-0.7376951317802901,0.7376951317802901,-0.7376951317802901,0.7376951317802901,2.0745051044939435,-0.3075623426146228,-1.6238025415294657,2.0745051044939435,-0.3075623426146228,-1.6238025415294657,2.0745051044939435,-0.3075623426146228,-1.6238025415294657,-0.13085598064755344,-0.2359813632291101,-0.2662958158485814,-0.19611613513818404,-0.19300937626135234,-0.12168146174384352,-0.06715342778730747,-0.03352007615769955,0.5449249778098338,-0.13085598064755344,-0.2359813632291101,-0.2662958158485814,-0.19611613513818404,-0.19300937626135234,-0.12168146174384352,-0.06715342778730747,-0.03352007615769955,0.5449249778098338,-0.21680296415038888,-0.5118980953829163,0.8505317485662419,-0.40583972495671383,-0.16278112867447064
1,-1.562928985802671,-0.3693648410115938,0.4327933656785018,2.0089333664952354,0.18548992419701174,0.5446511676720712,-1.3133832581875537,-1.5315413136505371,1.0462986376687076,-1.562928985802671,-0.3693648410115938,0.4327933656785018,2.0089333664952354,0.18548992419701174,0.5446511676720712,-1.3133832581875537,-1.5315413136505371,1.0462986376687076,-1.110569720565,-1.2708700291851527,-0.29974537962140485,-0.1877121792395672,-0.4546823944794043,-1.0578877856689977,-1.133594682872382,-1.0679505131647973,-0.7012987905386752,-0.5892568139740777,0.2247862474698217,1.4584189389358544,0.6089377760338429,-0.04105904351514409,-1.0941980095448343,-1.3511866656994136,0.6157172728743697,-0.07639966350995119,0.7239492878412465,0.19789866507546744,0.5281575091431288,-0.17219794452469814,-0.3694246287326534,0.15666192855198174,1.1701867956779368,0.8706132204482585,2.313747507607776,0.27009461177380517,-0.2943754514063852,1.3229763536333055,-0.10395494632618706,0.9778729517747422,-0.39717516330708363,-0.5019144239909011,0.23924265696869487,0.5449215208897721,-0.8376565205383595,-1.107608862589304,1.2777712102587122,-1.177626087863427,-1.086381470456385,-0.4001183608312462,-1.0507990843927357,-0.855906515359889,0.52576326485718,1.3555735383351193,-1.3555735383351195,2.0745051044939435,-0.3075623426146228,-1.6238025415294657,-0.13085598064755344,-0.2359813632291101,-0.2662958158485814,-0.19611613513818404,-0.19300937626135234,-0.12168146174384352,-0.06715342778730747,-0.03352007615769955,0.5449249778098338,-0.21680296415038888,1.9535138126504805,-1.175735064194511,-0.40583972495671383,-0.16278112867447064,-1.2316448970959013,-0.1699069165076462,-0.2081478487327801,1.4322604033532795,1.3555735383351193,-1.3555735383351195,1.3555735383351193,-1.3555735383351195,1.3555735383351193,-1.3555735383351195,1.3555735383351193,-1.3555735383351195,2.0745051044939435,-0.3075623426146228,-1.6238025415294657,2.0745051044939435,-0.3075623426146228,-1.6238025415294657,2.0745051044939435,-0.3075623426146228,-1.6238025415294657,-0.13085598064755344,-0.2359813632291101,-0.2662958158485814,-0.19611613513818404,-0.19300937626135234,-0.12168146174384352,-0.06715342778730747,-0.03352007615769955,0.5449249778098338,-0.13085598064755344,-0.2359813632291101,-0.2662958158485814,-0.19611613513818404,-0.19300937626135234,-0.12168146174384352,-0.06715342778730747,-0.03352007615769955,0.5449249778098338,-0.21680296415038888,1.9535138126504805,-1.175735064194511,-0.40583972495671383,-0.16278112867447064
1,-1.5590411027534106,0.8273772438659699,-0.47454519624983954,-0.4736736092984604,-0.4989475622371262,0.5446511676720712,-1.5500791487711116,-1.1867703913507321,-0.6244040257055189,-1.5590411027534106,0.8273772438659699,-0.47454519624983954,-0.4736736092984604,-0.4989475622371262,0.5446511676720712,-1.5500791487711116,-1.1867703913507321,-0.6244040257055189,-1.11019409558509,-1.206925240853061,-0.3760014818308347,-0.3895323082701867,-0.5086961478639282,-1.054405591601752,-1.1480158292204552,-1.0440054343942862,-0.8210592823169702,0.8635041745453002,-0.4030649954631285,-0.4194008220350217,-0.571347415835755,0.7925352191037062,-1.1628459385855234,-0.9243700789097029,-0.3576753639798948,-0.2328872501475753,-0.28708333828187355,-0.32078666523533045,-0.39610534423349997,-0.38113017778990566,-0.3694246287326534,-0.2751579580367754,-0.2900883232983121,-0.2955781683826058,-0.3888554871521795,-0.41265547100857053,-0.2943754514063852,-0.3658086479243954,-0.19836401418550262,-0.33212765423625973,-0.6709458382514594,-0.4792899144514132,-0.4123594838653976,0.5449215208897721,-1.0413830451200872,-0.7634324030510985,-0.337529114616601,-1.2307930204368625,-1.0506431268032423,-0.8051806639139224,-1.0134650870965427,-0.7566855024551713,-0.4271559153457235,1.3555735383351193,-1.3555735383351195,-0.4820426798824101,3.2513733362117265,-1.6238025415294657,-0.13085598064755344,-0.2359813632291101,-0.2662958158485814,-0.19611613513818404,-0.19300937626135234,-0.12168146174384352,-0.06715342778730747,-0.03352007615769955,0.5449249778098338,-0.21680296415038888,1.9535138126504805,-1.175735064194511,-0.40583972495671383,-0.16278112867447064,0.8119223343984152,-0.1699069165076462,-0.2081478487327801,-0.6981970580620328,1.3555735383351193,-1.3555735383351195,1.3555735383351193,-1.3555735383351195,1.3555735383351193,-1.3555735383351195,1.3555735383351193,-1.3555735383351195,-0.4820426798824101,3.2513733362117265,-1.6238025415294657,-0.4820426798824101,3.2513733362117265,-1.6238025415294657,-0.4820426798824101,3.2513733362117265,-1.6238025415294657,-0.13085598064755344,-0.2359813632291101,-0.2662958158485814,-0.19611613513818404,-0.19300937626135234,-0.12168146174384352,-0.06715342778730747,-0.03352007615769955,0.5449249778098338,-0.13085598064755344,-0.2359813632291101,-0.2662958158485814,-0.19611613513818404,-0.19300937626135234,-0.12168146174384352,-0.06715342778730747,-0.03352007615769955,0.5449249778098338,-0.21680296415038888,1.9535138126504805,-1.175735064194511,-0.40583972495671383,-0.16278112867447064
0,-1.5551532197041502,0.8273772438659699,-0.47454519624983954,-0.4736736092984604,-0.4788170479302398,0.5446511676720712,0.96425644365423,-0.841999469050927,-0.6244040257055189,-1.5551532197041502,0.8273772438659699,-0.47454519624983954,-0.4736736092984604,-0.4788170479302398,0.5446511676720712,0.96425644365423,-0.841999469050927,-0.6244040257055189,-1.1098100295943953,-1.2028436586190976,-0.3760014818308347,-0.3895323082701867,-0.5067735629550096,-1.0509233975345065,-0.9832516932595021,-1.0189961299006411,-0.820145080089655,0.8635041745453002,-0.4030649954631285,-0.4194008220350217,-0.5133006031208568,0.7925352191037062,1.3577269342345568,-0.4975534921199921,-0.3576753639798948,-0.2328872501475753,-0.28708333828187355,-0.32078666523533045,-0.39610534423349997,-0.38113017778990566,-0.3694246287326534,-0.2751579580367754,-0.2900883232983121,-0.2955781683826058,-0.3888554871521795,-0.41265547100857053,-0.2943754514063852,-0.3658086479243954,-0.1974962837823839,-0.29359822464770086,-0.374366355591566,-0.4502012593292144,-0.40820915175817407,0.5449215208897721,1.1227307914744915,-0.41925594351289297,-0.337529114616601,0.9989187709831968,-0.34421520059278854,-0.22342026433344614,-0.9014630952079639,-0.6574644895504534,-0.4271559153457235,-0.7376951317802901,0.7376951317802901,-0.4820426798824101,-0.3075623426146228,0.6158384251930635,-0.13085598064755344,-0.2359813632291101,-0.2662958158485814,-0.19611613513818404,-0.19300937626135234,-0.12168146174384352,-0.06715342778730747,-0.03352007615769955,0.5449249778098338,-0.21680296415038888,-0.5118980953829163,0.8505317485662419,-0.40583972495671383,-0.16278112867447064,0.8119223343984152,-0.1699069165076462,-0.2081478487327801,-0.6981970580620328,-0.7376951317802901,0.7376951317802901,-0.7376951317802901,0.7376951317802901,-0.7376951317802901,0.7376951317802901,-0.7376951317802901,0.7376951317802901,-0.4820426798824101,-0.3075623426146228,0.6158384251930635,-0.4820426798824101,-0.3075623426146228,0.6158384251930635,-0.4820426798824101,-0.3075623426146228,0.6158384251930635,-0.13085598064755344,-0.2359813632291101,-0.2662958158485814,-0.19611613513818404,-0.19300937626135234,-0.12168146174384352,-0.06715342778730747,-0.03352007615769955,0.5449249778098338,-0.13085598064755344,-0.2359813632291101,-0.2662958158485814,-0.19611613513818404,-0.19300937626135234,-0.12168146174384352,-0.06715342778730747,-0.03352007615769955,0.5449249778098338,-0.21680296415038888,-0.5118980953829163,0.8505317485662419,-0.40583972495671383,-0.16278112867447064
0,-1.5512653366548899,0.8273772438659699,0.4327933656785018,-0.4736736092984604,-0.33790344778203496,0.5446511676720712,-1.5366812681720423,1.2266260647479035,-0.0675031379141101,-1.5512653366548899,0.8273772438659699,0.4327933656785018,-0.4736736092984604,-0.33790344778203496,0.5446511676720712,-1.5366812681720423,1.2266260647479035,-0.0675031379141101,-1.1094175225929161,-1.1987620763851343,-0.2945460999253074,-0.3895323082701867,-0.49454882494924435,-1.047441203467261,-1.1463591746443782,-0.8678760772156375,-0.776263373178524,0.8635041745453002,0.5387118689362969,-0.4194008220350217,-0.10697291411656897,0.7925352191037062,-1.1494148220340843,2.0633460286182723,0.2263602181326639,-0.07639966350995119,-0.28708333828187355,-0.1310237395118678,0.5281575091431288,-0.26464583535001124,1.3294519864972518,-0.05924801474239681,-0.2900883232983121,-0.2955781683826058,-0.3888554871521795,-0.41265547100857053,-0.2943754514063852,-0.3658086479243954,-0.1881826441222431,-0.023892217527788678,-0.6368301002154287,-0.11406568902825052,-0.31690184539925664,0.5449215208897721,-1.0298513550494233,1.64580281371634,0.20090432700850336,-1.2286533543751765,-0.7861793837699864,-0.736981398598982,1.3385767425636153,0.7316296911155961,-0.23657207930514282,-0.7376951317802901,0.7376951317802901,-0.4820426798824101,3.2513733362117265,-1.6238025415294657,-0.13085598064755344,-0.2359813632291101,-0.2662958158485814,-0.19611613513818404,-0.19300937626135234,-0.12168146174384352,-0.06715342778730747,-0.03352007615769955,0.5449249778098338,-0.21680296415038888,-0.5118980953829163,0.8505317485662419,-0.40583972495671383,-0.16278112867447064,-1.2316448970959013,-0.1699069165076462,-0.2081478487327801,1.4322604033532795,-0.7376951317802901,0.7376951317802901,-0.7376951317802901,0.7376951317802901,-0.7376951317802901,0.7376951317802901,-0.7376951317802901,0.7376951317802901,-0.4820426798824101,3.2513733362117265,-1.6238025415294657,-0.4820426798824101,3.2513733362117265,-1.6238025415294657,-0.4820426798824101,3.2513733362117265,-1.6238025415294657,-0.13085598064755344,-0.2359813632291101,-0.2662958158485814,-0.19611613513818404,-0.19300937626135234,-0.12168146174384352,-0.06715342778730747,-0.03352007615769955,0.5449249778098338,-0.13085598064755344,-0.2359813632291101,-0.2662958158485814,-0.19611613513818404,-0.19300937626135234,-0.12168146174384352,-0.06715342778730747,-0.03352007615769955,0.5449249778098338,-0.21680296415038888,-0.5118980953829163,0.8505317485662419,-0.40583972495671383,-0.16278112867447064
1,-1.5473774536056295,0.8273772438659699,-0.47454519624983954,-0.4736736092984604,-0.4989475622371262,0.5446511676720712,-1.5500791487711116,0.8818551424480984,-0.6244040257055189,-1.5473774536056295,0.8273772438659699,-0.47454519624983954,-0.4736736092984604,-0.4989475622371262,0.5446511676720712,-1.5500791487711116,0.8818551424480984,-0.6244040257055189,-1.1090165745806526,-1.194680494151171,-0.3760014818308347,-0.3895323082701867,-0.5079343689377529,-1.0439590094000155,-1.1468733088231606,-0.8891605916783141,-0.8183166756350245,0.8635041745453002,-0.4030649954631285,-0.4194008220350217,-0.571347415835755,0.7925352191037062,-1.1628459385855234,1.6365294418285616,-0.3576753639798948,-0.2328872501475753,-0.28708333828187355,-0.32078666523533045,-0.39610534423349997,-0.38113017778990566,-0.3694246287326534,-0.2751579580367754,-0.2900883232983121,-0.2955781683826058,-0.3888554871521795,-0.41265547100857053,-0.2943754514063852,-0.3658086479243954,-0.19836401418550262,-0.33212765423625973,-0.6709458382514594,-0.34354285721448546,-0.4123594838653976,0.5449215208897721,-1.0413830451200872,1.3016263541781348,-0.337529114616601,-1.2307930204368625,-0.8362130648843862,-0.8051806639139224,0.7785667831207204,-0.16135942502686434,-0.4271559153457235,1.3555735383351193,-1.3555735383351195,-0.4820426798824101,3.2513733362117265,-1.6238025415294657,-0.13085598064755344,-0.2359813632291101,-0.2662958158485814,-0.19611613513818404,-0.19300937626135234,-0.12168146174384352,-0.06715342778730747,-0.03352007615769955,0.5449249778098338,-0.21680296415038888,1.9535138126504805,-1.175735064194511,-0.40583972495671383,-0.16278112867447064,0.8119223343984152,-0.1699069165076462,-0.2081478487327801,-0.6981970580620328,1.3555735383351193,-1.3555735383351195,1.3555735383351193,-1.3555735383351195,1.3555735383351193,-1.3555735383351195,1.3555735383351193,-1.3555735383351195,-0.4820426798824101,3.2513733362117265,-1.6238025415294657,-0.4820426798824101,3.2513733362117265,-1.6238025415294657,-0.4820426798824101,3.2513733362117265,-1.6238025415294657,-0.13085598064755344,-0.2359813632291101,-0.2662958158485814,-0.19611613513818404,-0.19300937626135234,-0.12168146174384352,-0.06715342778730747,-0.03352007615769955,0.5449249778098338,-0.13085598064755344,-0.2359813632291101,-0.2662958158485814,-0.19611613513818404,-0.19300937626135234,-0.12168146174384352,-0.06715342778730747,-0.03352007615769955,0.5449249778098338,-0.21680296415038888,1.9535138126504805,-1.175735064194511,-0.40583972495671383,-0.16278112867447064
0,-1.543489570556369,0.8273772438659699,1.340131927606843,-0.4736736092984604,-0.2171203619407165,0.5446511676720712,-1.1168810094012038,0.8818551424480984,0.48939774987729867,-1.543489570556369,0.8273772438659699,1.340131927606843,-0.4736736092984604,-0.2171203619407165,0.5446511676720712,-1.1168810094012038,0.8818551424480984,0.48939774987729867,-1.1086071855576045,-1.1905989119172078,-0.20615834509165004,-0.3895323082701867,-0.4827956643739685,-1.04047681533277,-1.116323582866613,-0.8854358016473457,-0.7278106551308168,0.8635041745453002,1.480488733335722,-0.4194008220350217,0.24130796217282058,0.7925352191037062,-0.7285731700889909,1.6365294418285616,0.8103958002452226,0.39306309640292114,-0.28708333828187355,0.21054952679036495,1.4524203625197576,0.19944257659306036,2.603609447919681,0.3725718718463603,-0.2900883232983121,-0.2955781683826058,-0.3888554871521795,-0.41265547100857053,-0.2943754514063852,-0.3658086479243954,-0.1756873263173337,0.20728436000356462,-0.48399159381401125,-0.02679972366165413,-0.17994088586088053,0.5449215208897721,-0.6685250661686233,1.3016263541781348,0.7393377686336078,-1.1087392780725651,-0.4317741425429881,-0.38048523899815734,0.7785667831207204,1.227734755639185,0.08106764742915833,-0.7376951317802901,0.7376951317802901,2.0745051044939435,-0.3075623426146228,-1.6238025415294657,-0.13085598064755344,-0.2359813632291101,-0.2662958158485814,-0.19611613513818404,-0.19300937626135234,-0.12168146174384352,-0.06715342778730747,-0.03352007615769955,0.5449249778098338,-0.21680296415038888,-0.5118980953829163,0.8505317485662419,-0.40583972495671383,-0.16278112867447064,-1.2316448970959013,-0.1699069165076462,-0.2081478487327801,1.4322604033532795,-0.7376951317802901,0.7376951317802901,-0.7376951317802901,0.7376951317802901,-0.7376951317802901,0.7376951317802901,-0.7376951317802901,0.7376951317802901,2.0745051044939435,-0.3075623426146228,-1.6238025415294657,2.0745051044939435,-0.3075623426146228,-1.6238025415294657,2.0745051044939435,-0.3075623426146228,-1.6238025415294657,-0.13085598064755344,-0.2359813632291101,-0.2662958158485814,-0.19611613513818404,-0.19300937626135234,-0.12168146174384352,-0.06715342778730747,-0.03352007615769955,0.5449249778098338,-0.13085598064755344,-0.2359813632291101,-0.2662958158485814,-0.19611613513818404,-0.19300937626135234,-0.12168146174384352,-0.06715342778730747,-0.03352007615769955,0.5449249778098338,-0.21680296415038888,-0.5118980953829163,0.8505317485662419,-0.40583972495671383,-0.16278112867447064
0,-1.5396016875071086,0.8273772438659699,0.4327933656785018,-0.4736736092984604,-0.2976424191682621,0.5446511676720712,-0.5095104222433947,-1.1867703913507321,-0.0675031379141101,-1.5396016875071086,0.8273772438659699,0.4327933656785018,-0.4736736092984604,-0.2976424191682621,0.5446511676720712,-0.5095104222433947,-1.1867703913507321,-0.0675031379141101,-1.1081893555237718,-1.1865173296832445,-0.2893468202292099,-0.3895323082701867,-0.48928892283993874,-1.0369946212655243,-1.0721651695111791,-1.0413448700864516,-0.7707781598146326,0.8635041745453002,0.5387118689362969,-0.4194008220350217,0.009120711313227545,0.7925352191037062,-0.11969588642374947,-0.9243700789097029,0.2263602181326639,-0.07639966350995119,-0.28708333828187355,-0.10572201608207278,0.5281575091431288,0.16061446244642888,-0.15706505182891523,-0.05924801474239681,-0.2900883232983121,-0.2955781683826058,-0.3888554871521795,-0.41265547100857053,-0.2943754514063852,-0.3658086479243954,-0.18448032773560327,0.053166641649329084,-0.3745613026660576,-0.446969186537859,-0.3003005169703626,0.5449215208897721,-0.14575511629852972,-0.7634324030510985,0.20090432700850336,-0.7538678336953983,-0.9118592256168716,-0.26165318579788244,-1.0134650870965427,-0.6574644895504534,-0.23657207930514282,1.3555735383351193,-1.3555735383351195,-0.4820426798824101,-0.3075623426146228,0.6158384251930635,-0.13085598064755344,-0.2359813632291101,-0.2662958158485814,-0.19611613513818404,-0.19300937626135234,-0.12168146174384352,-0.06715342778730747,-0.03352007615769955,0.5449249778098338,-0.21680296415038888,-0.5118980953829163,-1.175735064194511,2.4640269015229057,-0.16278112867447064,-1.2316448970959013,-0.1699069165076462,-0.2081478487327801,1.4322604033532795,1.3555735383351193,-1.3555735383351195,1.3555735383351193,-1.3555735383351195,1.3555735383351193,-1.3555735383351195,1.3555735383351193,-1.3555735383351195,-0.4820426798824101,-0.3075623426146228,0.6158384251930635,-0.4820426798824101,-0.3075623426146228,0.6158384251930635,-0.4820426798824101,-0.3075623426146228,0.6158384251930635,-0.13085598064755344,-0.2359813632291101,-0.2662958158485814,-0.19611613513818404,-0.19300937626135234,-0.12168146174384352,-0.06715342778730747,-0.03352007615769955,0.5449249778098338,-0.13085598064755344,-0.2359813632291101,-0.2662958158485814,-0.19611613513818404,-0.19300937626135234,-0.12168146174384352,-0.06715342778730747,-0.03352007615769955,0.5449249778098338,-0.21680296415038888,-0.5118980953829163,-1.175735064194511,2.4640269015229057,-0.16278112867447064
0,-1.5357138044578482,0.8273772438659699,3.1548090514635256,0.7676298785983874,0.14522889558323893,0.5446511676720712,0.96425644365423,-1.5315413136505371,2.717001301042934,-1.5357138044578482,0.8273772438659699,3.1548090514635256,0.7676298785983874,0.14522889558323893,0.5446511676720712,0.96425644365423,-1.5315413136505371,2.717001301042934,-1.1077630844791546,-1.1824357474492813,-0.02245046249620545,-0.27256836985471405,-0.4479714848916696,-1.0335124271982787,-0.9634797430507661,-1.0679505131647973,-0.5358281873946186,0.8635041745453002,3.364042462134573,0.9889639986931354,1.2861505910409892,0.7925352191037062,1.3577269342345568,-1.3511866656994136,3.1465381286954575,2.2709141360544107,1.7349819139643663,1.652747762288681,3.3009460692730155,4.226472700943698,-0.3694246287326534,2.7475812480845243,0.07498045644575013,0.25907383362231745,0.9624460102277982,1.4694387837410756,-0.2943754514063852,1.1118782284385929,-0.11321073729278662,0.9008140925976245,0.880637927627216,-0.5019144239909011,0.6916288566560583,0.5449215208897721,1.1227307914744915,-1.107608862589304,2.8930715351340255,0.9989187709831968,-1.086381470456385,3.6391381257763586,-1.0507990843927357,-0.855906515359889,2.6221854613035673,-0.7376951317802901,0.7376951317802901,-0.4820426798824101,-0.3075623426146228,0.6158384251930635,-0.13085598064755344,-0.2359813632291101,-0.2662958158485814,-0.19611613513818404,-0.19300937626135234,-0.12168146174384352,-0.06715342778730747,-0.03352007615769955,0.5449249778098338,4.612483062299524,-0.5118980953829163,-1.175735064194511,-0.40583972495671383,-0.16278112867447064,-1.2316448970959013,-0.1699069165076462,4.804277373453898,-0.6981970580620328,-0.7376951317802901,0.7376951317802901,-0.7376951317802901,0.7376951317802901,-0.7376951317802901,0.7376951317802901,-0.7376951317802901,0.7376951317802901,-0.4820426798824101,-0.3075623426146228,0.6158384251930635,-0.4820426798824101,-0.3075623426146228,0.6158384251930635,-0.4820426798824101,-0.3075623426146228,0.6158384251930635,-0.13085598064755344,-0.2359813632291101,-0.2662958158485814,-0.19611613513818404,-0.19300937626135234,-0.12168146174384352,-0.06715342778730747,-0.03352007615769955,0.5449249778098338,-0.13085598064755344,-0.2359813632291101,-0.2662958158485814,-0.19611613513818404,-0.19300937626135234,-0.12168146174384352,-0.06715342778730747,-0.03352007615769955,0.5449249778098338,4.612483062299524,-0.5118980953829163,-1.175735064194511,-0.40583972495671383,-0.16278112867447064
0,-1.5318259214085879,0.8273772438659699,-0.47454519624983954,-0.4736736092984604,-0.4989475622371262,0.5446511676720712,0.96425644365423,-0.841999469050927,-0.6244040257055189,-1.5318259214085879,0.8273772438659699,-0.47454519624983954,-0.4736736092984604,-0.4989475622371262,0.5446511676720712,0.96425644365423,-0.841999469050927,-0.6244040257055189,-1.107328372423753,-1.1783541652153178,-0.3760014818308347,-0.3895323082701867,-0.5069186637028525,-1.0300302331310331,-0.9595253530090189,-1.0126107755618383,-0.8146598667257636,0.8635041745453002,-0.4030649954631285,-0.4194008220350217,-0.571347415835755,0.7925352191037062,1.3577269342345568,-0.4975534921199921,-0.3576753639798948,-0.2328872501475753,-0.28708333828187355,-0.32078666523533045,-0.39610534423349997,-0.38113017778990566,-0.3694246287326534,-0.2751579580367754,-0.2900883232983121,-0.2955781683826058,-0.3888554871521795,-0.41265547100857053,-0.2943754514063852,-0.3658086479243954,-0.19836401418550262,-0.33212765423625973,-0.41485036472765574,-0.45666540491192525,-0.4123594838653976,0.5449215208897721,1.1227307914744915,-0.41925594351289297,-0.337529114616601,0.9989187709831968,-0.34421520059278854,-0.22342026433344614,-0.9014630952079639,-0.6574644895504534,-0.4271559153457235,-0.7376951317802901,0.7376951317802901,-0.4820426798824101,-0.3075623426146228,0.6158384251930635,-0.13085598064755344,-0.2359813632291101,-0.2662958158485814,-0.19611613513818404,-0.19300937626135234,-0.12168146174384352,-0.06715342778730747,-0.03352007615769955,0.5449249778098338,-0.21680296415038888,-0.5118980953829163,0.8505317485662419,-0.40583972495671383,-0.16278112867447064,0.8119223343984152,-0.1699069165076462,-0.2081478487327801,-0.6981970580620328,-0.7376951317802901,0.7376951317802901,-0.7376951317802901,0.7376951317802901,-0.7376951317802901,0.7376951317802901,-0.7376951317802901,0.7376951317802901,-0.4820426798824101,-0.3075623426146228,0.6158384251930635,-0.4820426798824101,-0.3075623426146228,0.6158384251930635,-0.4820426798824101,-0.3075623426146228,0.6158384251930635,-0.13085598064755344,-0.2359813632291101,-0.2662958158485814,-0.19611613513818404,-0.19300937626135234,-0.12168146174384352,-0.06715342778730747,-0.03352007615769955,0.5449249778098338,-0.13085598064755344,-0.2359813632291101,-0.2662958158485814,-0.19611613513818404,-0.19300937626135234,-0.12168146174384352,-0.06715342778730747,-0.03352007615769955,0.5449249778098338,-0.21680296415038888,-0.5118980953829163,0.8505317485662419,-0.40583972495671383,-0.16278112867447064
1,-1.5279380383593275,-1.5661069258891576,0.4327933656785018,-0.4736736092984604,0.8900579249380361,-1.8668102534866975,-1.3133832581875537,1.5713969870477085,0.48939774987729867,-1.5279380383593275,-1.5661069258891576,0.4327933656785018,-0.4736736092984604,0.8900579249380361,-1.8668102534866975,-1.3133832581875537,1.5713969870477085,0.48939774987729867,-1.106885219357567,-1.3184884885813912,-0.28414754053311236,-0.3895323082701867,-0.37400637867874525,-1.2027319487540897,-1.1271394426276677,-0.8141326781973791,-0.7168402284030341,-1.4609134070857044,-0.0891393739966534,-0.4194008220350217,0.49284415060404635,-1.6704316554584984,-1.2628331395795704,-0.07073690533028135,-0.3576753639798948,-0.07639966350995119,-0.28708333828187355,0.6406788250968803,-0.35417626015527026,-0.17219794452469814,1.5418115634009901,0.048706956904792466,-0.2900883232983121,-0.2955781683826058,-0.3888554871521795,-0.41265547100857053,-0.2943754514063852,-0.3658086479243954,0.13293545372522053,-0.46899452344532194,-0.14016993676898584,1.7088233652962073,0.5048639118310001,-1.8399449636419904,-1.2523121374645567,-0.9670871128370189,-0.8026846322335551,-1.177626087863427,-0.4806165455356165,-0.5168837696280381,1.973254696598896,1.823060833067492,0.08106764742915833,1.3555735383351193,-1.3555735383351195,2.0745051044939435,-0.3075623426146228,-1.6238025415294657,-0.13085598064755344,-0.2359813632291101,-0.2662958158485814,5.099019513592785,-0.19300937626135234,-0.12168146174384352,-0.06715342778730747,-0.03352007615769955,-1.8351149988007645,-0.21680296415038888,-0.5118980953829163,-1.175735064194511,2.4640269015229057,-0.16278112867447064,-1.2316448970959013,-0.1699069165076462,-0.2081478487327801,1.4322604033532795,1.3555735383351193,-1.3555735383351195,1.3555735383351193,-1.3555735383351195,1.3555735383351193,-1.3555735383351195,1.3555735383351193,-1.3555735383351195,2.0745051044939435,-0.3075623426146228,-1.6238025415294657,2.0745051044939435,-0.3075623426146228,-1.6238025415294657,2.0745051044939435,-0.3075623426146228,-1.6238025415294657,-0.13085598064755344,-0.2359813632291101,-0.2662958158485814,5.099019513592785,-0.19300937626135234,-0.12168146174384352,-0.06715342778730747,-0.03352007615769955,-1.8351149988007645,-0.13085598064755344,-0.2359813632291101,-0.2662958158485814,5.099019513592785,-0.19300937626135234,-0.12168146174384352,-0.06715342778730747,-0.03352007615769955,-1.8351149988007645,-0.21680296415038888,-0.5118980953829163,-1.175735064194511,2.4640269015229057,-0.16278112867447064
1,-1.5240501553100672,-0.3693648410115938,0.4327933656785018,-0.4736736092984604,-0.11646779040628442,0.5446511676720712,-0.5095104222433947,0.19231329784848822,-0.0675031379141101,-1.5240501553100672,-0.3693648410115938,0.4327933656785018,-0.4736736092984604,-0.11646779040628442,0.5446511676720712,-0.5095104222433947,0.19231329784848822,-0.0675031379141101,-1.1064336252805964,-1.2436594809587307,-0.2824144473010799,-0.3895323082701867,-0.46919246926369546,-1.0230658449965422,-1.0647260922576836,-0.9242800405417304,-0.7634645419961108,-0.5892568139740777,0.2247862474698217,-0.4194008220350217,0.028469648884860296,-0.04105904351514409,-0.5569533474872684,0.0715352902662889,-0.1629968366090419,-0.07639966350995119,-0.28708333828187355,0.008135739352004802,0.5281575091431288,0.16061446244642888,0.6923732557860374,-0.05924801474239681,-0.2900883232983121,-0.2955781683826058,-0.3888554871521795,-0.41265547100857053,-0.2943754514063852,-0.3658086479243954,-0.16209288333514058,0.399931507946359,-0.20320282418793778,-0.0817449611146963,-0.22559453904033924,0.5449215208897721,-0.14575511629852972,0.6132734351017236,0.20090432700850336,-0.7538678336953983,-0.21377024625881774,-0.26165318579788244,-0.1174491519879112,0.13630361368728913,-0.23657207930514282,1.3555735383351193,-1.3555735383351195,-0.4820426798824101,-0.3075623426146228,0.6158384251930635,-0.13085598064755344,-0.2359813632291101,-0.2662958158485814,-0.19611613513818404,-0.19300937626135234,-0.12168146174384352,-0.06715342778730747,-0.03352007615769955,0.5449249778098338,-0.21680296415038888,-0.5118980953829163,-1.175735064194511,2.4640269015229057,-0.16278112867447064,-1.2316448970959013,-0.1699069165076462,-0.2081478487327801,1.4322604033532795,1.3555735383351193,-1.3555735383351195,1.3555735383351193,-1.3555735383351195,1.3555735383351193,-1.3555735383351195,1.3555735383351193,-1.3555735383351195,-0.4820426798824101,-0.3075623426146228,0.6158384251930635,-0.4820426798824101,-0.3075623426146228,0.6158384251930635,-0.4820426798824101,-0.3075623426146228,0.6158384251930635,-0.13085598064755344,-0.2359813632291101,-0.2662958158485814,-0.19611613513818404,-0.19300937626135234,-0.12168146174384352,-0.06715342778730747,-0.03352007615769955,0.5449249778098338,-0.13085598064755344,-0.2359813632291101,-0.2662958158485814,-0.19611613513818404,-0.19300937626135234,-0.12168146174384352,-0.06715342778730747,-0.03352007615769955,0.5449249778098338,-0.21680296415038888,-0.5118980953829163,-1.175735064194511,2.4640269015229057,-0.16278112867447064
0,-1.5201622722608068,-1.5661069258891576,-0.47454519624983954,0.7676298785983874,0.5881002103347399,-1.8194778495589943,-1.1168810094012038,1.5713969870477085,-0.0675031379141101,-1.5201622722608068,-1.5661069258891576,-0.47454519624983954,0.7676298785983874,0.5881002103347399,-1.8194778495589943,-1.1168810094012038,1.5713969870477085,-0.0675031379141101,-1.1059735901928414,-1.315767433758749,-0.3760014818308347,-0.2633947276260495,-0.3984195795033152,-1.1988273583650777,-1.1103443927874381,-0.8045546466891746,-0.7616361375414803,-1.4609134070857044,-0.4030649954631285,0.0500541182076973,0.20261008702955507,-1.6548120390977903,-1.1971699031058678,-0.07073690533028135,-0.5523538913507477,-0.2328872501475753,-0.28708333828187355,-0.32078666523533045,-0.39610534423349997,-0.38113017778990566,-0.3694246287326534,-0.2751579580367754,0.07498045644575013,0.5719544501379151,-0.30223359629448865,0.061644365260601956,1.6310705068544655,0.056387602465029836,0.014056388497957385,-0.45117371232398656,-0.07590238454492043,1.2724935384632254,0.06492870846530709,-1.83504312030046,-1.2333314759971623,-0.9090455205480316,-0.8069326278282305,-1.1087392780725651,-0.24474347742487473,-0.5427168246715761,1.973254696598896,0.9300717169250317,-0.23657207930514282,-0.7376951317802901,0.7376951317802901,2.0745051044939435,-0.3075623426146228,-1.6238025415294657,-0.13085598064755344,4.237622777986573,-0.2662958158485814,-0.19611613513818404,-0.19300937626135234,-0.12168146174384352,-0.06715342778730747,-0.03352007615769955,-1.8351149988007645,-0.21680296415038888,-0.5118980953829163,0.8505317485662419,-0.40583972495671383,-0.16278112867447064,-1.2316448970959013,-0.1699069165076462,-0.2081478487327801,1.4322604033532795,-0.7376951317802901,0.7376951317802901,-0.7376951317802901,0.7376951317802901,-0.7376951317802901,0.7376951317802901,-0.7376951317802901,0.7376951317802901,2.0745051044939435,-0.3075623426146228,-1.6238025415294657,2.0745051044939435,-0.3075623426146228,-1.6238025415294657,2.0745051044939435,-0.3075623426146228,-1.6238025415294657,-0.13085598064755344,4.237622777986573,-0.2662958158485814,-0.19611613513818404,-0.19300937626135234,-0.12168146174384352,-0.06715342778730747,-0.03352007615769955,-1.8351149988007645,-0.13085598064755344,4.237622777986573,-0.2662958158485814,-0.19611613513818404,-0.19300937626135234,-0.12168146174384352,-0.06715342778730747,-0.03352007615769955,-1.8351149988007645,-0.21680296415038888,-0.5118980953829163,0.8505317485662419,-0.40583972495671383,-0.16278112867447064
1,-1.5162743892115464,-1.5661069258891576,-0.47454519624983954,-0.4736736092984604,0.06470683835569327,-1.747233654090395,0.96425644365423,1.2266260647479035,-0.6244040257055189,-1.5162743892115464,-1.5661069258891576,-0.47454519624983954,-0.4736736092984604,0.06470683835569327,-1.747233654090395,0.96425644365423,1.2266260647479035,-0.6244040257055189,-1.1055051140943017,-1.314406906347428,-0.3760014818308347,-0.3895323082701867,-0.4490234653135307,-1.1930271357027722,-0.9437077928420301,-0.8295639511828197,-0.8110030578165027,-1.4609134070857044,-0.4030649954631285,-0.4194008220350217,-0.30046228983289647,-1.6309715720209197,-0.5017365349980186,-0.2130091009268516,-0.7470324187216006,-0.2328872501475753,-0.28708333828187355,-0.32078666523533045,-0.39610534423349997,-0.38113017778990566,-0.3694246287326534,-0.2751579580367754,-0.2900883232983121,-0.2955781683826058,-0.3888554871521795,-0.41265547100857053,-0.2943754514063852,-0.3658086479243954,-0.1303339505809958,-0.47682200125128166,0.718701891082857,0.403065957588617,-0.29615018486313904,-1.8243260033503432,-1.050018544785101,-0.8523616263242837,-0.8260486080042697,0.9989187709831968,1.8822836089980008,-0.22342026433344614,1.3385767425636153,-0.06213841212214652,-0.4271559153457235,-0.7376951317802901,0.7376951317802901,-0.4820426798824101,-0.3075623426146228,0.6158384251930635,-0.13085598064755344,-0.2359813632291101,3.755222352305419,-0.19611613513818404,-0.19300937626135234,-0.12168146174384352,-0.06715342778730747,-0.03352007615769955,-1.8351149988007645,-0.21680296415038888,-0.5118980953829163,0.8505317485662419,-0.40583972495671383,-0.16278112867447064,0.8119223343984152,-0.1699069165076462,-0.2081478487327801,-0.6981970580620328,-0.7376951317802901,0.7376951317802901,-0.7376951317802901,0.7376951317802901,-0.7376951317802901,0.7376951317802901,-0.7376951317802901,0.7376951317802901,-0.4820426798824101,-0.3075623426146228,0.6158384251930635,-0.4820426798824101,-0.3075623426146228,0.6158384251930635,-0.4820426798824101,-0.3075623426146228,0.6158384251930635,-0.13085598064755344,-0.2359813632291101,3.755222352305419,-0.19611613513818404,-0.19300937626135234,-0.12168146174384352,-0.06715342778730747,-0.03352007615769955,-1.8351149988007645,-0.13085598064755344,-0.2359813632291101,3.755222352305419,-0.19611613513818404,-0.19300937626135234,-0.12168146174384352,-0.06715342778730747,-0.03352007615769955,-1.8351149988007645,-0.21680296415038888,-0.5118980953829163,0.8505317485662419,-0.40583972495671383,-0.16278112867447064
1,-1.512386506162286,-0.3693648410115938,-0.47454519624983954,-0.4736736092984604,-0.438556019316467,0.5446511676720712,-0.5095104222433947,-0.841999469050927,-0.6244040257055189,-1.512386506162286,-0.3693648410115938,-0.47454519624983954,-0.4736736092984604,-0.438556019316467,0.5446511676720712,-0.5095104222433947,-0.841999469050927,-0.6244040257055189,-1.1050281969849776,-1.2354963164908042,-0.3760014818308347,-0.3895323082701867,-0.4994459751889426,-1.0126192627948054,-1.059146784317562,-1.0072896469461692,-0.8100888555891875,-0.5892568139740777,-0.4030649954631285,-0.4194008220350217,-0.5906963534073878,-0.04105904351514409,-0.5569533474872684,-0.7820978833131326,-0.5523538913507477,-0.2328872501475753,-0.28708333828187355,-0.32078666523533045,-0.39610534423349997,-0.38113017778990566,-0.3694246287326534,-0.2751579580367754,-0.2900883232983121,-0.2955781683826058,-0.3888554871521795,-0.41265547100857053,-0.2943754514063852,-0.3658086479243954,-0.19541373081489902,-0.21653936547058308,-0.5078401192601508,-0.43727296816379274,-0.39990848754372704,0.5449215208897721,-0.14575511629852972,-0.41925594351289297,-0.337529114616601,-0.7538678336953983,-0.7373369807773581,-0.564416590908148,-0.9014630952079639,-0.6574644895504534,-0.4271559153457235,1.3555735383351193,-1.3555735383351195,-0.4820426798824101,-0.3075623426146228,0.6158384251930635,-0.13085598064755344,-0.2359813632291101,-0.2662958158485814,-0.19611613513818404,-0.19300937626135234,-0.12168146174384352,-0.06715342778730747,-0.03352007615769955,0.5449249778098338,-0.21680296415038888,1.9535138126504805,-1.175735064194511,-0.40583972495671383,-0.16278112867447064,0.8119223343984152,-0.1699069165076462,-0.2081478487327801,-0.6981970580620328,1.3555735383351193,-1.3555735383351195,1.3555735383351193,-1.3555735383351195,1.3555735383351193,-1.3555735383351195,1.3555735383351193,-1.3555735383351195,-0.4820426798824101,-0.3075623426146228,0.6158384251930635,-0.4820426798824101,-0.3075623426146228,0.6158384251930635,-0.4820426798824101,-0.3075623426146228,0.6158384251930635,-0.13085598064755344,-0.2359813632291101,-0.2662958158485814,-0.19611613513818404,-0.19300937626135234,-0.12168146174384352,-0.06715342778730747,-0.03352007615769955,0.5449249778098338,-0.13085598064755344,-0.2359813632291101,-0.2662958158485814,-0.19611613513818404,-0.19300937626135234,-0.12168146174384352,-0.06715342778730747,-0.03352007615769955,0.5449249778098338,-0.21680296415038888,1.9535138126504805,-1.175735064194511,-0.40583972495671383,-0.16278112867447064
0,-1.5084986231130257,0.8273772438659699,-0.47454519624983954,-0.4736736092984604,-0.4989475622371262,0.5446511676720712,-1.1168810094012038,-0.1524576244513169,-0.6244040257055189,-1.5084986231130257,0.8273772438659699,-0.47454519624983954,-0.4736736092984604,-0.4989475622371262,0.5446511676720712,-1.1168810094012038,-0.1524576244513169,-0.6244040257055189,-1.104542838864869,-1.153864671811538,-0.3760014818308347,-0.3895323082701867,-0.505395105850502,-1.0091370687275598,-1.1073547977478508,-0.9445003292812731,-0.8091746533618722,0.8635041745453002,-0.4030649954631285,-0.4194008220350217,-0.571347415835755,0.7925352191037062,-0.7285731700889909,0.3560796814594294,-0.3576753639798948,-0.2328872501475753,-0.28708333828187355,-0.32078666523533045,-0.39610534423349997,-0.38113017778990566,-0.3694246287326534,-0.2751579580367754,-0.2900883232983121,-0.2955781683826058,-0.3888554871521795,-0.41265547100857053,-0.2943754514063852,-0.3658086479243954,-0.19836401418550262,-0.33212765423625973,-0.626822817058193,-0.41141638583294937,-0.4123594838653976,0.5449215208897721,-0.6685250661686233,0.2690969755635181,-0.337529114616601,-1.1087392780725651,-0.7123201402201582,-0.7049484103449949,-0.45345512765364804,-0.4590224637410178,-0.4271559153457235,-0.7376951317802901,0.7376951317802901,2.0745051044939435,-0.3075623426146228,-1.6238025415294657,-0.13085598064755344,-0.2359813632291101,-0.2662958158485814,-0.19611613513818404,-0.19300937626135234,-0.12168146174384352,-0.06715342778730747,-0.03352007615769955,0.5449249778098338,-0.21680296415038888,-0.5118980953829163,0.8505317485662419,-0.40583972495671383,-0.16278112867447064,0.8119223343984152,-0.1699069165076462,-0.2081478487327801,-0.6981970580620328,-0.7376951317802901,0.7376951317802901,-0.7376951317802901,0.7376951317802901,-0.7376951317802901,0.7376951317802901,-0.7376951317802901,0.7376951317802901,2.0745051044939435,-0.3075623426146228,-1.6238025415294657,2.0745051044939435,-0.3075623426146228,-1.6238025415294657,2.0745051044939435,-0.3075623426146228,-1.6238025415294657,-0.13085598064755344,-0.2359813632291101,-0.2662958158485814,-0.19611613513818404,-0.19300937626135234,-0.12168146174384352,-0.06715342778730747,-0.03352007615769955,0.5449249778098338,-0.13085598064755344,-0.2359813632291101,-0.2662958158485814,-0.19611613513818404,-0.19300937626135234,-0.12168146174384352,-0.06715342778730747,-0.03352007615769955,0.5449249778098338,-0.21680296415038888,-0.5118980953829163,0.8505317485662419,-0.40583972495671383,-0.16278112867447064
1,-1.5046107400637654,-0.3693648410115938,0.4327933656785018,2.0089333664952354,-0.09633727609939802,0.5446511676720712,-0.5095104222433947,-1.5315413136505371,1.0462986376687076,-1.5046107400637654,-0.3693648410115938,0.4327933656785018,2.0089333664952354,-0.09633727609939802,0.5446511676720712,-0.5095104222433947,-1.5315413136505371,1.0462986376687076,-1.104049039733976,-1.2300542068455198,-0.2737489811409174,-0.1189098625245833,-0.46233645892811787,-1.0056548746603142,-1.055427245690814,-1.0679505131647973,-0.6464466568997613,-0.5892568139740777,0.2247862474698217,1.4584189389358544,0.0671675240281258,-0.04105904351514409,-0.5569533474872684,-1.3511866656994136,0.6157172728743697,-0.07639966350995119,0.7239492878412465,0.020786601066902312,0.5281575091431288,0.16061446244642888,-0.3694246287326534,0.15666192855198174,1.1701867956779368,0.47240152670113406,2.313747507607776,1.3576611153209521,-0.2943754514063852,1.3229763536333055,-0.15902690257745447,0.4384609375349179,-0.18416299324592447,-0.5019144239909011,0.0068240589641778175,0.5449215208897721,-0.14575511629852972,-1.107608862589304,1.2777712102587122,-0.7538678336953983,-1.086381470456385,0.3438736244226488,-1.0507990843927357,-0.855906515359889,0.52576326485718,1.3555735383351193,-1.3555735383351195,-0.4820426798824101,-0.3075623426146228,0.6158384251930635,-0.13085598064755344,-0.2359813632291101,-0.2662958158485814,-0.19611613513818404,-0.19300937626135234,-0.12168146174384352,-0.06715342778730747,-0.03352007615769955,0.5449249778098338,-0.21680296415038888,1.9535138126504805,-1.175735064194511,-0.40583972495671383,-0.16278112867447064,-1.2316448970959013,-0.1699069165076462,-0.2081478487327801,1.4322604033532795,1.3555735383351193,-1.3555735383351195,1.3555735383351193,-1.3555735383351195,1.3555735383351193,-1.3555735383351195,1.3555735383351193,-1.3555735383351195,-0.4820426798824101,-0.3075623426146228,0.6158384251930635,-0.4820426798824101,-0.3075623426146228,0.6158384251930635,-0.4820426798824101,-0.3075623426146228,0.6158384251930635,-0.13085598064755344,-0.2359813632291101,-0.2662958158485814,-0.19611613513818404,-0.19300937626135234,-0.12168146174384352,-0.06715342778730747,-0.03352007615769955,0.5449249778098338,-0.13085598064755344,-0.2359813632291101,-0.2662958158485814,-0.19611613513818404,-0.19300937626135234,-0.12168146174384352,-0.06715342778730747,-0.03352007615769955,0.5449249778098338,-0.21680296415038888,1.9535138126504805,-1.175735064194511,-0.40583972495671383,-0.16278112867447064
0,-1.5007228570145048,0.8273772438659699,4.0621476133918675,2.0089333664952354,0.2861424957314438,0.5446511676720712,0.96425644365423,-1.5315413136505371,3.2739021888343425,-1.5007228570145048,0.8273772438659699,4.0621476133918675,2.0089333664952354,0.2861424957314438,0.5446511676720712,0.96425644365423,-1.5315413136505371,3.2739021888343425,-1.1035467995922983,-1.1457015073436114,0.1439264877789142,-0.11432304141025103,-0.4200033157449483,-1.0021726805930686,-0.9278902326750413,-1.0679505131647973,-0.4233813134348453,0.8635041745453002,4.305819326533998,2.3973288194212925,1.692478280045277,0.7925352191037062,1.3577269342345568,-1.3511866656994136,3.730573710808016,3.679302415793028,4.768079792333726,2.5889115291910967,4.225208922649644,5.378373420627098,-0.3694246287326534,4.043040907850796,1.1701867956779368,1.012831682500803,2.313747507607776,3.351533038490722,-0.2943754514063852,3.0117613551910063,-0.0787907646357445,1.1705200997175367,1.1640259915798443,-0.5019144239909011,1.0859104068422927,0.5449215208897721,1.1227307914744915,-1.107608862589304,3.43150497675913,0.9989187709831968,-1.086381470456385,4.282897857461326,-1.0507990843927357,-0.855906515359889,3.575104641506471,-0.7376951317802901,0.7376951317802901,-0.4820426798824101,-0.3075623426146228,0.6158384251930635,-0.13085598064755344,-0.2359813632291101,-0.2662958158485814,-0.19611613513818404,-0.19300937626135234,-0.12168146174384352,-0.06715342778730747,-0.03352007615769955,0.5449249778098338,4.612483062299524,-0.5118980953829163,-1.175735064194511,-0.40583972495671383,-0.16278112867447064,-1.2316448970959013,5.885575587824865,-0.2081478487327801,-0.6981970580620328,-0.7376951317802901,0.7376951317802901,-0.7376951317802901,0.7376951317802901,-0.7376951317802901,0.7376951317802901,-0.7376951317802901,0.7376951317802901,-0.4820426798824101,-0.3075623426146228,0.6158384251930635,-0.4820426798824101,-0.3075623426146228,0.6158384251930635,-0.4820426798824101,-0.3075623426146228,0.6158384251930635,-0.13085598064755344,-0.2359813632291101,-0.2662958158485814,-0.19611613513818404,-0.19300937626135234,-0.12168146174384352,-0.06715342778730747,-0.03352007615769955,0.5449249778098338,-0.13085598064755344,-0.2359813632291101,-0.2662958158485814,-0.19611613513818404,-0.19300937626135234,-0.12168146174384352,-0.06715342778730747,-0.03352007615769955,0.5449249778098338,4.612483062299524,-0.5118980953829163,-1.175735064194511,-0.40583972495671383,-0.16278112867447064
0,-1.4968349739652445,0.8273772438659699,-0.47454519624983954,-0.4736736092984604,-0.4989475622371262,0.5446511676720712,-1.1168810094012038,-0.841999469050927,-0.6244040257055189,-1.4968349739652445,0.8273772438659699,-0.47454519624983954,-0.4736736092984604,-0.4989475622371262,0.5446511676720712,-1.1168810094012038,-0.841999469050927,-0.6244040257055189,-1.1030361184398363,-1.1416199251096482,-0.3760014818308347,-0.3895323082701867,-0.5046333269243267,-0.9986904865258232,-1.1043652027082633,-1.0030327440536337,-0.8064320466799265,0.8635041745453002,-0.4030649954631285,-0.4194008220350217,-0.571347415835755,0.7925352191037062,-0.7285731700889909,-0.4975534921199921,-0.3576753639798948,-0.2328872501475753,-0.28708333828187355,-0.32078666523533045,-0.39610534423349997,-0.38113017778990566,-0.3694246287326534,-0.2751579580367754,-0.2900883232983121,-0.2955781683826058,-0.3888554871521795,-0.41265547100857053,-0.2943754514063852,-0.3658086479243954,-0.19836401418550262,-0.33212765423625973,-0.626822817058193,-0.45666540491192525,-0.4123594838653976,0.5449215208897721,-0.6685250661686233,-0.41925594351289297,-0.337529114616601,-1.1087392780725651,-0.8993508053382716,-0.7049484103449949,-0.9014630952079639,-0.6574644895504534,-0.4271559153457235,-0.7376951317802901,0.7376951317802901,2.0745051044939435,-0.3075623426146228,-1.6238025415294657,-0.13085598064755344,-0.2359813632291101,-0.2662958158485814,-0.19611613513818404,-0.19300937626135234,-0.12168146174384352,-0.06715342778730747,-0.03352007615769955,0.5449249778098338,-0.21680296415038888,-0.5118980953829163,0.8505317485662419,-0.40583972495671383,-0.16278112867447064,0.8119223343984152,-0.1699069165076462,-0.2081478487327801,-0.6981970580620328,-0.7376951317802901,0.7376951317802901,-0.7376951317802901,0.7376951317802901,-0.7376951317802901,0.7376951317802901,-0.7376951317802901,0.7376951317802901,2.0745051044939435,-0.3075623426146228,-1.6238025415294657,2.0745051044939435,-0.3075623426146228,-1.6238025415294657,2.0745051044939435,-0.3075623426146228,-1.6238025415294657,-0.13085598064755344,-0.2359813632291101,-0.2662958158485814,-0.19611613513818404,-0.19300937626135234,-0.12168146174384352,-0.06715342778730747,-0.03352007615769955,0.5449249778098338,-0.13085598064755344,-0.2359813632291101,-0.2662958158485814,-0.19611613513818404,-0.19300937626135234,-0.12168146174384352,-0.06715342778730747,-0.03352007615769955,0.5449249778098338,-0.21680296415038888,-0.5118980953829163,0.8505317485662419,-0.40583972495671383,-0.16278112867447064
1,-1.492947090915984,-1.5661069258891576,-0.47454519624983954,-0.4736736092984604,0.9705799821655817,-1.8194778495589943,-0.5095104222433947,0.8818551424480984,-0.0675031379141101,-1.492947090915984,-1.5661069258891576,-0.47454519624983954,-0.4736736092984604,0.9705799821655817,-1.8194778495589943,-0.5095104222433947,0.8818551424480984,-0.0675031379141101,-1.1025169962765897,-1.3062437418795014,-0.3760014818308347,-0.3895323082701867,-0.3401979044313468,-1.1972648353861854,-1.0498479377506924,-0.8370135312447564,-0.7488373063590671,-1.4609134070857044,-0.4030649954631285,-0.4194008220350217,0.5702399008905774,-1.6548120390977903,-0.9942108085507874,-0.35528129652342183,-0.5523538913507477,-0.2328872501475753,-0.28708333828187355,-0.32078666523533045,-0.39610534423349997,-0.38113017778990566,-0.3694246287326534,-0.2751579580367754,-0.2900883232983121,-0.2955781683826058,-0.3888554871521795,-0.41265547100857053,-0.2943754514063852,-0.3658086479243954,0.16903303849495885,-0.4042468429533059,0.8249480466807811,1.3080463391681352,0.22264132853980081,-1.83504312030046,-1.1998205817747205,-0.9531707076683144,-0.8069326278282305,-0.7538678336953983,0.13527424342020916,-0.26165318579788244,0.7785667831207204,0.5331876653061604,-0.23657207930514282,1.3555735383351193,-1.3555735383351195,-0.4820426798824101,-0.3075623426146228,0.6158384251930635,-0.13085598064755344,4.237622777986573,-0.2662958158485814,-0.19611613513818404,-0.19300937626135234,-0.12168146174384352,-0.06715342778730747,-0.03352007615769955,-1.8351149988007645,-0.21680296415038888,1.9535138126504805,-1.175735064194511,-0.40583972495671383,-0.16278112867447064,0.8119223343984152,-0.1699069165076462,-0.2081478487327801,-0.6981970580620328,1.3555735383351193,-1.3555735383351195,1.3555735383351193,-1.3555735383351195,1.3555735383351193,-1.3555735383351195,1.3555735383351193,-1.3555735383351195,-0.4820426798824101,-0.3075623426146228,0.6158384251930635,-0.4820426798824101,-0.3075623426146228,0.6158384251930635,-0.4820426798824101,-0.3075623426146228,0.6158384251930635,-0.13085598064755344,4.237622777986573,-0.2662958158485814,-0.19611613513818404,-0.19300937626135234,-0.12168146174384352,-0.06715342778730747,-0.03352007615769955,-1.8351149988007645,-0.13085598064755344,4.237622777986573,-0.2662958158485814,-0.19611613513818404,-0.19300937626135234,-0.12168146174384352,-0.06715342778730747,-0.03352007615769955,-1.8351149988007645,-0.21680296415038888,1.9535138126504805,-1.175735064194511,-0.40583972495671383,-0.16278112867447064
0,-1.4890592078667237,-1.5661069258891576,0.4327933656785018,-0.4736736092984604,1.030971525086241,-1.747233654090395,0.96425644365423,1.2266260647479035,-0.0675031379141101,-1.4890592078667237,-1.5661069258891576,0.4327933656785018,-0.4736736092984604,1.030971525086241,-1.747233654090395,0.96425644365423,1.2266260647479035,-0.0675031379141101,-1.1019894331025586,-1.3048832144681803,-0.2668166082127874,-0.3895323082701867,-0.330439879138911,-1.1907674870871434,-0.9160270625497997,-0.7997656309350725,-0.7470089019044366,-1.4609134070857044,-0.0891393739966534,-0.4194008220350217,0.6282867136054756,-1.6309715720209197,-0.5017365349980186,-0.2130091009268516,-0.5523538913507477,-0.07639966350995119,-0.28708333828187355,0.7292348571011629,-0.31042417242146536,0.770770541893495,1.3294519864972518,-0.05924801474239681,-0.2900883232983121,-0.2955781683826058,-0.3888554871521795,-0.41265547100857053,-0.2943754514063852,-0.3658086479243954,0.19732104963662875,-0.30537743882171786,2.6619343296151645,1.644181909469099,0.2475433211831419,-1.8243260033503432,-1.050018544785101,-0.8523616263242837,-0.7761346597668339,0.9989187709831968,1.8822836089980008,0.42033946735152133,1.3385767425636153,0.7316296911155961,-0.23657207930514282,-0.7376951317802901,0.7376951317802901,-0.4820426798824101,-0.3075623426146228,0.6158384251930635,-0.13085598064755344,-0.2359813632291101,3.755222352305419,-0.19611613513818404,-0.19300937626135234,-0.12168146174384352,-0.06715342778730747,-0.03352007615769955,-1.8351149988007645,-0.21680296415038888,-0.5118980953829163,0.8505317485662419,-0.40583972495671383,-0.16278112867447064,-1.2316448970959013,-0.1699069165076462,-0.2081478487327801,1.4322604033532795,-0.7376951317802901,0.7376951317802901,-0.7376951317802901,0.7376951317802901,-0.7376951317802901,0.7376951317802901,-0.7376951317802901,0.7376951317802901,-0.4820426798824101,-0.3075623426146228,0.6158384251930635,-0.4820426798824101,-0.3075623426146228,0.6158384251930635,-0.4820426798824101,-0.3075623426146228,0.6158384251930635,-0.13085598064755344,-0.2359813632291101,3.755222352305419,-0.19611613513818404,-0.19300937626135234,-0.12168146174384352,-0.06715342778730747,-0.03352007615769955,-1.8351149988007645,-0.13085598064755344,-0.2359813632291101,3.755222352305419,-0.19611613513818404,-0.19300937626135234,-0.12168146174384352,-0.06715342778730747,-0.03352007615769955,-1.8351149988007645,-0.21680296415038888,-0.5118980953829163,0.8505317485662419,-0.40583972495671383,-0.16278112867447064
0,-1.4851713248174634,0.8273772438659699,2.2474704895351842,2.0089333664952354,-0.09633727609939802,0.5446511676720712,0.96425644365423,-1.5315413136505371,2.160100413251525,-1.4851713248174634,0.8273772438659699,2.2474704895351842,2.0089333664952354,-0.09633727609939802,0.5446511676720712,0.96425644365423,-1.5315413136505371,2.160100413251525,-1.101453428917743,-1.1293751784077581,-0.0432475812805954,-0.09597575695292199,-0.4574393086884196,-0.9882439043240865,-0.9120726725080526,-1.0679505131647973,-0.5111447272571074,0.8635041745453002,2.4222655977351475,2.3973288194212925,0.5895888384622101,0.7925352191037062,1.3577269342345568,-1.3511866656994136,2.5625025465828988,1.1755010295910417,2.746014540087486,0.7039331336713679,2.3766832158963864,3.0745719812602963,-0.3694246287326534,1.6680315316126317,1.1701867956779368,0.47240152670113406,2.313747507607776,3.351533038490722,-0.2943754514063852,2.167368854412156,-0.15902690257745447,0.4384609375349179,0.3948298179941391,-0.5019144239909011,0.23094199275424784,0.5449215208897721,1.1227307914744915,-1.107608862589304,2.354638093508921,0.9989187709831968,-1.086381470456385,2.995378394091391,-1.0507990843927357,-0.855906515359889,1.7963221717943845,-0.7376951317802901,0.7376951317802901,-0.4820426798824101,-0.3075623426146228,0.6158384251930635,-0.13085598064755344,-0.2359813632291101,-0.2662958158485814,-0.19611613513818404,-0.19300937626135234,-0.12168146174384352,-0.06715342778730747,-0.03352007615769955,0.5449249778098338,4.612483062299524,-0.5118980953829163,-1.175735064194511,-0.40583972495671383,-0.16278112867447064,-1.2316448970959013,-0.1699069165076462,4.804277373453898,-0.6981970580620328,-0.7376951317802901,0.7376951317802901,-0.7376951317802901,0.7376951317802901,-0.7376951317802901,0.7376951317802901,-0.7376951317802901,0.7376951317802901,-0.4820426798824101,-0.3075623426146228,0.6158384251930635,-0.4820426798824101,-0.3075623426146228,0.6158384251930635,-0.4820426798824101,-0.3075623426146228,0.6158384251930635,-0.13085598064755344,-0.2359813632291101,-0.2662958158485814,-0.19611613513818404,-0.19300937626135234,-0.12168146174384352,-0.06715342778730747,-0.03352007615769955,0.5449249778098338,-0.13085598064755344,-0.2359813632291101,-0.2662958158485814,-0.19611613513818404,-0.19300937626135234,-0.12168146174384352,-0.06715342778730747,-0.03352007615769955,0.5449249778098338,4.612483062299524,-0.5118980953829163,-1.175735064194511,-0.40583972495671383,-0.16278112867447064
0,-1.481283441768203,-1.5661069258891576,-0.47454519624983954,-0.4736736092984604,-0.09633727609939802,0.5446511676720712,-1.1168810094012038,-1.5315413136505371,-0.6244040257055189,-1.481283441768203,-1.5661069258891576,-0.47454519624983954,-0.4736736092984604,-0.09633727609939802,0.5446511676720712,-1.1168810094012038,-1.5315413136505371,-0.6244040257055189,-1.1009089837221429,-1.3021621596455382,-0.3760014818308347,-0.3895323082701867,-0.45645987864047993,-0.9847617102568409,-1.1003790759888137,-1.0679505131647973,-0.8027752377706656,-1.4609134070857044,-0.4030649954631285,-0.4194008220350217,-0.4552537904059585,-0.8746533061339944,-1.1971699031058678,-1.3511866656994136,-0.7470324187216006,-0.2328872501475753,-0.28708333828187355,-0.32078666523533045,-0.39610534423349997,-0.38113017778990566,-0.3694246287326534,-0.2751579580367754,-0.2900883232983121,-0.2955781683826058,-0.3888554871521795,-0.41265547100857053,-0.2943754514063852,-0.3658086479243954,-0.15902690257745447,0.4384609375349179,-0.4227782124236476,-0.5019144239909011,-0.3293528417209272,0.5449215208897721,-0.6685250661686233,-1.107608862589304,-0.337529114616601,-1.1087392780725651,-1.086381470456385,-0.7049484103449949,-1.0507990843927357,-0.855906515359889,-0.4271559153457235,-0.7376951317802901,0.7376951317802901,2.0745051044939435,-0.3075623426146228,-1.6238025415294657,-0.13085598064755344,-0.2359813632291101,-0.2662958158485814,-0.19611613513818404,-0.19300937626135234,-0.12168146174384352,-0.06715342778730747,-0.03352007615769955,0.5449249778098338,-0.21680296415038888,-0.5118980953829163,0.8505317485662419,-0.40583972495671383,-0.16278112867447064,0.8119223343984152,-0.1699069165076462,-0.2081478487327801,-0.6981970580620328,-0.7376951317802901,0.7376951317802901,-0.7376951317802901,0.7376951317802901,-0.7376951317802901,0.7376951317802901,-0.7376951317802901,0.7376951317802901,2.0745051044939435,-0.3075623426146228,-1.6238025415294657,2.0745051044939435,-0.3075623426146228,-1.6238025415294657,2.0745051044939435,-0.3075623426146228,-1.6238025415294657,-0.13085598064755344,-0.2359813632291101,-0.2662958158485814,-0.19611613513818404,-0.19300937626135234,-0.12168146174384352,-0.06715342778730747,-0.03352007615769955,0.5449249778098338,-0.13085598064755344,-0.2359813632291101,-0.2662958158485814,-0.19611613513818404,-0.19300937626135234,-0.12168146174384352,-0.06715342778730747,-0.03352007615769955,0.5449249778098338,-0.21680296415038888,-0.5118980953829163,0.8505317485662419,-0.40583972495671383,-0.16278112867447064
1,-1.4773955587189427,0.8273772438659699,0.4327933656785018,0.7676298785983874,-0.33790344778203496,0.5446511676720712,-1.1168810094012038,-0.1524576244513169,0.48939774987729867,-1.4773955587189427,0.8273772438659699,0.4327933656785018,0.7676298785983874,-0.33790344778203496,0.5446511676720712,-1.1168810094012038,-0.1524576244513169,0.48939774987729867,-1.1003560975157582,-1.1212120139398316,-0.26161732851668995,-0.2381672114972221,-0.48421039666543686,-0.9812795161895954,-1.099382544308951,-0.9274727177111319,-0.68118634153774,0.8635041745453002,0.5387118689362969,0.9889639986931354,-0.10697291411656897,0.7925352191037062,-0.7285731700889909,0.3560796814594294,0.8103958002452226,-0.07639966350995119,0.2184329747796864,-0.1310237395118678,0.5281575091431288,-0.09084380059842266,0.48001367888229923,0.048706956904792466,0.07498045644575013,-0.08225047530378916,0.9624460102277982,0.061644365260601956,0.5613783078206596,0.26748572765974243,-0.1881826441222431,-0.023892217527788678,-0.5452049752043748,-0.30799005650957584,-0.2546468637909039,0.5449215208897721,-0.6685250661686233,0.2690969755635181,0.7393377686336078,-1.1087392780725651,-0.7123201402201582,-0.38048523899815734,-0.45345512765364804,0.33474563949672476,0.08106764742915833,-0.7376951317802901,0.7376951317802901,2.0745051044939435,-0.3075623426146228,-1.6238025415294657,-0.13085598064755344,-0.2359813632291101,-0.2662958158485814,-0.19611613513818404,-0.19300937626135234,-0.12168146174384352,-0.06715342778730747,-0.03352007615769955,0.5449249778098338,4.612483062299524,-0.5118980953829163,-1.175735064194511,-0.40583972495671383,-0.16278112867447064,-1.2316448970959013,-0.1699069165076462,-0.2081478487327801,1.4322604033532795,-0.7376951317802901,0.7376951317802901,-0.7376951317802901,0.7376951317802901,-0.7376951317802901,0.7376951317802901,-0.7376951317802901,0.7376951317802901,2.0745051044939435,-0.3075623426146228,-1.6238025415294657,2.0745051044939435,-0.3075623426146228,-1.6238025415294657,2.0745051044939435,-0.3075623426146228,-1.6238025415294657,-0.13085598064755344,-0.2359813632291101,-0.2662958158485814,-0.19611613513818404,-0.19300937626135234,-0.12168146174384352,-0.06715342778730747,-0.03352007615769955,0.5449249778098338,-0.13085598064755344,-0.2359813632291101,-0.2662958158485814,-0.19611613513818404,-0.19300937626135234,-0.12168146174384352,-0.06715342778730747,-0.03352007615769955,0.5449249778098338,4.612483062299524,-0.5118980953829163,-1.175735064194511,-0.40583972495671383,-0.16278112867447064
1,-1.4735076756696823,-0.3693648410115938,-0.47454519624983954,-0.4736736092984604,-0.438556019316467,-1.9290897323389384,-0.5095104222433947,0.19231329784848822,-0.6244040257055189,-1.4735076756696823,-0.3693648410115938,-0.47454519624983954,-0.4736736092984604,-0.438556019316467,-1.9290897323389384,-0.5095104222433947,0.19231329784848822,-0.6244040257055189,-1.0997947702985893,-1.2082857682643822,-0.3760014818308347,-0.3895323082701867,-0.4958184564928698,-1.2062725228007665,-1.040549091183823,-0.889692704539881,-0.8009468333160352,-0.5892568139740777,-0.4030649954631285,-0.4194008220350217,-0.5906963534073878,-1.6737199957449633,-0.5569533474872684,0.0715352902662889,-0.5523538913507477,-0.2328872501475753,-0.28708333828187355,-0.32078666523533045,-0.39610534423349997,-0.38113017778990566,-0.3694246287326534,-0.2751579580367754,-0.2900883232983121,-0.2955781683826058,-0.3888554871521795,-0.41265547100857053,-0.2943754514063852,-0.3658086479243954,-0.19541373081489902,-0.5938541936899023,-0.5078401192601508,-0.34031078442313006,-0.39990848754372704,-1.8438380824646854,-1.2486918994574943,-1.071969288376768,-0.8648115678056826,-0.7538678336953983,-0.21377024625881774,-0.564416590908148,-0.1174491519879112,-0.3598014508363,-0.4271559153457235,1.3555735383351193,-1.3555735383351195,-0.4820426798824101,-0.3075623426146228,0.6158384251930635,-0.13085598064755344,-0.2359813632291101,-0.2662958158485814,-0.19611613513818404,-0.19300937626135234,8.218178723930356,-0.06715342778730747,-0.03352007615769955,-1.8351149988007645,-0.21680296415038888,-0.5118980953829163,-1.175735064194511,2.4640269015229057,-0.16278112867447064,0.8119223343984152,-0.1699069165076462,-0.2081478487327801,-0.6981970580620328,1.3555735383351193,-1.3555735383351195,1.3555735383351193,-1.3555735383351195,1.3555735383351193,-1.3555735383351195,1.3555735383351193,-1.3555735383351195,-0.4820426798824101,-0.3075623426146228,0.6158384251930635,-0.4820426798824101,-0.3075623426146228,0.6158384251930635,-0.4820426798824101,-0.3075623426146228,0.6158384251930635,-0.13085598064755344,-0.2359813632291101,-0.2662958158485814,-0.19611613513818404,-0.19300937626135234,8.218178723930356,-0.06715342778730747,-0.03352007615769955,-1.8351149988007645,-0.13085598064755344,-0.2359813632291101,-0.2662958158485814,-0.19611613513818404,-0.19300937626135234,8.218178723930356,-0.06715342778730747,-0.03352007615769955,-1.8351149988007645,-0.21680296415038888,-0.5118980953829163,-1.175735064194511,2.4640269015229057,-0.16278112867447064
0,-1.469619792620422,0.8273772438659699,-0.47454519624983954,-0.4736736092984604,-0.4788170479302398,0.5446511676720712,0.96425644365423,-1.1867703913507321,-0.6244040257055189,-1.469619792620422,0.8273772438659699,-0.47454519624983954,-0.4736736092984604,-0.4788170479302398,0.5446511676720712,0.96425644365423,-1.1867703913507321,-0.6244040257055189,-1.0992250020706358,-1.113048849471905,-0.3760014818308347,-0.3895323082701867,-0.5003891300499215,-0.9743151280551042,-0.8962551123410637,-1.0317668385782472,-0.8000326310887199,0.8635041745453002,-0.4030649954631285,-0.4194008220350217,-0.5133006031208568,0.7925352191037062,1.3577269342345568,-0.9243700789097029,-0.3576753639798948,-0.2328872501475753,-0.28708333828187355,-0.32078666523533045,-0.39610534423349997,-0.38113017778990566,-0.3694246287326534,-0.2751579580367754,-0.2900883232983121,-0.2955781683826058,-0.3888554871521795,-0.41265547100857053,-0.2943754514063852,-0.3658086479243954,-0.1974962837823839,-0.29359822464770086,-0.374366355591566,-0.47605784166005777,-0.40820915175817407,0.5449215208897721,1.1227307914744915,-0.7634324030510985,-0.337529114616601,0.9989187709831968,-0.7152983355245868,-0.22342026433344614,-1.0134650870965427,-0.7566855024551713,-0.4271559153457235,-0.7376951317802901,0.7376951317802901,-0.4820426798824101,-0.3075623426146228,0.6158384251930635,-0.13085598064755344,-0.2359813632291101,-0.2662958158485814,-0.19611613513818404,-0.19300937626135234,-0.12168146174384352,-0.06715342778730747,-0.03352007615769955,0.5449249778098338,-0.21680296415038888,-0.5118980953829163,0.8505317485662419,-0.40583972495671383,-0.16278112867447064,0.8119223343984152,-0.1699069165076462,-0.2081478487327801,-0.6981970580620328,-0.7376951317802901,0.7376951317802901,-0.7376951317802901,0.7376951317802901,-0.7376951317802901,0.7376951317802901,-0.7376951317802901,0.7376951317802901,-0.4820426798824101,-0.3075623426146228,0.6158384251930635,-0.4820426798824101,-0.3075623426146228,0.6158384251930635,-0.4820426798824101,-0.3075623426146228,0.6158384251930635,-0.13085598064755344,-0.2359813632291101,-0.2662958158485814,-0.19611613513818404,-0.19300937626135234,-0.12168146174384352,-0.06715342778730747,-0.03352007615769955,0.5449249778098338,-0.13085598064755344,-0.2359813632291101,-0.2662958158485814,-0.19611613513818404,-0.19300937626135234,-0.12168146174384352,-0.06715342778730747,-0.03352007615769955,0.5449249778098338,-0.21680296415038888,-0.5118980953829163,0.8505317485662419,-0.40583972495671383,-0.16278112867447064
1,-1.4657319095711616,0.8273772438659699,3.1548090514635256,2.0089333664952354,-0.4989475622371262,0.5446511676720712,-0.5095104222433947,-1.1867703913507321,-0.6244040257055189,-1.4657319095711616,0.8273772438659699,3.1548090514635256,2.0089333664952354,-0.4989475622371262,0.5446511676720712,-0.5095104222433947,-1.1867703913507321,-0.6244040257055189,-1.0986467928318977,-1.1089672672379418,0.10233225021013428,-0.07304165138126069,-0.5026019164545259,-0.9708329339878586,-1.0368295525570752,-1.0312347257166803,-0.7991184288614047,0.8635041745453002,3.364042462134573,2.3973288194212925,-0.571347415835755,0.7925352191037062,-0.11969588642374947,-0.9243700789097029,-0.3576753639798948,2.2709141360544107,3.757047166210606,0.03343746278179982,3.3009460692730155,1.7858483831554324,0.48001367888229923,0.15666192855198174,1.1701867956779368,-0.0964723215090436,2.313747507607776,1.3576611153209521,0.13350142820713717,0.056387602465029836,-0.19836401418550262,-0.33212765423625973,-0.5649596120861907,-0.4792899144514132,-0.4123594838653976,0.5449215208897721,-0.14575511629852972,-0.7634324030510985,-0.337529114616601,-0.7538678336953983,-0.9118592256168716,-0.564416590908148,-1.0134650870965427,-0.7566855024551713,-0.4271559153457235,1.3555735383351193,-1.3555735383351195,-0.4820426798824101,-0.3075623426146228,0.6158384251930635,-0.13085598064755344,-0.2359813632291101,-0.2662958158485814,-0.19611613513818404,-0.19300937626135234,-0.12168146174384352,-0.06715342778730747,-0.03352007615769955,0.5449249778098338,-0.21680296415038888,1.9535138126504805,-1.175735064194511,-0.40583972495671383,-0.16278112867447064,-1.2316448970959013,5.885575587824865,-0.2081478487327801,-0.6981970580620328,1.3555735383351193,-1.3555735383351195,1.3555735383351193,-1.3555735383351195,1.3555735383351193,-1.3555735383351195,1.3555735383351193,-1.3555735383351195,-0.4820426798824101,-0.3075623426146228,0.6158384251930635,-0.4820426798824101,-0.3075623426146228,0.6158384251930635,-0.4820426798824101,-0.3075623426146228,0.6158384251930635,-0.13085598064755344,-0.2359813632291101,-0.2662958158485814,-0.19611613513818404,-0.19300937626135234,-0.12168146174384352,-0.06715342778730747,-0.03352007615769955,0.5449249778098338,-0.13085598064755344,-0.2359813632291101,-0.2662958158485814,-0.19611613513818404,-0.19300937626135234,-0.12168146174384352,-0.06715342778730747,-0.03352007615769955,0.5449249778098338,-0.21680296415038888,1.9535138126504805,-1.175735064194511,-0.40583972495671383,-0.16278112867447064
0,-1.461844026521901,0.8273772438659699,1.340131927606843,-0.4736736092984604,-0.4788170479302398,0.5446511676720712,0.96425644365423,-0.1524576244513169,-0.6244040257055189,-1.461844026521901,0.8273772438659699,1.340131927606843,-0.4736736092984604,-0.4788170479302398,0.5446511676720712,0.96425644365423,-0.1524576244513169,-0.6244040257055189,-1.098060142582375,-1.1048856850039783,-0.1333684293462852,-0.3895323082701867,-0.4998087270585499,-0.9673507399206132,-0.8883463322575693,-0.9189589119260613,-0.7982042266340895,0.8635041745453002,1.480488733335722,-0.4194008220350217,-0.5133006031208568,0.7925352191037062,1.3577269342345568,0.3560796814594294,-0.3576753639798948,0.39306309640292114,-0.28708333828187355,-0.1183728777969703,1.4524203625197576,1.9226712615768957,1.3294519864972518,-0.05924801474239681,-0.2900883232983121,-0.2955781683826058,-0.3888554871521795,-0.41265547100857053,-0.2943754514063852,-0.3658086479243954,-0.1974962837823839,-0.29359822464770086,-0.374366355591566,-0.39848809466752766,-0.40820915175817407,0.5449215208897721,1.1227307914744915,0.2690969755635181,-0.337529114616601,0.9989187709831968,0.3979510692708079,-0.22342026433344614,-0.45345512765364804,-0.4590224637410178,-0.4271559153457235,-0.7376951317802901,0.7376951317802901,-0.4820426798824101,-0.3075623426146228,0.6158384251930635,-0.13085598064755344,-0.2359813632291101,-0.2662958158485814,-0.19611613513818404,-0.19300937626135234,-0.12168146174384352,-0.06715342778730747,-0.03352007615769955,0.5449249778098338,-0.21680296415038888,-0.5118980953829163,0.8505317485662419,-0.40583972495671383,-0.16278112867447064,-1.2316448970959013,-0.1699069165076462,-0.2081478487327801,1.4322604033532795,-0.7376951317802901,0.7376951317802901,-0.7376951317802901,0.7376951317802901,-0.7376951317802901,0.7376951317802901,-0.7376951317802901,0.7376951317802901,-0.4820426798824101,-0.3075623426146228,0.6158384251930635,-0.4820426798824101,-0.3075623426146228,0.6158384251930635,-0.4820426798824101,-0.3075623426146228,0.6158384251930635,-0.13085598064755344,-0.2359813632291101,-0.2662958158485814,-0.19611613513818404,-0.19300937626135234,-0.12168146174384352,-0.06715342778730747,-0.03352007615769955,0.5449249778098338,-0.13085598064755344,-0.2359813632291101,-0.2662958158485814,-0.19611613513818404,-0.19300937626135234,-0.12168146174384352,-0.06715342778730747,-0.03352007615769955,0.5449249778098338,-0.21680296415038888,-0.5118980953829163,0.8505317485662419,-0.40583972495671383,-0.16278112867447064
0,-1.4579561434726407,-0.3693648410115938,-0.47454519624983954,-0.4736736092984604,-0.438556019316467,0.5446511676720712,0.96425644365423,0.5370842201482933,-0.6244040257055189,-1.4579561434726407,-0.3693648410115938,-0.47454519624983954,-0.4736736092984604,-0.438556019316467,0.5446511676720712,0.96425644365423,0.5370842201482933,-0.6244040257055189,-1.097465051322068,-1.1974015489738132,-0.3760014818308347,-0.3895323082701867,-0.4943674490144407,-0.9638685458533676,-0.8843919422158222,-0.8412704341372917,-0.7972900244067743,-0.5892568139740777,-0.4030649954631285,-0.4194008220350217,-0.5906963534073878,-0.04105904351514409,0.42799519961826915,0.3560796814594294,-0.5523538913507477,-0.2328872501475753,-0.28708333828187355,-0.32078666523533045,-0.39610534423349997,-0.38113017778990566,-0.3694246287326534,-0.2751579580367754,-0.2900883232983121,-0.2955781683826058,-0.3888554871521795,-0.41265547100857053,-0.2943754514063852,-0.3658086479243954,-0.19541373081489902,-0.21653936547058308,-0.2933983373193865,-0.30799005650957584,-0.39990848754372704,0.5449215208897721,1.1227307914744915,0.9574498946399291,-0.337529114616601,0.9989187709831968,1.1401173391344044,-0.22342026433344614,0.29322481827021163,-0.26058043793158214,-0.4271559153457235,-0.7376951317802901,0.7376951317802901,-0.4820426798824101,-0.3075623426146228,0.6158384251930635,-0.13085598064755344,-0.2359813632291101,-0.2662958158485814,-0.19611613513818404,-0.19300937626135234,-0.12168146174384352,-0.06715342778730747,-0.03352007615769955,0.5449249778098338,-0.21680296415038888,-0.5118980953829163,0.8505317485662419,-0.40583972495671383,-0.16278112867447064,0.8119223343984152,-0.1699069165076462,-0.2081478487327801,-0.6981970580620328,-0.7376951317802901,0.7376951317802901,-0.7376951317802901,0.7376951317802901,-0.7376951317802901,0.7376951317802901,-0.7376951317802901,0.7376951317802901,-0.4820426798824101,-0.3075623426146228,0.6158384251930635,-0.4820426798824101,-0.3075623426146228,0.6158384251930635,-0.4820426798824101,-0.3075623426146228,0.6158384251930635,-0.13085598064755344,-0.2359813632291101,-0.2662958158485814,-0.19611613513818404,-0.19300937626135234,-0.12168146174384352,-0.06715342778730747,-0.03352007615769955,0.5449249778098338,-0.13085598064755344,-0.2359813632291101,-0.2662958158485814,-0.19611613513818404,-0.19300937626135234,-0.12168146174384352,-0.06715342778730747,-0.03352007615769955,0.5449249778098338,-0.21680296415038888,-0.5118980953829163,0.8505317485662419,-0.40583972495671383,-0.16278112867447064
0,-1.4540682604233803,0.8273772438659699,4.0621476133918675,2.0089333664952354,0.2861424957314438,0.5446511676720712,-0.5095104222433947,-1.5315413136505371,3.2739021888343425,-1.4540682604233803,0.8273772438659699,4.0621476133918675,2.0089333664952354,0.2861424957314438,0.5446511676720712,-0.5095104222433947,-1.5315413136505371,3.2739021888343425,-1.0968615190509765,-1.0967225205360518,0.24791208170086396,-0.059281188038263904,-0.3999794125426265,-0.960386351786122,-1.0312502446169536,-1.0679505131647973,-0.33561789961258326,0.8635041745453002,4.305819326533998,2.3973288194212925,1.692478280045277,0.7925352191037062,-0.11969588642374947,-1.3511866656994136,3.730573710808016,3.679302415793028,4.768079792333726,2.5889115291910967,4.225208922649644,2.327593023391767,-0.3694246287326534,4.043040907850796,1.1701867956779368,1.012831682500803,2.313747507607776,1.3576611153209521,-0.2943754514063852,3.0117613551910063,-0.0787907646357445,1.1705200997175367,0.1775937946523285,-0.5019144239909011,1.0859104068422927,0.5449215208897721,-0.14575511629852972,-1.107608862589304,3.43150497675913,-0.7538678336953983,-1.086381470456385,1.5549272448637113,-1.0507990843927357,-0.855906515359889,3.575104641506471,1.3555735383351193,-1.3555735383351195,-0.4820426798824101,-0.3075623426146228,0.6158384251930635,-0.13085598064755344,-0.2359813632291101,-0.2662958158485814,-0.19611613513818404,-0.19300937626135234,-0.12168146174384352,-0.06715342778730747,-0.03352007615769955,0.5449249778098338,-0.21680296415038888,1.9535138126504805,-1.175735064194511,-0.40583972495671383,-0.16278112867447064,-1.2316448970959013,5.885575587824865,-0.2081478487327801,-0.6981970580620328,1.3555735383351193,-1.3555735383351195,1.3555735383351193,-1.3555735383351195,1.3555735383351193,-1.3555735383351195,1.3555735383351193,-1.3555735383351195,-0.4820426798824101,-0.3075623426146228,0.6158384251930635,-0.4820426798824101,-0.3075623426146228,0.6158384251930635,-0.4820426798824101,-0.3075623426146228,0.6158384251930635,-0.13085598064755344,-0.2359813632291101,-0.2662958158485814,-0.19611613513818404,-0.19300937626135234,-0.12168146174384352,-0.06715342778730747,-0.03352007615769955,0.5449249778098338,-0.13085598064755344,-0.2359813632291101,-0.2662958158485814,-0.19611613513818404,-0.19300937626135234,-0.12168146174384352,-0.06715342778730747,-0.03352007615769955,0.5449249778098338,-0.21680296415038888,1.9535138126504805,-1.175735064194511,-0.40583972495671383,-0.16278112867447064
0,-1.45018037737412,-0.3693648410115938,-0.47454519624983954,-0.4736736092984604,0.8296663820173769,0.5446511676720712,0.96425644365423,-0.841999469050927,2.717001301042934,-1.45018037737412,-0.3693648410115938,-0.47454519624983954,-0.4736736092984604,0.8296663820173769,0.5446511676720712,0.96425644365423,-0.841999469050927,2.717001301042934,-1.0962495457691004,-1.1919594393285289,-0.3760014818308347,-0.3895323082701867,-0.3268123604428382,-0.9569041577188764,-0.8764831621323277,-0.9902620353760279,-0.3950410443880732,-0.5892568139740777,-0.4030649954631285,-0.4194008220350217,1.847269780618339,-0.04105904351514409,0.42799519961826915,-0.7820978833131326,1.783788437099487,-0.2328872501475753,-0.28708333828187355,-0.32078666523533045,-0.39610534423349997,-0.38113017778990566,-0.3694246287326534,-0.2751579580367754,-0.2900883232983121,-0.2955781683826058,-0.3888554871521795,-0.41265547100857053,-0.2943754514063852,-0.3658086479243954,0.10707708771228301,2.2108146986086266,2.2570942382542674,-0.03003179645300955,1.6794078981752558,0.5449215208897721,1.1227307914744915,-0.41925594351289297,2.8930715351340255,0.9989187709831968,-0.34421520059278854,3.6391381257763586,-0.9014630952079639,0.5331876653061604,2.6221854613035673,-0.7376951317802901,0.7376951317802901,-0.4820426798824101,-0.3075623426146228,0.6158384251930635,-0.13085598064755344,-0.2359813632291101,-0.2662958158485814,-0.19611613513818404,-0.19300937626135234,-0.12168146174384352,-0.06715342778730747,-0.03352007615769955,0.5449249778098338,-0.21680296415038888,-0.5118980953829163,0.8505317485662419,-0.40583972495671383,-0.16278112867447064,0.8119223343984152,-0.1699069165076462,-0.2081478487327801,-0.6981970580620328,-0.7376951317802901,0.7376951317802901,-0.7376951317802901,0.7376951317802901,-0.7376951317802901,0.7376951317802901,-0.7376951317802901,0.7376951317802901,-0.4820426798824101,-0.3075623426146228,0.6158384251930635,-0.4820426798824101,-0.3075623426146228,0.6158384251930635,-0.4820426798824101,-0.3075623426146228,0.6158384251930635,-0.13085598064755344,-0.2359813632291101,-0.2662958158485814,-0.19611613513818404,-0.19300937626135234,-0.12168146174384352,-0.06715342778730747,-0.03352007615769955,0.5449249778098338,-0.13085598064755344,-0.2359813632291101,-0.2662958158485814,-0.19611613513818404,-0.19300937626135234,-0.12168146174384352,-0.06715342778730747,-0.03352007615769955,0.5449249778098338,-0.21680296415038888,-0.5118980953829163,0.8505317485662419,-0.40583972495671383,-0.16278112867447064
0,-1.4462924943248596,0.8273772438659699,0.4327933656785018,-0.4736736092984604,-0.35803396208892135,0.5446511676720712,-1.1168810094012038,-0.1524576244513169,-0.0675031379141101,-1.4462924943248596,0.8273772438659699,0.4327933656785018,-0.4736736092984604,-0.35803396208892135,0.5446511676720712,-1.1168810094012038,-0.1524576244513169,-0.0675031379141101,-1.09562913147644,-1.0885593560681253,-0.24775258266042996,-0.3895323082701867,-0.48254173806524336,-0.9534219636516309,-1.0914102908700514,-0.9104451061409906,-0.7268964529035016,0.8635041745453002,0.5387118689362969,-0.4194008220350217,-0.16501972683146723,0.7925352191037062,-0.7285731700889909,0.3560796814594294,0.2263602181326639,-0.07639966350995119,-0.28708333828187355,-0.1436746012267653,0.5281575091431288,-0.09084380059842266,0.48001367888229923,-0.05924801474239681,-0.2900883232983121,-0.2955781683826058,-0.3888554871521795,-0.41265547100857053,-0.2943754514063852,-0.3658086479243954,-0.18986025623493927,-0.06242164711634756,-0.5554072054361021,-0.32091834767499755,-0.32520250961370367,0.5449215208897721,-0.6685250661686233,0.2690969755635181,0.20090432700850336,-1.1087392780725651,-0.7123201402201582,-0.5427168246715761,-0.45345512765364804,-0.06213841212214652,-0.23657207930514282,-0.7376951317802901,0.7376951317802901,2.0745051044939435,-0.3075623426146228,-1.6238025415294657,-0.13085598064755344,-0.2359813632291101,-0.2662958158485814,-0.19611613513818404,-0.19300937626135234,-0.12168146174384352,-0.06715342778730747,-0.03352007615769955,0.5449249778098338,-0.21680296415038888,-0.5118980953829163,0.8505317485662419,-0.40583972495671383,-0.16278112867447064,-1.2316448970959013,-0.1699069165076462,-0.2081478487327801,1.4322604033532795,-0.7376951317802901,0.7376951317802901,-0.7376951317802901,0.7376951317802901,-0.7376951317802901,0.7376951317802901,-0.7376951317802901,0.7376951317802901,2.0745051044939435,-0.3075623426146228,-1.6238025415294657,2.0745051044939435,-0.3075623426146228,-1.6238025415294657,2.0745051044939435,-0.3075623426146228,-1.6238025415294657,-0.13085598064755344,-0.2359813632291101,-0.2662958158485814,-0.19611613513818404,-0.19300937626135234,-0.12168146174384352,-0.06715342778730747,-0.03352007615769955,0.5449249778098338,-0.13085598064755344,-0.2359813632291101,-0.2662958158485814,-0.19611613513818404,-0.19300937626135234,-0.12168146174384352,-0.06715342778730747,-0.03352007615769955,0.5449249778098338,-0.21680296415038888,-0.5118980953829163,0.8505317485662419,-0.40583972495671383,-0.16278112867447064
1,-1.4424046112755993,0.8273772438659699,-0.47454519624983954,-0.4736736092984604,0.4874476388003079,0.5446511676720712,0.96425644365423,0.5370842201482933,3.2739021888343425,-1.4424046112755993,0.8273772438659699,-0.47454519624983954,-0.4736736092984604,0.4874476388003079,0.5446511676720712,0.96425644365423,0.5370842201482933,3.2739021888343425,-1.095000276172995,-1.084477773834162,-0.3760014818308347,-0.3895323082701867,-0.36776704652150005,-0.9499397695843853,-0.8685743820488333,-0.8284997254596859,-0.31367704615701775,0.8635041745453002,-0.4030649954631285,-0.4194008220350217,2.2729464071942593,0.7925352191037062,1.3577269342345568,1.209712855038851,3.730573710808016,-0.2328872501475753,-0.28708333828187355,-0.32078666523533045,-0.39610534423349997,-0.38113017778990566,-0.3694246287326534,-0.2751579580367754,-0.2900883232983121,-0.2955781683826058,-0.3888554871521795,-0.41265547100857053,-0.2943754514063852,-0.3658086479243954,-0.019785097223672273,1.5558143956031254,1.5688660829407417,0.5840620339045206,1.4179369754201743,0.5449215208897721,1.1227307914744915,0.9574498946399291,3.43150497675913,0.9989187709831968,1.1401173391344044,4.282897857461326,0.29322481827021163,3.9067021040665657,3.575104641506471,-0.7376951317802901,0.7376951317802901,-0.4820426798824101,-0.3075623426146228,0.6158384251930635,-0.13085598064755344,-0.2359813632291101,-0.2662958158485814,-0.19611613513818404,-0.19300937626135234,-0.12168146174384352,-0.06715342778730747,-0.03352007615769955,0.5449249778098338,-0.21680296415038888,-0.5118980953829163,0.8505317485662419,-0.40583972495671383,-0.16278112867447064,0.8119223343984152,-0.1699069165076462,-0.2081478487327801,-0.6981970580620328,-0.7376951317802901,0.7376951317802901,-0.7376951317802901,0.7376951317802901,-0.7376951317802901,0.7376951317802901,-0.7376951317802901,0.7376951317802901,-0.4820426798824101,-0.3075623426146228,0.6158384251930635,-0.4820426798824101,-0.3075623426146228,0.6158384251930635,-0.4820426798824101,-0.3075623426146228,0.6158384251930635,-0.13085598064755344,-0.2359813632291101,-0.2662958158485814,-0.19611613513818404,-0.19300937626135234,-0.12168146174384352,-0.06715342778730747,-0.03352007615769955,0.5449249778098338,-0.13085598064755344,-0.2359813632291101,-0.2662958158485814,-0.19611613513818404,-0.19300937626135234,-0.12168146174384352,-0.06715342778730747,-0.03352007615769955,0.5449249778098338,-0.21680296415038888,-0.5118980953829163,0.8505317485662419,-0.40583972495671383,-0.16278112867447064
0,-1.438516728226339,0.8273772438659699,-0.47454519624983954,-0.4736736092984604,-0.4989475622371262,-1.9290897323389384,0.96425644365423,-0.497228546751122,-0.6244040257055189,-1.438516728226339,0.8273772438659699,-0.47454519624983954,-0.4736736092984604,-0.4989475622371262,-1.9290897323389384,0.96425644365423,-0.497228546751122,-0.6244040257055189,-1.0943629798587653,-1.0803961916001985,-0.3760014818308347,-0.3895323082701867,-0.5008244322934503,-1.2056234747941497,-0.8646199920070862,-0.9466287807275409,-0.7927190132701981,0.8635041745453002,-0.4030649954631285,-0.4194008220350217,-0.571347415835755,-1.6564562092410227,1.3577269342345568,-0.07073690533028135,-0.3576753639798948,-0.2328872501475753,-0.28708333828187355,-0.32078666523533045,-0.39610534423349997,-0.38113017778990566,-0.3694246287326534,-0.2751579580367754,-0.2900883232983121,-0.2955781683826058,-0.3888554871521795,-0.41265547100857053,-0.2943754514063852,-0.3658086479243954,-0.19836401418550262,-0.5962480339897832,-0.41485036472765574,-0.4340408953724373,-0.4123594838653976,-1.8438380824646854,-1.2224214812491774,-1.0862251180617823,-0.8648115678056826,0.9989187709831968,0.026867934339009688,-0.22342026433344614,-0.714793108726999,-0.5582434766457356,-0.4271559153457235,-0.7376951317802901,0.7376951317802901,-0.4820426798824101,-0.3075623426146228,0.6158384251930635,-0.13085598064755344,-0.2359813632291101,-0.2662958158485814,-0.19611613513818404,-0.19300937626135234,8.218178723930356,-0.06715342778730747,-0.03352007615769955,-1.8351149988007645,-0.21680296415038888,-0.5118980953829163,0.8505317485662419,-0.40583972495671383,-0.16278112867447064,0.8119223343984152,-0.1699069165076462,-0.2081478487327801,-0.6981970580620328,-0.7376951317802901,0.7376951317802901,-0.7376951317802901,0.7376951317802901,-0.7376951317802901,0.7376951317802901,-0.7376951317802901,0.7376951317802901,-0.4820426798824101,-0.3075623426146228,0.6158384251930635,-0.4820426798824101,-0.3075623426146228,0.6158384251930635,-0.4820426798824101,-0.3075623426146228,0.6158384251930635,-0.13085598064755344,-0.2359813632291101,-0.2662958158485814,-0.19611613513818404,-0.19300937626135234,8.218178723930356,-0.06715342778730747,-0.03352007615769955,-1.8351149988007645,-0.13085598064755344,-0.2359813632291101,-0.2662958158485814,-0.19611613513818404,-0.19300937626135234,8.218178723930356,-0.06715342778730747,-0.03352007615769955,-1.8351149988007645,-0.21680296415038888,-0.5118980953829163,0.8505317485662419,-0.40583972495671383,-0.16278112867447064
0,-1.4346288451770786,0.8273772438659699,-0.47454519624983954,-0.4736736092984604,-0.4989475622371262,0.5446511676720712,0.96425644365423,0.19231329784848822,-0.6244040257055189,-1.4346288451770786,0.8273772438659699,-0.47454519624983954,-0.4736736092984604,-0.4989475622371262,0.5446511676720712,0.96425644365423,0.19231329784848822,-0.6244040257055189,-1.0937172425337511,-1.0763146093662352,-0.3760014818308347,-0.3895323082701867,-0.5005705059847252,-0.9429753814498942,-0.8606656019653389,-0.8630870614615352,-0.7918048110428829,0.8635041745453002,-0.4030649954631285,-0.4194008220350217,-0.571347415835755,0.7925352191037062,1.3577269342345568,0.7828962682491402,-0.3576753639798948,-0.2328872501475753,-0.28708333828187355,-0.32078666523533045,-0.39610534423349997,-0.38113017778990566,-0.3694246287326534,-0.2751579580367754,-0.2900883232983121,-0.2955781683826058,-0.3888554871521795,-0.41265547100857053,-0.2943754514063852,-0.3658086479243954,-0.19836401418550262,-0.33212765423625973,-0.41485036472765574,-0.3887918762934614,-0.4123594838653976,0.5449215208897721,1.1227307914744915,0.6132734351017236,-0.337529114616601,0.9989187709831968,0.7690342042026062,-0.22342026433344614,-0.1174491519879112,-0.3598014508363,-0.4271559153457235,-0.7376951317802901,0.7376951317802901,-0.4820426798824101,-0.3075623426146228,0.6158384251930635,-0.13085598064755344,-0.2359813632291101,-0.2662958158485814,-0.19611613513818404,-0.19300937626135234,-0.12168146174384352,-0.06715342778730747,-0.03352007615769955,0.5449249778098338,-0.21680296415038888,-0.5118980953829163,0.8505317485662419,-0.40583972495671383,-0.16278112867447064,0.8119223343984152,-0.1699069165076462,-0.2081478487327801,-0.6981970580620328,-0.7376951317802901,0.7376951317802901,-0.7376951317802901,0.7376951317802901,-0.7376951317802901,0.7376951317802901,-0.7376951317802901,0.7376951317802901,-0.4820426798824101,-0.3075623426146228,0.6158384251930635,-0.4820426798824101,-0.3075623426146228,0.6158384251930635,-0.4820426798824101,-0.3075623426146228,0.6158384251930635,-0.13085598064755344,-0.2359813632291101,-0.2662958158485814,-0.19611613513818404,-0.19300937626135234,-0.12168146174384352,-0.06715342778730747,-0.03352007615769955,0.5449249778098338,-0.13085598064755344,-0.2359813632291101,-0.2662958158485814,-0.19611613513818404,-0.19300937626135234,-0.12168146174384352,-0.06715342778730747,-0.03352007615769955,0.5449249778098338,-0.21680296415038888,-0.5118980953829163,0.8505317485662419,-0.40583972495671383,-0.16278112867447064
0,-1.4307409621278182,0.8273772438659699,-0.47454519624983954,-0.4736736092984604,-0.4788170479302398,0.5446511676720712,0.96425644365423,-1.5315413136505371,-0.6244040257055189,-1.4307409621278182,0.8273772438659699,-0.47454519624983954,-0.4736736092984604,-0.4788170479302398,0.5446511676720712,0.96425644365423,-1.5315413136505371,-0.6244040257055189,-1.0930630641979526,-1.072233027132272,-0.3760014818308347,-0.3895323082701867,-0.4974871150930633,-0.9394931873826486,-0.8567112119235918,-1.0679505131647973,-0.7908906088155677,0.8635041745453002,-0.4030649954631285,-0.4194008220350217,-0.5133006031208568,0.7925352191037062,1.3577269342345568,-1.3511866656994136,-0.3576753639798948,-0.2328872501475753,-0.28708333828187355,-0.32078666523533045,-0.39610534423349997,-0.38113017778990566,-0.3694246287326534,-0.2751579580367754,-0.2900883232983121,-0.2955781683826058,-0.3888554871521795,-0.41265547100857053,-0.2943754514063852,-0.3658086479243954,-0.1974962837823839,-0.29359822464770086,-0.374366355591566,-0.5019144239909011,-0.40820915175817407,0.5449215208897721,1.1227307914744915,-1.107608862589304,-0.337529114616601,0.9989187709831968,-1.086381470456385,-0.22342026433344614,-1.0507990843927357,-0.855906515359889,-0.4271559153457235,-0.7376951317802901,0.7376951317802901,-0.4820426798824101,-0.3075623426146228,0.6158384251930635,-0.13085598064755344,-0.2359813632291101,-0.2662958158485814,-0.19611613513818404,-0.19300937626135234,-0.12168146174384352,-0.06715342778730747,-0.03352007615769955,0.5449249778098338,-0.21680296415038888,-0.5118980953829163,0.8505317485662419,-0.40583972495671383,-0.16278112867447064,0.8119223343984152,-0.1699069165076462,-0.2081478487327801,-0.6981970580620328,-0.7376951317802901,0.7376951317802901,-0.7376951317802901,0.7376951317802901,-0.7376951317802901,0.7376951317802901,-0.7376951317802901,0.7376951317802901,-0.4820426798824101,-0.3075623426146228,0.6158384251930635,-0.4820426798824101,-0.3075623426146228,0.6158384251930635,-0.4820426798824101,-0.3075623426146228,0.6158384251930635,-0.13085598064755344,-0.2359813632291101,-0.2662958158485814,-0.19611613513818404,-0.19300937626135234,-0.12168146174384352,-0.06715342778730747,-0.03352007615769955,0.5449249778098338,-0.13085598064755344,-0.2359813632291101,-0.2662958158485814,-0.19611613513818404,-0.19300937626135234,-0.12168146174384352,-0.06715342778730747,-0.03352007615769955,0.5449249778098338,-0.21680296415038888,-0.5118980953829163,0.8505317485662419,-0.40583972495671383,-0.16278112867447064
1,-1.4268530790785579,-0.3693648410115938,-0.47454519624983954,2.0089333664952354,-0.056076247485625196,0.5446511676720712,0.96425644365423,-1.5315413136505371,0.48939774987729867,-1.4268530790785579,-0.3693648410115938,-0.47454519624983954,2.0089333664952354,-0.056076247485625196,0.5446511676720712,0.96425644365423,-1.5315413136505371,0.48939774987729867,-1.0924004448513696,-1.1756331103926756,-0.3760014818308347,-0.02717344023793808,-0.43701637842952973,-0.936010993315403,-0.8527568218818445,-1.0679505131647973,-0.6455324546724461,-0.5892568139740777,-0.4030649954631285,1.4584189389358544,0.14456327431465682,-0.04105904351514409,0.42799519961826915,-1.3511866656994136,0.2263602181326639,-0.2328872501475753,-0.28708333828187355,-0.32078666523533045,-0.39610534423349997,-0.38113017778990566,-0.3694246287326534,-0.2751579580367754,1.1701867956779368,0.5292889115221519,2.313747507607776,3.351533038490722,-0.2943754514063852,0.9007801032438802,-0.15254784890083478,0.5155197967120356,0.47579783626631855,-0.5019144239909011,-0.08033291528751609,0.5449215208897721,1.1227307914744915,-1.107608862589304,0.7393377686336078,0.9989187709831968,-1.086381470456385,1.0640991990364888,-1.0507990843927357,-0.855906515359889,0.08106764742915833,-0.7376951317802901,0.7376951317802901,-0.4820426798824101,-0.3075623426146228,0.6158384251930635,-0.13085598064755344,-0.2359813632291101,-0.2662958158485814,-0.19611613513818404,-0.19300937626135234,-0.12168146174384352,-0.06715342778730747,-0.03352007615769955,0.5449249778098338,4.612483062299524,-0.5118980953829163,-1.175735064194511,-0.40583972495671383,-0.16278112867447064,-1.2316448970959013,-0.1699069165076462,-0.2081478487327801,1.4322604033532795,-0.7376951317802901,0.7376951317802901,-0.7376951317802901,0.7376951317802901,-0.7376951317802901,0.7376951317802901,-0.7376951317802901,0.7376951317802901,-0.4820426798824101,-0.3075623426146228,0.6158384251930635,-0.4820426798824101,-0.3075623426146228,0.6158384251930635,-0.4820426798824101,-0.3075623426146228,0.6158384251930635,-0.13085598064755344,-0.2359813632291101,-0.2662958158485814,-0.19611613513818404,-0.19300937626135234,-0.12168146174384352,-0.06715342778730747,-0.03352007615769955,0.5449249778098338,-0.13085598064755344,-0.2359813632291101,-0.2662958158485814,-0.19611613513818404,-0.19300937626135234,-0.12168146174384352,-0.06715342778730747,-0.03352007615769955,0.5449249778098338,4.612483062299524,-0.5118980953829163,-1.175735064194511,-0.40583972495671383,-0.16278112867447064
1,-1.4229651960292975,0.8273772438659699,-0.47454519624983954,-0.4736736092984604,-0.3982949907026942,0.5446511676720712,-0.5095104222433947,0.19231329784848822,-0.0675031379141101,-1.4229651960292975,0.8273772438659699,-0.47454519624983954,-0.4736736092984604,-0.3982949907026942,0.5446511676720712,-0.5095104222433947,0.19231329784848822,-0.0675031379141101,-1.0917293844940021,-1.0640698626643454,-0.3760014818308347,-0.3895323082701867,-0.48529865227425867,-0.9325287992481575,-1.0163720901099627,-0.8551053685380315,-0.7159260261757189,0.8635041745453002,-0.4030649954631285,-0.4194008220350217,-0.2811133522612637,0.7925352191037062,-0.11969588642374947,0.7828962682491402,0.2263602181326639,-0.2328872501475753,-0.28708333828187355,-0.32078666523533045,-0.39610534423349997,-0.38113017778990566,-0.3694246287326534,-0.2751579580367754,-0.2900883232983121,-0.2955781683826058,-0.3888554871521795,-0.41265547100857053,-0.2943754514063852,-0.3658086479243954,-0.19286838829908412,-0.1394805062934653,-0.46976045737612415,-0.30799005650957584,-0.3418038380425978,0.5449215208897721,-0.14575511629852972,0.6132734351017236,0.20090432700850336,-0.7538678336953983,-0.21377024625881774,-0.26165318579788244,-0.1174491519879112,0.13630361368728913,-0.23657207930514282,1.3555735383351193,-1.3555735383351195,-0.4820426798824101,-0.3075623426146228,0.6158384251930635,-0.13085598064755344,-0.2359813632291101,-0.2662958158485814,-0.19611613513818404,-0.19300937626135234,-0.12168146174384352,-0.06715342778730747,-0.03352007615769955,0.5449249778098338,-0.21680296415038888,1.9535138126504805,-1.175735064194511,-0.40583972495671383,-0.16278112867447064,0.8119223343984152,-0.1699069165076462,-0.2081478487327801,-0.6981970580620328,1.3555735383351193,-1.3555735383351195,1.3555735383351193,-1.3555735383351195,1.3555735383351193,-1.3555735383351195,1.3555735383351193,-1.3555735383351195,-0.4820426798824101,-0.3075623426146228,0.6158384251930635,-0.4820426798824101,-0.3075623426146228,0.6158384251930635,-0.4820426798824101,-0.3075623426146228,0.6158384251930635,-0.13085598064755344,-0.2359813632291101,-0.2662958158485814,-0.19611613513818404,-0.19300937626135234,-0.12168146174384352,-0.06715342778730747,-0.03352007615769955,0.5449249778098338,-0.13085598064755344,-0.2359813632291101,-0.2662958158485814,-0.19611613513818404,-0.19300937626135234,-0.12168146174384352,-0.06715342778730747,-0.03352007615769955,0.5449249778098338,-0.21680296415038888,1.9535138126504805,-1.175735064194511,-0.40583972495671383,-0.16278112867447064
0,-1.419077312980037,0.8273772438659699,-0.47454519624983954,-0.4736736092984604,-0.45868653362335343,0.5446511676720712,0.96425644365423,-0.841999469050927,-0.6244040257055189,-1.419077312980037,0.8273772438659699,-0.47454519624983954,-0.4736736092984604,-0.45868653362335343,0.5446511676720712,0.96425644365423,-0.841999469050927,-0.6244040257055189,-1.0910498831258502,-1.0599882804303822,-0.3760014818308347,-0.3895323082701867,-0.49367822046218685,-0.929046605180912,-0.8448480417983502,-0.9817482295909572,-0.788148002133622,0.8635041745453002,-0.4030649954631285,-0.4194008220350217,-0.4552537904059585,0.7925352191037062,1.3577269342345568,-0.4975534921199921,-0.3576753639798948,-0.2328872501475753,-0.28708333828187355,-0.32078666523533045,-0.39610534423349997,-0.38113017778990566,-0.3694246287326534,-0.2751579580367754,-0.2900883232983121,-0.2955781683826058,-0.3888554871521795,-0.41265547100857053,-0.2943754514063852,-0.3658086479243954,-0.1965128559921827,-0.255068795059142,-0.33388234645547626,-0.4437371137465036,-0.40405881965095053,0.5449215208897721,1.1227307914744915,-0.41925594351289297,-0.337529114616601,0.9989187709831968,-0.34421520059278854,-0.22342026433344614,-0.9014630952079639,-0.6574644895504534,-0.4271559153457235,-0.7376951317802901,0.7376951317802901,-0.4820426798824101,-0.3075623426146228,0.6158384251930635,-0.13085598064755344,-0.2359813632291101,-0.2662958158485814,-0.19611613513818404,-0.19300937626135234,-0.12168146174384352,-0.06715342778730747,-0.03352007615769955,0.5449249778098338,-0.21680296415038888,-0.5118980953829163,0.8505317485662419,-0.40583972495671383,-0.16278112867447064,0.8119223343984152,-0.1699069165076462,-0.2081478487327801,-0.6981970580620328,-0.7376951317802901,0.7376951317802901,-0.7376951317802901,0.7376951317802901,-0.7376951317802901,0.7376951317802901,-0.7376951317802901,0.7376951317802901,-0.4820426798824101,-0.3075623426146228,0.6158384251930635,-0.4820426798824101,-0.3075623426146228,0.6158384251930635,-0.4820426798824101,-0.3075623426146228,0.6158384251930635,-0.13085598064755344,-0.2359813632291101,-0.2662958158485814,-0.19611613513818404,-0.19300937626135234,-0.12168146174384352,-0.06715342778730747,-0.03352007615769955,0.5449249778098338,-0.13085598064755344,-0.2359813632291101,-0.2662958158485814,-0.19611613513818404,-0.19300937626135234,-0.12168146174384352,-0.06715342778730747,-0.03352007615769955,0.5449249778098338,-0.21680296415038888,-0.5118980953829163,0.8505317485662419,-0.40583972495671383,-0.16278112867447064
1,-1.4151894299307766,0.8273772438659699,-0.47454519624983954,-0.4736736092984604,-0.45868653362335343,0.5446511676720712,0.96425644365423,0.19231329784848822,-0.6244040257055189,-1.4151894299307766,0.8273772438659699,-0.47454519624983954,-0.4736736092984604,-0.45868653362335343,0.5446511676720712,0.96425644365423,0.19231329784848822,-0.6244040257055189,-1.0903619407469136,-1.0559066981964187,-0.3760014818308347,-0.3895323082701867,-0.4933517437795403,-0.9255644111136664,-0.8408936517566029,-0.8497842399223624,-0.7872337999063067,0.8635041745453002,-0.4030649954631285,-0.4194008220350217,-0.4552537904059585,0.7925352191037062,1.3577269342345568,0.7828962682491402,-0.3576753639798948,-0.2328872501475753,-0.28708333828187355,-0.32078666523533045,-0.39610534423349997,-0.38113017778990566,-0.3694246287326534,-0.2751579580367754,-0.2900883232983121,-0.2955781683826058,-0.3888554871521795,-0.41265547100857053,-0.2943754514063852,-0.3658086479243954,-0.1965128559921827,-0.255068795059142,-0.33388234645547626,-0.3564711483799072,-0.40405881965095053,0.5449215208897721,1.1227307914744915,0.6132734351017236,-0.337529114616601,0.9989187709831968,0.7690342042026062,-0.22342026433344614,-0.1174491519879112,-0.3598014508363,-0.4271559153457235,-0.7376951317802901,0.7376951317802901,-0.4820426798824101,-0.3075623426146228,0.6158384251930635,-0.13085598064755344,-0.2359813632291101,-0.2662958158485814,-0.19611613513818404,-0.19300937626135234,-0.12168146174384352,-0.06715342778730747,-0.03352007615769955,0.5449249778098338,-0.21680296415038888,-0.5118980953829163,0.8505317485662419,-0.40583972495671383,-0.16278112867447064,0.8119223343984152,-0.1699069165076462,-0.2081478487327801,-0.6981970580620328,-0.7376951317802901,0.7376951317802901,-0.7376951317802901,0.7376951317802901,-0.7376951317802901,0.7376951317802901,-0.7376951317802901,0.7376951317802901,-0.4820426798824101,-0.3075623426146228,0.6158384251930635,-0.4820426798824101,-0.3075623426146228,0.6158384251930635,-0.4820426798824101,-0.3075623426146228,0.6158384251930635,-0.13085598064755344,-0.2359813632291101,-0.2662958158485814,-0.19611613513818404,-0.19300937626135234,-0.12168146174384352,-0.06715342778730747,-0.03352007615769955,0.5449249778098338,-0.13085598064755344,-0.2359813632291101,-0.2662958158485814,-0.19611613513818404,-0.19300937626135234,-0.12168146174384352,-0.06715342778730747,-0.03352007615769955,0.5449249778098338,-0.21680296415038888,-0.5118980953829163,0.8505317485662419,-0.40583972495671383,-0.16278112867447064
1,-1.4113015468815162,0.8273772438659699,-0.47454519624983954,-0.4736736092984604,-0.4989475622371262,0.5446511676720712,-1.5500791487711116,1.2266260647479035,-0.6244040257055189,-1.4113015468815162,0.8273772438659699,-0.47454519624983954,-0.4736736092984604,-0.4989475622371262,0.5446511676720712,-1.5500791487711116,1.2266260647479035,-0.6244040257055189,-1.0896655573571925,-1.0518251159624554,-0.3760014818308347,-0.3895323082701867,-0.4990469481323746,-0.9220822170464208,-1.1335439041880577,-0.7146275730843661,-0.7863195976789915,0.8635041745453002,-0.4030649954631285,-0.4194008220350217,-0.571347415835755,0.7925352191037062,-1.1628459385855234,2.0633460286182723,-0.3576753639798948,-0.2328872501475753,-0.28708333828187355,-0.32078666523533045,-0.39610534423349997,-0.38113017778990566,-0.3694246287326534,-0.2751579580367754,-0.2900883232983121,-0.2955781683826058,-0.3888554871521795,-0.41265547100857053,-0.2943754514063852,-0.3658086479243954,-0.19836401418550262,-0.33212765423625973,-0.6709458382514594,-0.32091834767499755,-0.4123594838653976,0.5449215208897721,-1.0413830451200872,1.64580281371634,-0.337529114616601,-1.2307930204368625,-0.8004747212312435,-0.8051806639139224,1.3385767425636153,-0.06213841212214652,-0.4271559153457235,1.3555735383351193,-1.3555735383351195,-0.4820426798824101,3.2513733362117265,-1.6238025415294657,-0.13085598064755344,-0.2359813632291101,-0.2662958158485814,-0.19611613513818404,-0.19300937626135234,-0.12168146174384352,-0.06715342778730747,-0.03352007615769955,0.5449249778098338,-0.21680296415038888,1.9535138126504805,-1.175735064194511,-0.40583972495671383,-0.16278112867447064,0.8119223343984152,-0.1699069165076462,-0.2081478487327801,-0.6981970580620328,1.3555735383351193,-1.3555735383351195,1.3555735383351193,-1.3555735383351195,1.3555735383351193,-1.3555735383351195,1.3555735383351193,-1.3555735383351195,-0.4820426798824101,3.2513733362117265,-1.6238025415294657,-0.4820426798824101,3.2513733362117265,-1.6238025415294657,-0.4820426798824101,3.2513733362117265,-1.6238025415294657,-0.13085598064755344,-0.2359813632291101,-0.2662958158485814,-0.19611613513818404,-0.19300937626135234,-0.12168146174384352,-0.06715342778730747,-0.03352007615769955,0.5449249778098338,-0.13085598064755344,-0.2359813632291101,-0.2662958158485814,-0.19611613513818404,-0.19300937626135234,-0.12168146174384352,-0.06715342778730747,-0.03352007615769955,0.5449249778098338,-0.21680296415038888,1.9535138126504805,-1.175735064194511,-0.40583972495671383,-0.16278112867447064
0,-1.4074136638322559,-1.5661069258891576,-0.47454519624983954,-0.4736736092984604,0.3062730100383302,0.5446511676720712,0.96425644365423,-0.1524576244513169,-0.0675031379141101,-1.4074136638322559,-1.5661069258891576,-0.47454519624983954,-0.4736736092984604,0.3062730100383302,0.5446511676720712,0.96425644365423,-0.1524576244513169,-0.0675031379141101,-1.088960732956687,-1.276312138830437,-0.3760014818308347,-0.3895323082701867,-0.3769083936356035,-0.9186000229791752,-0.8329848716731085,-0.8891605916783141,-0.708612408357197,-1.4609134070857044,-0.4030649954631285,-0.4194008220350217,-0.06827503897330346,-0.8746533061339944,-0.5017365349980186,-0.7820978833131326,-0.5523538913507477,-0.2328872501475753,-0.28708333828187355,-0.32078666523533045,-0.39610534423349997,-0.38113017778990566,-0.3694246287326534,-0.2751579580367754,-0.2900883232983121,-0.2955781683826058,-0.3888554871521795,-0.41265547100857053,-0.2943754514063852,-0.3658086479243954,-0.0734108361364085,1.2090495293060954,1.204510000715934,0.10571526078391817,-0.05128059053695145,0.5449215208897721,1.1227307914744915,0.2690969755635181,0.20090432700850336,0.9989187709831968,0.3979510692708079,0.42033946735152133,-0.45345512765364804,-0.06213841212214652,-0.23657207930514282,-0.7376951317802901,0.7376951317802901,-0.4820426798824101,-0.3075623426146228,0.6158384251930635,-0.13085598064755344,-0.2359813632291101,-0.2662958158485814,-0.19611613513818404,-0.19300937626135234,-0.12168146174384352,-0.06715342778730747,-0.03352007615769955,0.5449249778098338,-0.21680296415038888,-0.5118980953829163,0.8505317485662419,-0.40583972495671383,-0.16278112867447064,0.8119223343984152,-0.1699069165076462,-0.2081478487327801,-0.6981970580620328,-0.7376951317802901,0.7376951317802901,-0.7376951317802901,0.7376951317802901,-0.7376951317802901,0.7376951317802901,-0.7376951317802901,0.7376951317802901,-0.4820426798824101,-0.3075623426146228,0.6158384251930635,-0.4820426798824101,-0.3075623426146228,0.6158384251930635,-0.4820426798824101,-0.3075623426146228,0.6158384251930635,-0.13085598064755344,-0.2359813632291101,-0.2662958158485814,-0.19611613513818404,-0.19300937626135234,-0.12168146174384352,-0.06715342778730747,-0.03352007615769955,0.5449249778098338,-0.13085598064755344,-0.2359813632291101,-0.2662958158485814,-0.19611613513818404,-0.19300937626135234,-0.12168146174384352,-0.06715342778730747,-0.03352007615769955,0.5449249778098338,-0.21680296415038888,-0.5118980953829163,0.8505317485662419,-0.40583972495671383,-0.16278112867447064
1,-1.4035257807829955,-0.3693648410115938,-0.47454519624983954,-0.4736736092984604,-0.438556019316467,0.5446511676720712,-0.5095104222433947,-1.1867703913507321,-0.6244040257055189,-1.4035257807829955,-0.3693648410115938,-0.47454519624983954,-0.4736736092984604,-0.438556019316467,0.5446511676720712,-0.5095104222433947,-1.1867703913507321,-0.6244040257055189,-1.088247467545397,-1.1593067814568225,-0.3760014818308347,-0.3895323082701867,-0.48928892283993874,-0.9151178289119297,-1.0070732435430931,-1.0227209199316096,-0.784491193224361,-0.5892568139740777,-0.4030649954631285,-0.4194008220350217,-0.5906963534073878,-0.04105904351514409,-0.5569533474872684,-1.0666422745062731,-0.5523538913507477,-0.2328872501475753,-0.28708333828187355,-0.32078666523533045,-0.39610534423349997,-0.38113017778990566,-0.3694246287326534,-0.2751579580367754,-0.2900883232983121,-0.2955781683826058,-0.3888554871521795,-0.41265547100857053,-0.2943754514063852,-0.3658086479243954,-0.19541373081489902,-0.21653936547058308,-0.5078401192601508,-0.46959369607734697,-0.39990848754372704,0.5449215208897721,-0.14575511629852972,-0.7634324030510985,-0.337529114616601,-0.7538678336953983,-0.9118592256168716,-0.564416590908148,-1.0134650870965427,-0.7566855024551713,-0.4271559153457235,1.3555735383351193,-1.3555735383351195,-0.4820426798824101,-0.3075623426146228,0.6158384251930635,-0.13085598064755344,-0.2359813632291101,-0.2662958158485814,-0.19611613513818404,-0.19300937626135234,-0.12168146174384352,-0.06715342778730747,-0.03352007615769955,0.5449249778098338,-0.21680296415038888,1.9535138126504805,-1.175735064194511,-0.40583972495671383,-0.16278112867447064,0.8119223343984152,-0.1699069165076462,-0.2081478487327801,-0.6981970580620328,1.3555735383351193,-1.3555735383351195,1.3555735383351193,-1.3555735383351195,1.3555735383351193,-1.3555735383351195,1.3555735383351193,-1.3555735383351195,-0.4820426798824101,-0.3075623426146228,0.6158384251930635,-0.4820426798824101,-0.3075623426146228,0.6158384251930635,-0.4820426798824101,-0.3075623426146228,0.6158384251930635,-0.13085598064755344,-0.2359813632291101,-0.2662958158485814,-0.19611613513818404,-0.19300937626135234,-0.12168146174384352,-0.06715342778730747,-0.03352007615769955,0.5449249778098338,-0.13085598064755344,-0.2359813632291101,-0.2662958158485814,-0.19611613513818404,-0.19300937626135234,-0.12168146174384352,-0.06715342778730747,-0.03352007615769955,0.5449249778098338,-0.21680296415038888,1.9535138126504805,-1.175735064194511,-0.40583972495671383,-0.16278112867447064
1,-1.3996378977337351,0.8273772438659699,2.2474704895351842,-0.4736736092984604,-0.33790344778203496,0.5446511676720712,-0.5095104222433947,0.5370842201482933,-0.0675031379141101,-1.3996378977337351,0.8273772438659699,2.2474704895351842,-0.4736736092984604,-0.33790344778203496,0.5446511676720712,-0.5095104222433947,0.5370842201482933,-0.0675031379141101,-1.0875257611233224,-1.0395803692605656,0.07113657203354935,-0.3895323082701867,-0.47332784057721844,-0.9116356348446841,-1.0052134742297192,-0.7933802765962695,-0.7049555994479361,0.8635041745453002,2.4222655977351475,-0.4194008220350217,-0.10697291411656897,0.7925352191037062,-0.11969588642374947,1.209712855038851,0.2263602181326639,1.1755010295910417,-0.28708333828187355,0.2485021119350575,2.3766832158963864,1.244103742919098,3.453047755534634,0.3725718718463603,-0.2900883232983121,-0.2955781683826058,-0.3888554871521795,-0.41265547100857053,-0.2943754514063852,-0.3658086479243954,-0.1881826441222431,-0.023892217527788678,-0.4126409645500842,-0.2110278727689132,-0.31690184539925664,0.5449215208897721,-0.14575511629852972,0.9574498946399291,0.20090432700850336,-0.7538678336953983,-0.03924800141930428,-0.26165318579788244,0.29322481827021163,0.33474563949672476,-0.23657207930514282,1.3555735383351193,-1.3555735383351195,-0.4820426798824101,-0.3075623426146228,0.6158384251930635,-0.13085598064755344,-0.2359813632291101,-0.2662958158485814,-0.19611613513818404,-0.19300937626135234,-0.12168146174384352,-0.06715342778730747,-0.03352007615769955,0.5449249778098338,-0.21680296415038888,-0.5118980953829163,-1.175735064194511,2.4640269015229057,-0.16278112867447064,-1.2316448970959013,-0.1699069165076462,-0.2081478487327801,1.4322604033532795,1.3555735383351193,-1.3555735383351195,1.3555735383351193,-1.3555735383351195,1.3555735383351193,-1.3555735383351195,1.3555735383351193,-1.3555735383351195,-0.4820426798824101,-0.3075623426146228,0.6158384251930635,-0.4820426798824101,-0.3075623426146228,0.6158384251930635,-0.4820426798824101,-0.3075623426146228,0.6158384251930635,-0.13085598064755344,-0.2359813632291101,-0.2662958158485814,-0.19611613513818404,-0.19300937626135234,-0.12168146174384352,-0.06715342778730747,-0.03352007615769955,0.5449249778098338,-0.13085598064755344,-0.2359813632291101,-0.2662958158485814,-0.19611613513818404,-0.19300937626135234,-0.12168146174384352,-0.06715342778730747,-0.03352007615769955,0.5449249778098338,-0.21680296415038888,-0.5118980953829163,-1.175735064194511,2.4640269015229057,-0.16278112867447064
0,-1.3957500146844748,0.8273772438659699,0.4327933656785018,3.250236854392083,0.04457632404880686,0.5446511676720712,0.96425644365423,-1.5315413136505371,1.6031995254601163,-1.3957500146844748,0.8273772438659699,0.4327933656785018,3.250236854392083,0.04457632404880686,0.5446511676720712,0.96425644365423,-1.5315413136505371,1.6031995254601163,-1.0867956136904635,-1.0354987870266024,-0.22522237064400752,0.20904784715017335,-0.4128208287267242,-0.9081534407774385,-0.821121701547867,-1.0679505131647973,-0.46452041366403063,0.8635041745453002,0.5387118689362969,3.8056936401494497,0.995916527466498,0.7925352191037062,1.3577269342345568,-1.3511866656994136,1.9784669644703399,-0.07639966350995119,1.2294656009028064,0.10934263307118489,0.5281575091431288,0.770770541893495,-0.3694246287326534,0.264616900199171,2.995530694398248,1.1550501445533474,3.665049004987753,5.233627293240368,-0.2943754514063852,2.8006632299962937,-0.13432551043534188,0.70816694465483,0.6782178819467672,-0.5019144239909011,0.264144649612036,0.5449215208897721,1.1227307914744915,-1.107608862589304,1.8162046518838164,0.9989187709831968,-1.086381470456385,2.3516186624064237,-1.0507990843927357,-0.855906515359889,1.097514772978922,-0.7376951317802901,0.7376951317802901,-0.4820426798824101,-0.3075623426146228,0.6158384251930635,-0.13085598064755344,-0.2359813632291101,-0.2662958158485814,-0.19611613513818404,-0.19300937626135234,-0.12168146174384352,-0.06715342778730747,-0.03352007615769955,0.5449249778098338,-0.21680296415038888,-0.5118980953829163,0.8505317485662419,-0.40583972495671383,-0.16278112867447064,-1.2316448970959013,-0.1699069165076462,4.804277373453898,-0.6981970580620328,-0.7376951317802901,0.7376951317802901,-0.7376951317802901,0.7376951317802901,-0.7376951317802901,0.7376951317802901,-0.7376951317802901,0.7376951317802901,-0.4820426798824101,-0.3075623426146228,0.6158384251930635,-0.4820426798824101,-0.3075623426146228,0.6158384251930635,-0.4820426798824101,-0.3075623426146228,0.6158384251930635,-0.13085598064755344,-0.2359813632291101,-0.2662958158485814,-0.19611613513818404,-0.19300937626135234,-0.12168146174384352,-0.06715342778730747,-0.03352007615769955,0.5449249778098338,-0.13085598064755344,-0.2359813632291101,-0.2662958158485814,-0.19611613513818404,-0.19300937626135234,-0.12168146174384352,-0.06715342778730747,-0.03352007615769955,0.5449249778098338,-0.21680296415038888,-0.5118980953829163,0.8505317485662419,-0.40583972495671383,-0.16278112867447064
0,-1.3918621316352144,0.8273772438659699,-0.47454519624983954,-0.4736736092984604,-0.4788170479302398,0.5446511676720712,0.96425644365423,0.8818551424480984,-0.6244040257055189,-1.3918621316352144,0.8273772438659699,-0.47454519624983954,-0.4736736092984604,-0.4788170479302398,0.5446511676720712,0.96425644365423,0.8818551424480984,-0.6244040257055189,-1.08605702524682,-1.0314172047926389,-0.3760014818308347,-0.3895323082701867,-0.49458510013620505,-0.904671246710193,-0.8171673115061198,-0.7401689904395781,-0.7817485865424154,0.8635041745453002,-0.4030649954631285,-0.4194008220350217,-0.5133006031208568,0.7925352191037062,1.3577269342345568,1.6365294418285616,-0.3576753639798948,-0.2328872501475753,-0.28708333828187355,-0.32078666523533045,-0.39610534423349997,-0.38113017778990566,-0.3694246287326534,-0.2751579580367754,-0.2900883232983121,-0.2955781683826058,-0.3888554871521795,-0.41265547100857053,-0.2943754514063852,-0.3658086479243954,-0.1974962837823839,-0.29359822464770086,-0.374366355591566,-0.32091834767499755,-0.40820915175817407,0.5449215208897721,1.1227307914744915,1.3016263541781348,-0.337529114616601,0.9989187709831968,1.5112004740662026,-0.22342026433344614,0.7785667831207204,-0.16135942502686434,-0.4271559153457235,-0.7376951317802901,0.7376951317802901,-0.4820426798824101,-0.3075623426146228,0.6158384251930635,-0.13085598064755344,-0.2359813632291101,-0.2662958158485814,-0.19611613513818404,-0.19300937626135234,-0.12168146174384352,-0.06715342778730747,-0.03352007615769955,0.5449249778098338,-0.21680296415038888,-0.5118980953829163,0.8505317485662419,-0.40583972495671383,-0.16278112867447064,0.8119223343984152,-0.1699069165076462,-0.2081478487327801,-0.6981970580620328,-0.7376951317802901,0.7376951317802901,-0.7376951317802901,0.7376951317802901,-0.7376951317802901,0.7376951317802901,-0.7376951317802901,0.7376951317802901,-0.4820426798824101,-0.3075623426146228,0.6158384251930635,-0.4820426798824101,-0.3075623426146228,0.6158384251930635,-0.4820426798824101,-0.3075623426146228,0.6158384251930635,-0.13085598064755344,-0.2359813632291101,-0.2662958158485814,-0.19611613513818404,-0.19300937626135234,-0.12168146174384352,-0.06715342778730747,-0.03352007615769955,0.5449249778098338,-0.13085598064755344,-0.2359813632291101,-0.2662958158485814,-0.19611613513818404,-0.19300937626135234,-0.12168146174384352,-0.06715342778730747,-0.03352007615769955,0.5449249778098338,-0.21680296415038888,-0.5118980953829163,0.8505317485662419,-0.40583972495671383,-0.16278112867447064
1,-1.387974248585954,-1.5661069258891576,2.2474704895351842,2.0089333664952354,4.654464100325796,-1.747233654090395,-0.5095104222433947,-0.497228546751122,2.160100413251525,-1.387974248585954,-1.5661069258891576,2.2474704895351842,2.0089333664952354,4.654464100325796,-1.747233654090395,-0.5095104222433947,-0.497228546751122,2.160100413251525,-1.085309995792392,-1.2695095017738316,0.08673441112184181,0.018694770905384527,0.3289704694332022,-1.182374506514808,-0.9996341662895977,-0.9258763791264312,-0.37401439315982293,-1.4609134070857044,0.5387118689362969,0.5195090584504164,4.111095476499371,-1.6309715720209197,-0.9942108085507874,-0.9243700789097029,0.2263602181326639,1.1755010295910417,2.746014540087486,9.660743227818806,-0.1390618287973961,1.244103742919098,1.5418115634009901,1.6680315316126317,1.1701867956779368,7.185112935581231,-0.13831832590224283,1.3576611153209521,0.989255187434182,2.167368854412156,3.800137683385509,0.33753967028914633,4.309237109069217,2.048191008388527,6.107812256582751,-1.8243260033503432,-1.1676099405747105,-1.0118911489899214,-0.5764788668170912,-0.7538678336953983,-0.5628147359378447,0.94940043464318,-0.714793108726999,0.9300717169250317,1.7963221717943845,1.3555735383351193,-1.3555735383351195,-0.4820426798824101,-0.3075623426146228,0.6158384251930635,-0.13085598064755344,-0.2359813632291101,3.755222352305419,-0.19611613513818404,-0.19300937626135234,-0.12168146174384352,-0.06715342778730747,-0.03352007615769955,-1.8351149988007645,-0.21680296415038888,1.9535138126504805,-1.175735064194511,-0.40583972495671383,-0.16278112867447064,-1.2316448970959013,-0.1699069165076462,4.804277373453898,-0.6981970580620328,1.3555735383351193,-1.3555735383351195,1.3555735383351193,-1.3555735383351195,1.3555735383351193,-1.3555735383351195,1.3555735383351193,-1.3555735383351195,-0.4820426798824101,-0.3075623426146228,0.6158384251930635,-0.4820426798824101,-0.3075623426146228,0.6158384251930635,-0.4820426798824101,-0.3075623426146228,0.6158384251930635,-0.13085598064755344,-0.2359813632291101,3.755222352305419,-0.19611613513818404,-0.19300937626135234,-0.12168146174384352,-0.06715342778730747,-0.03352007615769955,-1.8351149988007645,-0.13085598064755344,-0.2359813632291101,3.755222352305419,-0.19611613513818404,-0.19300937626135234,-0.12168146174384352,-0.06715342778730747,-0.03352007615769955,-1.8351149988007645,-0.21680296415038888,1.9535138126504805,-1.175735064194511,-0.40583972495671383,-0.16278112867447064
0,-1.3840863655366937,0.8273772438659699,-0.47454519624983954,-0.4736736092984604,-0.4788170479302398,0.5446511676720712,0.96425644365423,-0.497228546751122,-0.6244040257055189,-1.3840863655366937,0.8273772438659699,-0.47454519624983954,-0.4736736092984604,-0.4788170479302398,0.5446511676720712,0.96425644365423,-0.497228546751122,-0.6244040257055189,-1.0845545253271793,-1.0232540403247123,-0.3760014818308347,-0.3895323082701867,-0.4940046971448334,-0.8977068585757019,-0.8092585314226254,-0.9242800405417304,-0.7799201820877849,0.8635041745453002,-0.4030649954631285,-0.4194008220350217,-0.5133006031208568,0.7925352191037062,1.3577269342345568,-0.07073690533028135,-0.3576753639798948,-0.2328872501475753,-0.28708333828187355,-0.32078666523533045,-0.39610534423349997,-0.38113017778990566,-0.3694246287326534,-0.2751579580367754,-0.2900883232983121,-0.2955781683826058,-0.3888554871521795,-0.41265547100857053,-0.2943754514063852,-0.3658086479243954,-0.1974962837823839,-0.29359822464770086,-0.374366355591566,-0.42434467699837103,-0.40820915175817407,0.5449215208897721,1.1227307914744915,-0.07507948397468743,-0.337529114616601,0.9989187709831968,0.026867934339009688,-0.22342026433344614,-0.714793108726999,-0.5582434766457356,-0.4271559153457235,-0.7376951317802901,0.7376951317802901,-0.4820426798824101,-0.3075623426146228,0.6158384251930635,-0.13085598064755344,-0.2359813632291101,-0.2662958158485814,-0.19611613513818404,-0.19300937626135234,-0.12168146174384352,-0.06715342778730747,-0.03352007615769955,0.5449249778098338,-0.21680296415038888,-0.5118980953829163,0.8505317485662419,-0.40583972495671383,-0.16278112867447064,0.8119223343984152,-0.1699069165076462,-0.2081478487327801,-0.6981970580620328,-0.7376951317802901,0.7376951317802901,-0.7376951317802901,0.7376951317802901,-0.7376951317802901,0.7376951317802901,-0.7376951317802901,0.7376951317802901,-0.4820426798824101,-0.3075623426146228,0.6158384251930635,-0.4820426798824101,-0.3075623426146228,0.6158384251930635,-0.4820426798824101,-0.3075623426146228,0.6158384251930635,-0.13085598064755344,-0.2359813632291101,-0.2662958158485814,-0.19611613513818404,-0.19300937626135234,-0.12168146174384352,-0.06715342778730747,-0.03352007615769955,0.5449249778098338,-0.13085598064755344,-0.2359813632291101,-0.2662958158485814,-0.19611613513818404,-0.19300937626135234,-0.12168146174384352,-0.06715342778730747,-0.03352007615769955,0.5449249778098338,-0.21680296415038888,-0.5118980953829163,0.8505317485662419,-0.40583972495671383,-0.16278112867447064
0,-1.3801984824874334,0.8273772438659699,-0.47454519624983954,-0.4736736092984604,-0.4788170479302398,0.5446511676720712,0.96425644365423,0.19231329784848822,-0.6244040257055189,-1.3801984824874334,0.8273772438659699,-0.47454519624983954,-0.4736736092984604,-0.4788170479302398,0.5446511676720712,0.96425644365423,0.19231329784848822,-0.6244040257055189,-1.0837906138511824,-1.019172458090749,-0.3760014818308347,-0.3895323082701867,-0.4937144956491476,-0.8942246645084563,-0.8053041413808781,-0.8258391611518513,-0.7790059798604697,0.8635041745453002,-0.4030649954631285,-0.4194008220350217,-0.5133006031208568,0.7925352191037062,1.3577269342345568,0.7828962682491402,-0.3576753639798948,-0.2328872501475753,-0.28708333828187355,-0.32078666523533045,-0.39610534423349997,-0.38113017778990566,-0.3694246287326534,-0.2751579580367754,-0.2900883232983121,-0.2955781683826058,-0.3888554871521795,-0.41265547100857053,-0.2943754514063852,-0.3658086479243954,-0.1974962837823839,-0.29359822464770086,-0.374366355591566,-0.3726315123366843,-0.40820915175817407,0.5449215208897721,1.1227307914744915,0.6132734351017236,-0.337529114616601,0.9989187709831968,0.7690342042026062,-0.22342026433344614,-0.1174491519879112,-0.3598014508363,-0.4271559153457235,-0.7376951317802901,0.7376951317802901,-0.4820426798824101,-0.3075623426146228,0.6158384251930635,-0.13085598064755344,-0.2359813632291101,-0.2662958158485814,-0.19611613513818404,-0.19300937626135234,-0.12168146174384352,-0.06715342778730747,-0.03352007615769955,0.5449249778098338,-0.21680296415038888,-0.5118980953829163,0.8505317485662419,-0.40583972495671383,-0.16278112867447064,0.8119223343984152,-0.1699069165076462,-0.2081478487327801,-0.6981970580620328,-0.7376951317802901,0.7376951317802901,-0.7376951317802901,0.7376951317802901,-0.7376951317802901,0.7376951317802901,-0.7376951317802901,0.7376951317802901,-0.4820426798824101,-0.3075623426146228,0.6158384251930635,-0.4820426798824101,-0.3075623426146228,0.6158384251930635,-0.4820426798824101,-0.3075623426146228,0.6158384251930635,-0.13085598064755344,-0.2359813632291101,-0.2662958158485814,-0.19611613513818404,-0.19300937626135234,-0.12168146174384352,-0.06715342778730747,-0.03352007615769955,0.5449249778098338,-0.13085598064755344,-0.2359813632291101,-0.2662958158485814,-0.19611613513818404,-0.19300937626135234,-0.12168146174384352,-0.06715342778730747,-0.03352007615769955,0.5449249778098338,-0.21680296415038888,-0.5118980953829163,0.8505317485662419,-0.40583972495671383,-0.16278112867447064
0,-1.3763105994381728,0.8273772438659699,-0.47454519624983954,-0.4736736092984604,-0.4989475622371262,0.5446511676720712,0.96425644365423,-0.841999469050927,-0.6244040257055189,-1.3763105994381728,0.8273772438659699,-0.47454519624983954,-0.4736736092984604,-0.4989475622371262,0.5446511676720712,0.96425644365423,-0.841999469050927,-0.6244040257055189,-1.0830182613644008,-1.0150908758567858,-0.3760014818308347,-0.3895323082701867,-0.4967616113538487,-0.8907424704412108,-0.801349751339131,-0.9700417466364851,-0.7780917776331544,0.8635041745453002,-0.4030649954631285,-0.4194008220350217,-0.571347415835755,0.7925352191037062,1.3577269342345568,-0.4975534921199921,-0.3576753639798948,-0.2328872501475753,-0.28708333828187355,-0.32078666523533045,-0.39610534423349997,-0.38113017778990566,-0.3694246287326534,-0.2751579580367754,-0.2900883232983121,-0.2955781683826058,-0.3888554871521795,-0.41265547100857053,-0.2943754514063852,-0.3658086479243954,-0.19836401418550262,-0.33212765423625973,-0.41485036472765574,-0.45666540491192525,-0.4123594838653976,0.5449215208897721,1.1227307914744915,-0.41925594351289297,-0.337529114616601,0.9989187709831968,-0.34421520059278854,-0.22342026433344614,-0.9014630952079639,-0.6574644895504534,-0.4271559153457235,-0.7376951317802901,0.7376951317802901,-0.4820426798824101,-0.3075623426146228,0.6158384251930635,-0.13085598064755344,-0.2359813632291101,-0.2662958158485814,-0.19611613513818404,-0.19300937626135234,-0.12168146174384352,-0.06715342778730747,-0.03352007615769955,0.5449249778098338,-0.21680296415038888,-0.5118980953829163,0.8505317485662419,-0.40583972495671383,-0.16278112867447064,0.8119223343984152,-0.1699069165076462,-0.2081478487327801,-0.6981970580620328,-0.7376951317802901,0.7376951317802901,-0.7376951317802901,0.7376951317802901,-0.7376951317802901,0.7376951317802901,-0.7376951317802901,0.7376951317802901,-0.4820426798824101,-0.3075623426146228,0.6158384251930635,-0.4820426798824101,-0.3075623426146228,0.6158384251930635,-0.4820426798824101,-0.3075623426146228,0.6158384251930635,-0.13085598064755344,-0.2359813632291101,-0.2662958158485814,-0.19611613513818404,-0.19300937626135234,-0.12168146174384352,-0.06715342778730747,-0.03352007615769955,0.5449249778098338,-0.13085598064755344,-0.2359813632291101,-0.2662958158485814,-0.19611613513818404,-0.19300937626135234,-0.12168146174384352,-0.06715342778730747,-0.03352007615769955,0.5449249778098338,-0.21680296415038888,-0.5118980953829163,0.8505317485662419,-0.40583972495671383,-0.16278112867447064
0,-1.3724227163889124,-1.5661069258891576,0.4327933656785018,-0.4736736092984604,0.5881002103347399,-1.8792661492571456,0.96425644365423,1.2266260647479035,-0.0675031379141101,-1.3724227163889124,-1.5661069258891576,0.4327933656785018,-0.4736736092984604,0.5881002103347399,-1.8792661492571456,0.96425644365423,1.2266260647479035,-0.0675031379141101,-1.082237467866835,-1.2640673921285472,-0.21482381125181255,-0.3895323082701867,-0.3143336961283477,-1.1980100386530417,-0.7973953612973838,-0.672058544159013,-0.6921567682655229,-1.4609134070857044,-0.0891393739966534,-0.4194008220350217,0.20261008702955507,-1.6745420808165796,-0.5017365349980186,-0.2130091009268516,-0.5523538913507477,-0.07639966350995119,-0.28708333828187355,0.4509158993734177,-0.35873376929420825,0.770770541893495,1.3294519864972518,-0.05924801474239681,-0.2900883232983121,-0.2955781683826058,-0.3888554871521795,-0.41265547100857053,-0.2943754514063852,-0.3658086479243954,0.014056388497957385,-0.5068020011974088,1.7712861286211905,1.0753370981905448,0.06492870846530709,-1.8409560124108695,-1.1751878000261426,-0.9962776212396675,-0.8324206013962827,0.9989187709831968,1.8822836089980008,0.42033946735152133,1.3385767425636153,0.7316296911155961,-0.23657207930514282,-0.7376951317802901,0.7376951317802901,-0.4820426798824101,-0.3075623426146228,0.6158384251930635,-0.13085598064755344,-0.2359813632291101,-0.2662958158485814,-0.19611613513818404,5.181095444015676,-0.12168146174384352,-0.06715342778730747,-0.03352007615769955,-1.8351149988007645,-0.21680296415038888,-0.5118980953829163,0.8505317485662419,-0.40583972495671383,-0.16278112867447064,-1.2316448970959013,-0.1699069165076462,-0.2081478487327801,1.4322604033532795,-0.7376951317802901,0.7376951317802901,-0.7376951317802901,0.7376951317802901,-0.7376951317802901,0.7376951317802901,-0.7376951317802901,0.7376951317802901,-0.4820426798824101,-0.3075623426146228,0.6158384251930635,-0.4820426798824101,-0.3075623426146228,0.6158384251930635,-0.4820426798824101,-0.3075623426146228,0.6158384251930635,-0.13085598064755344,-0.2359813632291101,-0.2662958158485814,-0.19611613513818404,5.181095444015676,-0.12168146174384352,-0.06715342778730747,-0.03352007615769955,-1.8351149988007645,-0.13085598064755344,-0.2359813632291101,-0.2662958158485814,-0.19611613513818404,5.181095444015676,-0.12168146174384352,-0.06715342778730747,-0.03352007615769955,-1.8351149988007645,-0.21680296415038888,-0.5118980953829163,0.8505317485662419,-0.40583972495671383,-0.16278112867447064
0,-1.368534833339652,0.8273772438659699,0.4327933656785018,2.0089333664952354,-0.23725087624760288,0.5446511676720712,0.96425644365423,-0.1524576244513169,1.0462986376687076,-1.368534833339652,0.8273772438659699,0.4327933656785018,2.0089333664952354,-0.23725087624760288,0.5446511676720712,0.96425644365423,-0.1524576244513169,1.0462986376687076,-1.0814482333584845,-1.006927711388859,-0.21309071801978005,0.04162887647704583,-0.4519254802703889,-0.8837780823067196,-0.7934409712556366,-0.8678760772156375,-0.5184583450756292,0.8635041745453002,0.5387118689362969,2.3973288194212925,0.18326114945792232,0.7925352191037062,1.3577269342345568,0.3560796814594294,1.3944313823577814,-0.07639966350995119,0.7239492878412465,-0.06776943093738026,0.5281575091431288,0.770770541893495,0.48001367888229923,0.15666192855198174,1.1701867956779368,0.2732956798275719,2.313747507607776,3.351533038490722,1.4171320670477043,1.3229763536333055,-0.17805912275252483,0.16875493041500572,0.11144175404151091,-0.24334860068246741,-0.10938524003808071,0.5449215208897721,1.1227307914744915,0.2690969755635181,1.2777712102587122,0.9989187709831968,0.3979510692708079,1.7078589307214564,-0.45345512765364804,0.7316296911155961,0.52576326485718,-0.7376951317802901,0.7376951317802901,-0.4820426798824101,-0.3075623426146228,0.6158384251930635,-0.13085598064755344,-0.2359813632291101,-0.2662958158485814,-0.19611613513818404,-0.19300937626135234,-0.12168146174384352,-0.06715342778730747,-0.03352007615769955,0.5449249778098338,-0.21680296415038888,-0.5118980953829163,0.8505317485662419,-0.40583972495671383,-0.16278112867447064,-1.2316448970959013,-0.1699069165076462,-0.2081478487327801,1.4322604033532795,-0.7376951317802901,0.7376951317802901,-0.7376951317802901,0.7376951317802901,-0.7376951317802901,0.7376951317802901,-0.7376951317802901,0.7376951317802901,-0.4820426798824101,-0.3075623426146228,0.6158384251930635,-0.4820426798824101,-0.3075623426146228,0.6158384251930635,-0.4820426798824101,-0.3075623426146228,0.6158384251930635,-0.13085598064755344,-0.2359813632291101,-0.2662958158485814,-0.19611613513818404,-0.19300937626135234,-0.12168146174384352,-0.06715342778730747,-0.03352007615769955,0.5449249778098338,-0.13085598064755344,-0.2359813632291101,-0.2662958158485814,-0.19611613513818404,-0.19300937626135234,-0.12168146174384352,-0.06715342778730747,-0.03352007615769955,0.5449249778098338,-0.21680296415038888,-0.5118980953829163,0.8505317485662419,-0.40583972495671383,-0.16278112867447064
0,-1.3646469502903917,0.8273772438659699,-0.47454519624983954,-0.4736736092984604,-0.4989475622371262,0.5446511676720712,0.96425644365423,1.5713969870477085,-0.6244040257055189,-1.3646469502903917,0.8273772438659699,-0.47454519624983954,-0.4736736092984604,-0.4989475622371262,0.5446511676720712,0.96425644365423,1.5713969870477085,-0.6244040257055189,-1.0806505578393495,-1.0028461291548958,-0.3760014818308347,-0.3895323082701867,-0.4959998324276734,-0.8802958882394741,-0.7894865812138894,-0.6129940165250855,-0.7753491709512088,0.8635041745453002,-0.4030649954631285,-0.4194008220350217,-0.571347415835755,0.7925352191037062,1.3577269342345568,2.490162615407983,-0.3576753639798948,-0.2328872501475753,-0.28708333828187355,-0.32078666523533045,-0.39610534423349997,-0.38113017778990566,-0.3694246287326534,-0.2751579580367754,-0.2900883232983121,-0.2955781683826058,-0.3888554871521795,-0.41265547100857053,-0.2943754514063852,-0.3658086479243954,-0.19836401418550262,-0.33212765423625973,-0.41485036472765574,-0.2982938381355096,-0.4123594838653976,0.5449215208897721,1.1227307914744915,1.9899792732545456,-0.337529114616601,0.9989187709831968,2.2533667439297993,-0.22342026433344614,1.973254696598896,0.0370826007825713,-0.4271559153457235,-0.7376951317802901,0.7376951317802901,-0.4820426798824101,-0.3075623426146228,0.6158384251930635,-0.13085598064755344,-0.2359813632291101,-0.2662958158485814,-0.19611613513818404,-0.19300937626135234,-0.12168146174384352,-0.06715342778730747,-0.03352007615769955,0.5449249778098338,-0.21680296415038888,-0.5118980953829163,0.8505317485662419,-0.40583972495671383,-0.16278112867447064,0.8119223343984152,-0.1699069165076462,-0.2081478487327801,-0.6981970580620328,-0.7376951317802901,0.7376951317802901,-0.7376951317802901,0.7376951317802901,-0.7376951317802901,0.7376951317802901,-0.7376951317802901,0.7376951317802901,-0.4820426798824101,-0.3075623426146228,0.6158384251930635,-0.4820426798824101,-0.3075623426146228,0.6158384251930635,-0.4820426798824101,-0.3075623426146228,0.6158384251930635,-0.13085598064755344,-0.2359813632291101,-0.2662958158485814,-0.19611613513818404,-0.19300937626135234,-0.12168146174384352,-0.06715342778730747,-0.03352007615769955,0.5449249778098338,-0.13085598064755344,-0.2359813632291101,-0.2662958158485814,-0.19611613513818404,-0.19300937626135234,-0.12168146174384352,-0.06715342778730747,-0.03352007615769955,0.5449249778098338,-0.21680296415038888,-0.5118980953829163,0.8505317485662419,-0.40583972495671383,-0.16278112867447064
0,-1.3607590672411314,0.8273772438659699,-0.47454519624983954,-0.4736736092984604,-0.4788170479302398,0.5446511676720712,0.96425644365423,-0.497228546751122,-0.6244040257055189,-1.3607590672411314,0.8273772438659699,-0.47454519624983954,-0.4736736092984604,-0.4788170479302398,0.5446511676720712,0.96425644365423,-0.497228546751122,-0.6244040257055189,-1.07984444130943,-0.9987645469209325,-0.3760014818308347,-0.3895323082701867,-0.49226348817071847,-0.8768136941722285,-0.7855321911721421,-0.9147020090335259,-0.7744349687238935,0.8635041745453002,-0.4030649954631285,-0.4194008220350217,-0.5133006031208568,0.7925352191037062,1.3577269342345568,-0.07073690533028135,-0.3576753639798948,-0.2328872501475753,-0.28708333828187355,-0.32078666523533045,-0.39610534423349997,-0.38113017778990566,-0.3694246287326534,-0.2751579580367754,-0.2900883232983121,-0.2955781683826058,-0.3888554871521795,-0.41265547100857053,-0.2943754514063852,-0.3658086479243954,-0.1974962837823839,-0.29359822464770086,-0.374366355591566,-0.42434467699837103,-0.40820915175817407,0.5449215208897721,1.1227307914744915,-0.07507948397468743,-0.337529114616601,0.9989187709831968,0.026867934339009688,-0.22342026433344614,-0.714793108726999,-0.5582434766457356,-0.4271559153457235,-0.7376951317802901,0.7376951317802901,-0.4820426798824101,-0.3075623426146228,0.6158384251930635,-0.13085598064755344,-0.2359813632291101,-0.2662958158485814,-0.19611613513818404,-0.19300937626135234,-0.12168146174384352,-0.06715342778730747,-0.03352007615769955,0.5449249778098338,-0.21680296415038888,-0.5118980953829163,0.8505317485662419,-0.40583972495671383,-0.16278112867447064,0.8119223343984152,-0.1699069165076462,-0.2081478487327801,-0.6981970580620328,-0.7376951317802901,0.7376951317802901,-0.7376951317802901,0.7376951317802901,-0.7376951317802901,0.7376951317802901,-0.7376951317802901,0.7376951317802901,-0.4820426798824101,-0.3075623426146228,0.6158384251930635,-0.4820426798824101,-0.3075623426146228,0.6158384251930635,-0.4820426798824101,-0.3075623426146228,0.6158384251930635,-0.13085598064755344,-0.2359813632291101,-0.2662958158485814,-0.19611613513818404,-0.19300937626135234,-0.12168146174384352,-0.06715342778730747,-0.03352007615769955,0.5449249778098338,-0.13085598064755344,-0.2359813632291101,-0.2662958158485814,-0.19611613513818404,-0.19300937626135234,-0.12168146174384352,-0.06715342778730747,-0.03352007615769955,0.5449249778098338,-0.21680296415038888,-0.5118980953829163,0.8505317485662419,-0.40583972495671383,-0.16278112867447064
0,-1.356871184191871,-1.5661069258891576,-0.47454519624983954,-0.4736736092984604,0.04457632404880686,-1.9265985531848488,-1.1168810094012038,1.5713969870477085,-0.6244040257055189,-1.356871184191871,-1.5661069258891576,-0.47454519624983954,-0.4736736092984604,0.04457632404880686,-1.9265985531848488,-1.1168810094012038,1.5713969870477085,-0.6244040257055189,-1.079029883768726,-1.2586252824832629,-0.3760014818308347,-0.3895323082701867,-0.4004872651600767,-1.203775920150976,-1.068490062233215,-0.603415985016881,-0.7735207664965783,-1.4609134070857044,-0.4030649954631285,-0.4194008220350217,-0.3198112274045292,-1.6901616971772877,-1.1971699031058678,-0.07073690533028135,-0.7470324187216006,-0.2328872501475753,-0.28708333828187355,-0.32078666523533045,-0.39610534423349997,-0.38113017778990566,-0.3694246287326534,-0.2751579580367754,-0.2900883232983121,-0.2955781683826058,-0.3888554871521795,-0.41265547100857053,-0.2943754514063852,-0.3658086479243954,-0.13432551043534188,-0.5734115574782211,-0.35136260080155673,0.487099850163858,-0.3003005169703626,-1.8437381397128192,-1.2589233365057262,-1.0404028083599504,-0.8642805683563481,-1.1087392780725651,-0.24474347742487473,-0.7049484103449949,1.973254696598896,0.0370826007825713,-0.4271559153457235,-0.7376951317802901,0.7376951317802901,2.0745051044939435,-0.3075623426146228,-1.6238025415294657,7.64198926981712,-0.2359813632291101,-0.2662958158485814,-0.19611613513818404,-0.19300937626135234,-0.12168146174384352,-0.06715342778730747,-0.03352007615769955,-1.8351149988007645,-0.21680296415038888,-0.5118980953829163,0.8505317485662419,-0.40583972495671383,-0.16278112867447064,0.8119223343984152,-0.1699069165076462,-0.2081478487327801,-0.6981970580620328,-0.7376951317802901,0.7376951317802901,-0.7376951317802901,0.7376951317802901,-0.7376951317802901,0.7376951317802901,-0.7376951317802901,0.7376951317802901,2.0745051044939435,-0.3075623426146228,-1.6238025415294657,2.0745051044939435,-0.3075623426146228,-1.6238025415294657,2.0745051044939435,-0.3075623426146228,-1.6238025415294657,7.64198926981712,-0.2359813632291101,-0.2662958158485814,-0.19611613513818404,-0.19300937626135234,-0.12168146174384352,-0.06715342778730747,-0.03352007615769955,-1.8351149988007645,7.64198926981712,-0.2359813632291101,-0.2662958158485814,-0.19611613513818404,-0.19300937626135234,-0.12168146174384352,-0.06715342778730747,-0.03352007615769955,-1.8351149988007645,-0.21680296415038888,-0.5118980953829163,0.8505317485662419,-0.40583972495671383,-0.16278112867447064
1,-1.3529833011426107,-1.5661069258891576,-0.47454519624983954,0.7676298785983874,0.6283612389485128,-1.8668102534866975,-1.1168810094012038,-0.497228546751122,-0.0675031379141101,-1.3529833011426107,-1.5661069258891576,-0.47454519624983954,0.7676298785983874,0.6283612389485128,-1.8668102534866975,-1.1168810094012038,-0.497228546751122,-0.0675031379141101,-1.0782068852172375,-1.2572647550719418,-0.3760014818308347,-0.1647780736679059,-0.29615982746102304,-1.1956233277292394,-1.0674935305533526,-0.9115093318641245,-0.6830147459923706,-1.4609134070857044,-0.4030649954631285,0.0500541182076973,0.24130796217282058,-1.6704316554584984,-1.1971699031058678,-0.9243700789097029,-0.5523538913507477,-0.2328872501475753,-0.28708333828187355,-0.32078666523533045,-0.39610534423349997,-0.38113017778990566,-0.3694246287326534,-0.2751579580367754,0.07498045644575013,0.600398142548424,-0.32755384131442905,0.061644365260601956,0.34743986801389837,0.056387602465029836,0.02840286449618671,-0.49171700756165154,-0.055497924081465894,0.1089473335752736,0.08153003689420116,-1.8399449636419904,-1.2446395073846672,-1.0607682793385422,-0.8271106069029386,-1.1087392780725651,-0.805835472779215,-0.5427168246715761,-0.714793108726999,-0.26058043793158214,-0.23657207930514282,-0.7376951317802901,0.7376951317802901,2.0745051044939435,-0.3075623426146228,-1.6238025415294657,-0.13085598064755344,-0.2359813632291101,-0.2662958158485814,5.099019513592785,-0.19300937626135234,-0.12168146174384352,-0.06715342778730747,-0.03352007615769955,-1.8351149988007645,-0.21680296415038888,-0.5118980953829163,0.8505317485662419,-0.40583972495671383,-0.16278112867447064,-1.2316448970959013,-0.1699069165076462,-0.2081478487327801,1.4322604033532795,-0.7376951317802901,0.7376951317802901,-0.7376951317802901,0.7376951317802901,-0.7376951317802901,0.7376951317802901,-0.7376951317802901,0.7376951317802901,2.0745051044939435,-0.3075623426146228,-1.6238025415294657,2.0745051044939435,-0.3075623426146228,-1.6238025415294657,2.0745051044939435,-0.3075623426146228,-1.6238025415294657,-0.13085598064755344,-0.2359813632291101,-0.2662958158485814,5.099019513592785,-0.19300937626135234,-0.12168146174384352,-0.06715342778730747,-0.03352007615769955,-1.8351149988007645,-0.13085598064755344,-0.2359813632291101,-0.2662958158485814,5.099019513592785,-0.19300937626135234,-0.12168146174384352,-0.06715342778730747,-0.03352007615769955,-1.8351149988007645,-0.21680296415038888,-0.5118980953829163,0.8505317485662419,-0.40583972495671383,-0.16278112867447064
1,-1.3490954180933503,-0.3693648410115938,-0.47454519624983954,0.7676298785983874,-0.17685933332694367,0.5446511676720712,-0.5095104222433947,0.5370842201482933,-0.0675031379141101,-1.3490954180933503,-0.3693648410115938,-0.47454519624983954,0.7676298785983874,-0.17685933332694367,0.5446511676720712,-0.5095104222433947,0.5370842201482933,-0.0675031379141101,-1.0773754456549645,-1.1212120139398316,-0.3760014818308347,-0.16248466311073978,-0.43752423104697996,-0.8663671119704919,-0.9810364731558588,-0.7518754733940501,-0.68118634153774,-0.5892568139740777,-0.4030649954631285,0.5195090584504164,-0.08762397654493621,-0.04105904351514409,-0.5569533474872684,0.3560796814594294,-0.1629968366090419,-0.2328872501475753,-0.28708333828187355,-0.32078666523533045,-0.39610534423349997,-0.38113017778990566,-0.3694246287326534,-0.2751579580367754,0.07498045644575013,0.031524294338246384,0.9624460102277982,0.4725028221561908,0.989255187434182,0.056387602465029836,-0.17059664128570393,0.2843432191806824,-0.26032231701397773,-0.05588837878385292,-0.25049653168368036,0.5449215208897721,-0.14575511629852972,0.9574498946399291,0.20090432700850336,-0.7538678336953983,-0.03924800141930428,-0.26165318579788244,0.29322481827021163,0.33474563949672476,-0.23657207930514282,1.3555735383351193,-1.3555735383351195,-0.4820426798824101,-0.3075623426146228,0.6158384251930635,-0.13085598064755344,-0.2359813632291101,-0.2662958158485814,-0.19611613513818404,-0.19300937626135234,-0.12168146174384352,-0.06715342778730747,-0.03352007615769955,0.5449249778098338,-0.21680296415038888,-0.5118980953829163,-1.175735064194511,2.4640269015229057,-0.16278112867447064,-1.2316448970959013,-0.1699069165076462,-0.2081478487327801,1.4322604033532795,1.3555735383351193,-1.3555735383351195,1.3555735383351193,-1.3555735383351195,1.3555735383351193,-1.3555735383351195,1.3555735383351193,-1.3555735383351195,-0.4820426798824101,-0.3075623426146228,0.6158384251930635,-0.4820426798824101,-0.3075623426146228,0.6158384251930635,-0.4820426798824101,-0.3075623426146228,0.6158384251930635,-0.13085598064755344,-0.2359813632291101,-0.2662958158485814,-0.19611613513818404,-0.19300937626135234,-0.12168146174384352,-0.06715342778730747,-0.03352007615769955,0.5449249778098338,-0.13085598064755344,-0.2359813632291101,-0.2662958158485814,-0.19611613513818404,-0.19300937626135234,-0.12168146174384352,-0.06715342778730747,-0.03352007615769955,0.5449249778098338,-0.21680296415038888,-0.5118980953829163,-1.175735064194511,2.4640269015229057,-0.16278112867447064
0,-1.34520753504409,-0.3693648410115938,0.4327933656785018,-0.4736736092984604,-0.11646779040628442,0.5446511676720712,0.96425644365423,0.5370842201482933,-0.0675031379141101,-1.34520753504409,-0.3693648410115938,0.4327933656785018,-0.4736736092984604,-0.11646779040628442,0.5446511676720712,0.96425644365423,0.5370842201482933,-0.0675031379141101,-1.076535565081907,-1.1184909591171894,-0.20269215862758505,-0.3895323082701867,-0.4258073456586648,-0.8628849179032463,-0.7697146310051534,-0.7486827962246486,-0.6793579370831097,-0.5892568139740777,0.2247862474698217,-0.4194008220350217,0.028469648884860296,-0.04105904351514409,0.42799519961826915,0.3560796814594294,-0.1629968366090419,-0.07639966350995119,-0.28708333828187355,0.008135739352004802,0.5281575091431288,0.770770541893495,0.9047328326897756,-0.05924801474239681,-0.2900883232983121,-0.2955781683826058,-0.3888554871521795,-0.41265547100857053,-0.2943754514063852,-0.3658086479243954,-0.16209288333514058,0.399931507946359,0.35434580885804934,0.002288931460544671,-0.22559453904033924,0.5449215208897721,1.1227307914744915,0.9574498946399291,0.20090432700850336,0.9989187709831968,1.1401173391344044,0.42033946735152133,0.29322481827021163,0.33474563949672476,-0.23657207930514282,-0.7376951317802901,0.7376951317802901,-0.4820426798824101,-0.3075623426146228,0.6158384251930635,-0.13085598064755344,-0.2359813632291101,-0.2662958158485814,-0.19611613513818404,-0.19300937626135234,-0.12168146174384352,-0.06715342778730747,-0.03352007615769955,0.5449249778098338,-0.21680296415038888,-0.5118980953829163,0.8505317485662419,-0.40583972495671383,-0.16278112867447064,-1.2316448970959013,-0.1699069165076462,-0.2081478487327801,1.4322604033532795,-0.7376951317802901,0.7376951317802901,-0.7376951317802901,0.7376951317802901,-0.7376951317802901,0.7376951317802901,-0.7376951317802901,0.7376951317802901,-0.4820426798824101,-0.3075623426146228,0.6158384251930635,-0.4820426798824101,-0.3075623426146228,0.6158384251930635,-0.4820426798824101,-0.3075623426146228,0.6158384251930635,-0.13085598064755344,-0.2359813632291101,-0.2662958158485814,-0.19611613513818404,-0.19300937626135234,-0.12168146174384352,-0.06715342778730747,-0.03352007615769955,0.5449249778098338,-0.13085598064755344,-0.2359813632291101,-0.2662958158485814,-0.19611613513818404,-0.19300937626135234,-0.12168146174384352,-0.06715342778730747,-0.03352007615769955,0.5449249778098338,-0.21680296415038888,-0.5118980953829163,0.8505317485662419,-0.40583972495671383,-0.16278112867447064
0,-1.3413196519948296,0.8273772438659699,-0.47454519624983954,-0.4736736092984604,-0.4989475622371262,0.5446511676720712,-0.5095104222433947,-0.1524576244513169,-0.6244040257055189,-1.3413196519948296,0.8273772438659699,-0.47454519624983954,-0.4736736092984604,-0.4989475622371262,0.5446511676720712,-0.5095104222433947,-0.1524576244513169,-0.6244040257055189,-1.075687243498065,-0.9783566357511161,-0.3760014818308347,-0.3895323082701867,-0.49447627457532284,-0.8594027238360007,-0.9773169345291111,-0.8529769170917639,-0.7698639575873174,0.8635041745453002,-0.4030649954631285,-0.4194008220350217,-0.571347415835755,0.7925352191037062,-0.11969588642374947,0.3560796814594294,-0.3576753639798948,-0.2328872501475753,-0.28708333828187355,-0.32078666523533045,-0.39610534423349997,-0.38113017778990566,-0.3694246287326534,-0.2751579580367754,-0.2900883232983121,-0.2955781683826058,-0.3888554871521795,-0.41265547100857053,-0.2943754514063852,-0.3658086479243954,-0.19836401418550262,-0.33212765423625973,-0.5649596120861907,-0.41141638583294937,-0.4123594838653976,0.5449215208897721,-0.14575511629852972,0.2690969755635181,-0.337529114616601,-0.7538678336953983,-0.3882924910983312,-0.564416590908148,-0.45345512765364804,-0.4590224637410178,-0.4271559153457235,1.3555735383351193,-1.3555735383351195,-0.4820426798824101,-0.3075623426146228,0.6158384251930635,-0.13085598064755344,-0.2359813632291101,-0.2662958158485814,-0.19611613513818404,-0.19300937626135234,-0.12168146174384352,-0.06715342778730747,-0.03352007615769955,0.5449249778098338,-0.21680296415038888,1.9535138126504805,-1.175735064194511,-0.40583972495671383,-0.16278112867447064,0.8119223343984152,-0.1699069165076462,-0.2081478487327801,-0.6981970580620328,1.3555735383351193,-1.3555735383351195,1.3555735383351193,-1.3555735383351195,1.3555735383351193,-1.3555735383351195,1.3555735383351193,-1.3555735383351195,-0.4820426798824101,-0.3075623426146228,0.6158384251930635,-0.4820426798824101,-0.3075623426146228,0.6158384251930635,-0.4820426798824101,-0.3075623426146228,0.6158384251930635,-0.13085598064755344,-0.2359813632291101,-0.2662958158485814,-0.19611613513818404,-0.19300937626135234,-0.12168146174384352,-0.06715342778730747,-0.03352007615769955,0.5449249778098338,-0.13085598064755344,-0.2359813632291101,-0.2662958158485814,-0.19611613513818404,-0.19300937626135234,-0.12168146174384352,-0.06715342778730747,-0.03352007615769955,0.5449249778098338,-0.21680296415038888,1.9535138126504805,-1.175735064194511,-0.40583972495671383,-0.16278112867447064
0,-1.337431768945569,0.8273772438659699,-0.47454519624983954,-0.4736736092984604,-0.4989475622371262,0.5446511676720712,0.96425644365423,0.8818551424480984,-0.6244040257055189,-1.337431768945569,0.8273772438659699,-0.47454519624983954,-0.4736736092984604,-0.4989475622371262,0.5446511676720712,0.96425644365423,0.8818551424480984,-0.6244040257055189,-1.0748304809034386,-0.9742750535171527,-0.3760014818308347,-0.3895323082701867,-0.4942223482665978,-0.8559205297687551,-0.761805850921659,-0.6880219300060204,-0.7689497553600021,0.8635041745453002,-0.4030649954631285,-0.4194008220350217,-0.571347415835755,0.7925352191037062,1.3577269342345568,1.6365294418285616,-0.3576753639798948,-0.2328872501475753,-0.28708333828187355,-0.32078666523533045,-0.39610534423349997,-0.38113017778990566,-0.3694246287326534,-0.2751579580367754,-0.2900883232983121,-0.2955781683826058,-0.3888554871521795,-0.41265547100857053,-0.2943754514063852,-0.3658086479243954,-0.19836401418550262,-0.33212765423625973,-0.41485036472765574,-0.34354285721448546,-0.4123594838653976,0.5449215208897721,1.1227307914744915,1.3016263541781348,-0.337529114616601,0.9989187709831968,1.5112004740662026,-0.22342026433344614,0.7785667831207204,-0.16135942502686434,-0.4271559153457235,-0.7376951317802901,0.7376951317802901,-0.4820426798824101,-0.3075623426146228,0.6158384251930635,-0.13085598064755344,-0.2359813632291101,-0.2662958158485814,-0.19611613513818404,-0.19300937626135234,-0.12168146174384352,-0.06715342778730747,-0.03352007615769955,0.5449249778098338,-0.21680296415038888,-0.5118980953829163,0.8505317485662419,-0.40583972495671383,-0.16278112867447064,0.8119223343984152,-0.1699069165076462,-0.2081478487327801,-0.6981970580620328,-0.7376951317802901,0.7376951317802901,-0.7376951317802901,0.7376951317802901,-0.7376951317802901,0.7376951317802901,-0.7376951317802901,0.7376951317802901,-0.4820426798824101,-0.3075623426146228,0.6158384251930635,-0.4820426798824101,-0.3075623426146228,0.6158384251930635,-0.4820426798824101,-0.3075623426146228,0.6158384251930635,-0.13085598064755344,-0.2359813632291101,-0.2662958158485814,-0.19611613513818404,-0.19300937626135234,-0.12168146174384352,-0.06715342778730747,-0.03352007615769955,0.5449249778098338,-0.13085598064755344,-0.2359813632291101,-0.2662958158485814,-0.19611613513818404,-0.19300937626135234,-0.12168146174384352,-0.06715342778730747,-0.03352007615769955,0.5449249778098338,-0.21680296415038888,-0.5118980953829163,0.8505317485662419,-0.40583972495671383,-0.16278112867447064
0,-1.3335438858963087,-1.5661069258891576,-0.47454519624983954,0.7676298785983874,0.9101884392449225,-1.8668102534866975,0.96425644365423,-0.841999469050927,-0.0675031379141101,-1.3335438858963087,-1.5661069258891576,-0.47454519624983954,0.7676298785983874,0.9101884392449225,-1.8668102534866975,0.96425644365423,-0.841999469050927,-0.0675031379141101,-1.0739652772980275,-1.2504621180153361,-0.3760014818308347,-0.15331102088207524,-0.23242432397102397,-1.1948334809487005,-0.7578514608799117,-0.9583352636820129,-0.6738727237192182,-1.4609134070857044,-0.4030649954631285,0.0500541182076973,0.5121930881756791,-1.6704316554584984,-0.5017365349980186,-1.0666422745062731,-0.5523538913507477,-0.2328872501475753,-0.28708333828187355,-0.32078666523533045,-0.39610534423349997,-0.38113017778990566,-0.3694246287326534,-0.2751579580367754,0.07498045644575013,0.7995039894219863,-0.32755384131442905,1.4694387837410756,0.13350142820713717,0.056387602465029836,0.14178630383703136,-0.46724664005175814,2.4190302747986263,-0.004175214122166173,0.1977393358964597,-1.8399449636419904,-1.163379379720384,-1.0763818070887963,-0.8271106069029386,0.9989187709831968,-0.34421520059278854,0.42033946735152133,-0.9014630952079639,-0.4590224637410178,-0.23657207930514282,-0.7376951317802901,0.7376951317802901,-0.4820426798824101,-0.3075623426146228,0.6158384251930635,-0.13085598064755344,-0.2359813632291101,-0.2662958158485814,5.099019513592785,-0.19300937626135234,-0.12168146174384352,-0.06715342778730747,-0.03352007615769955,-1.8351149988007645,-0.21680296415038888,-0.5118980953829163,0.8505317485662419,-0.40583972495671383,-0.16278112867447064,-1.2316448970959013,-0.1699069165076462,-0.2081478487327801,1.4322604033532795,-0.7376951317802901,0.7376951317802901,-0.7376951317802901,0.7376951317802901,-0.7376951317802901,0.7376951317802901,-0.7376951317802901,0.7376951317802901,-0.4820426798824101,-0.3075623426146228,0.6158384251930635,-0.4820426798824101,-0.3075623426146228,0.6158384251930635,-0.4820426798824101,-0.3075623426146228,0.6158384251930635,-0.13085598064755344,-0.2359813632291101,-0.2662958158485814,5.099019513592785,-0.19300937626135234,-0.12168146174384352,-0.06715342778730747,-0.03352007615769955,-1.8351149988007645,-0.13085598064755344,-0.2359813632291101,-0.2662958158485814,5.099019513592785,-0.19300937626135234,-0.12168146174384352,-0.06715342778730747,-0.03352007615769955,-1.8351149988007645,-0.21680296415038888,-0.5118980953829163,0.8505317485662419,-0.40583972495671383,-0.16278112867447064
0,-1.3296560028470483,0.8273772438659699,-0.47454519624983954,-0.4736736092984604,-0.4788170479302398,0.5446511676720712,0.96425644365423,0.5370842201482933,-0.6244040257055189,-1.3296560028470483,0.8273772438659699,-0.47454519624983954,-0.4736736092984604,-0.4788170479302398,0.5446511676720712,0.96425644365423,0.5370842201482933,-0.6244040257055189,-1.073091632681832,-0.9661118890492262,-0.3760014818308347,-0.3895323082701867,-0.4899418762052319,-0.848956141634264,-0.7538970708381646,-0.7359120875470427,-0.7671213509053717,0.8635041745453002,-0.4030649954631285,-0.4194008220350217,-0.5133006031208568,0.7925352191037062,1.3577269342345568,1.209712855038851,-0.3576753639798948,-0.2328872501475753,-0.28708333828187355,-0.32078666523533045,-0.39610534423349997,-0.38113017778990566,-0.3694246287326534,-0.2751579580367754,-0.2900883232983121,-0.2955781683826058,-0.3888554871521795,-0.41265547100857053,-0.2943754514063852,-0.3658086479243954,-0.1974962837823839,-0.29359822464770086,-0.374366355591566,-0.3467749300058409,-0.40820915175817407,0.5449215208897721,1.1227307914744915,0.9574498946399291,-0.337529114616601,0.9989187709831968,1.1401173391344044,-0.22342026433344614,0.29322481827021163,-0.26058043793158214,-0.4271559153457235,-0.7376951317802901,0.7376951317802901,-0.4820426798824101,-0.3075623426146228,0.6158384251930635,-0.13085598064755344,-0.2359813632291101,-0.2662958158485814,-0.19611613513818404,-0.19300937626135234,-0.12168146174384352,-0.06715342778730747,-0.03352007615769955,0.5449249778098338,-0.21680296415038888,-0.5118980953829163,0.8505317485662419,-0.40583972495671383,-0.16278112867447064,0.8119223343984152,-0.1699069165076462,-0.2081478487327801,-0.6981970580620328,-0.7376951317802901,0.7376951317802901,-0.7376951317802901,0.7376951317802901,-0.7376951317802901,0.7376951317802901,-0.7376951317802901,0.7376951317802901,-0.4820426798824101,-0.3075623426146228,0.6158384251930635,-0.4820426798824101,-0.3075623426146228,0.6158384251930635,-0.4820426798824101,-0.3075623426146228,0.6158384251930635,-0.13085598064755344,-0.2359813632291101,-0.2662958158485814,-0.19611613513818404,-0.19300937626135234,-0.12168146174384352,-0.06715342778730747,-0.03352007615769955,0.5449249778098338,-0.13085598064755344,-0.2359813632291101,-0.2662958158485814,-0.19611613513818404,-0.19300937626135234,-0.12168146174384352,-0.06715342778730747,-0.03352007615769955,0.5449249778098338,-0.21680296415038888,-0.5118980953829163,0.8505317485662419,-0.40583972495671383,-0.16278112867447064
0,-1.325768119797788,0.8273772438659699,1.340131927606843,-0.4736736092984604,-0.4989475622371262,0.5446511676720712,0.96425644365423,0.8818551424480984,-0.6244040257055189,-1.325768119797788,0.8273772438659699,1.340131927606843,-0.4736736092984604,-0.4989475622371262,0.5446511676720712,0.96425644365423,0.8818551424480984,-0.6244040257055189,-1.072209547054852,-0.9620303068152628,-0.012051903104010471,-0.3895323082701867,-0.4934605693404225,-0.8454739475670184,-0.7499426807964173,-0.6768475599131152,-0.7662071486780565,0.8635041745453002,1.480488733335722,-0.4194008220350217,-0.571347415835755,0.7925352191037062,1.3577269342345568,1.6365294418285616,-0.3576753639798948,0.39306309640292114,-0.28708333828187355,-0.1436746012267653,1.4524203625197576,1.9226712615768957,2.603609447919681,-0.05924801474239681,-0.2900883232983121,-0.2955781683826058,-0.3888554871521795,-0.41265547100857053,-0.2943754514063852,-0.3658086479243954,-0.19836401418550262,-0.33212765423625973,-0.41485036472765574,-0.34354285721448546,-0.4123594838653976,0.5449215208897721,1.1227307914744915,1.3016263541781348,-0.337529114616601,0.9989187709831968,1.5112004740662026,-0.22342026433344614,0.7785667831207204,-0.16135942502686434,-0.4271559153457235,-0.7376951317802901,0.7376951317802901,-0.4820426798824101,-0.3075623426146228,0.6158384251930635,-0.13085598064755344,-0.2359813632291101,-0.2662958158485814,-0.19611613513818404,-0.19300937626135234,-0.12168146174384352,-0.06715342778730747,-0.03352007615769955,0.5449249778098338,-0.21680296415038888,-0.5118980953829163,0.8505317485662419,-0.40583972495671383,-0.16278112867447064,-1.2316448970959013,-0.1699069165076462,-0.2081478487327801,1.4322604033532795,-0.7376951317802901,0.7376951317802901,-0.7376951317802901,0.7376951317802901,-0.7376951317802901,0.7376951317802901,-0.7376951317802901,0.7376951317802901,-0.4820426798824101,-0.3075623426146228,0.6158384251930635,-0.4820426798824101,-0.3075623426146228,0.6158384251930635,-0.4820426798824101,-0.3075623426146228,0.6158384251930635,-0.13085598064755344,-0.2359813632291101,-0.2662958158485814,-0.19611613513818404,-0.19300937626135234,-0.12168146174384352,-0.06715342778730747,-0.03352007615769955,0.5449249778098338,-0.13085598064755344,-0.2359813632291101,-0.2662958158485814,-0.19611613513818404,-0.19300937626135234,-0.12168146174384352,-0.06715342778730747,-0.03352007615769955,0.5449249778098338,-0.21680296415038888,-0.5118980953829163,0.8505317485662419,-0.40583972495671383,-0.16278112867447064
0,-1.3218802367485276,0.8273772438659699,-0.47454519624983954,-0.4736736092984604,-0.4989475622371262,0.5446511676720712,0.96425644365423,-0.1524576244513169,-0.6244040257055189,-1.3218802367485276,0.8273772438659699,-0.47454519624983954,-0.4736736092984604,-0.4989475622371262,0.5446511676720712,0.96425644365423,-0.1524576244513169,-0.6244040257055189,-1.0713190204170877,-0.9579487245812995,-0.3760014818308347,-0.3895323082701867,-0.49320664303169737,-0.841991753499773,-0.7459882907546702,-0.8423346598604257,-0.7652929464507412,0.8635041745453002,-0.4030649954631285,-0.4194008220350217,-0.571347415835755,0.7925352191037062,1.3577269342345568,0.3560796814594294,-0.3576753639798948,-0.2328872501475753,-0.28708333828187355,-0.32078666523533045,-0.39610534423349997,-0.38113017778990566,-0.3694246287326534,-0.2751579580367754,-0.2900883232983121,-0.2955781683826058,-0.3888554871521795,-0.41265547100857053,-0.2943754514063852,-0.3658086479243954,-0.19836401418550262,-0.33212765423625973,-0.41485036472765574,-0.41141638583294937,-0.4123594838653976,0.5449215208897721,1.1227307914744915,0.2690969755635181,-0.337529114616601,0.9989187709831968,0.3979510692708079,-0.22342026433344614,-0.45345512765364804,-0.4590224637410178,-0.4271559153457235,-0.7376951317802901,0.7376951317802901,-0.4820426798824101,-0.3075623426146228,0.6158384251930635,-0.13085598064755344,-0.2359813632291101,-0.2662958158485814,-0.19611613513818404,-0.19300937626135234,-0.12168146174384352,-0.06715342778730747,-0.03352007615769955,0.5449249778098338,-0.21680296415038888,-0.5118980953829163,0.8505317485662419,-0.40583972495671383,-0.16278112867447064,0.8119223343984152,-0.1699069165076462,-0.2081478487327801,-0.6981970580620328,-0.7376951317802901,0.7376951317802901,-0.7376951317802901,0.7376951317802901,-0.7376951317802901,0.7376951317802901,-0.7376951317802901,0.7376951317802901,-0.4820426798824101,-0.3075623426146228,0.6158384251930635,-0.4820426798824101,-0.3075623426146228,0.6158384251930635,-0.4820426798824101,-0.3075623426146228,0.6158384251930635,-0.13085598064755344,-0.2359813632291101,-0.2662958158485814,-0.19611613513818404,-0.19300937626135234,-0.12168146174384352,-0.06715342778730747,-0.03352007615769955,0.5449249778098338,-0.13085598064755344,-0.2359813632291101,-0.2662958158485814,-0.19611613513818404,-0.19300937626135234,-0.12168146174384352,-0.06715342778730747,-0.03352007615769955,0.5449249778098338,-0.21680296415038888,-0.5118980953829163,0.8505317485662419,-0.40583972495671383,-0.16278112867447064
1,-1.3179923536992673,0.8273772438659699,-0.47454519624983954,-0.4736736092984604,-0.4989475622371262,0.5446511676720712,-0.5095104222433947,-0.841999469050927,-0.6244040257055189,-1.3179923536992673,0.8273772438659699,-0.47454519624983954,-0.4736736092984604,-0.4989475622371262,0.5446511676720712,-0.5095104222433947,-0.841999469050927,-0.6244040257055189,-1.0704200527685388,-0.9538671423473363,-0.3760014818308347,-0.3895323082701867,-0.4929527167229723,-0.8385095594325274,-0.9661583186488677,-0.9540783607894776,-0.764378744223426,0.8635041745453002,-0.4030649954631285,-0.4194008220350217,-0.571347415835755,0.7925352191037062,-0.11969588642374947,-0.4975534921199921,-0.3576753639798948,-0.2328872501475753,-0.28708333828187355,-0.32078666523533045,-0.39610534423349997,-0.38113017778990566,-0.3694246287326534,-0.2751579580367754,-0.2900883232983121,-0.2955781683826058,-0.3888554871521795,-0.41265547100857053,-0.2943754514063852,-0.3658086479243954,-0.19836401418550262,-0.33212765423625973,-0.5649596120861907,-0.45666540491192525,-0.4123594838653976,0.5449215208897721,-0.14575511629852972,-0.41925594351289297,-0.337529114616601,-0.7538678336953983,-0.7373369807773581,-0.564416590908148,-0.9014630952079639,-0.6574644895504534,-0.4271559153457235,1.3555735383351193,-1.3555735383351195,-0.4820426798824101,-0.3075623426146228,0.6158384251930635,-0.13085598064755344,-0.2359813632291101,-0.2662958158485814,-0.19611613513818404,-0.19300937626135234,-0.12168146174384352,-0.06715342778730747,-0.03352007615769955,0.5449249778098338,-0.21680296415038888,1.9535138126504805,-1.175735064194511,-0.40583972495671383,-0.16278112867447064,0.8119223343984152,-0.1699069165076462,-0.2081478487327801,-0.6981970580620328,1.3555735383351193,-1.3555735383351195,1.3555735383351193,-1.3555735383351195,1.3555735383351193,-1.3555735383351195,1.3555735383351193,-1.3555735383351195,-0.4820426798824101,-0.3075623426146228,0.6158384251930635,-0.4820426798824101,-0.3075623426146228,0.6158384251930635,-0.4820426798824101,-0.3075623426146228,0.6158384251930635,-0.13085598064755344,-0.2359813632291101,-0.2662958158485814,-0.19611613513818404,-0.19300937626135234,-0.12168146174384352,-0.06715342778730747,-0.03352007615769955,0.5449249778098338,-0.13085598064755344,-0.2359813632291101,-0.2662958158485814,-0.19611613513818404,-0.19300937626135234,-0.12168146174384352,-0.06715342778730747,-0.03352007615769955,0.5449249778098338,-0.21680296415038888,1.9535138126504805,-1.175735064194511,-0.40583972495671383,-0.16278112867447064
1,-1.314104470650007,0.8273772438659699,-0.47454519624983954,-0.4736736092984604,-0.4989475622371262,0.5446511676720712,0.96425644365423,-1.1867703913507321,-0.6244040257055189,-1.314104470650007,0.8273772438659699,-0.47454519624983954,-0.4736736092984604,-0.4989475622371262,0.5446511676720712,0.96425644365423,-1.1867703913507321,-0.6244040257055189,-1.0695126441092053,-0.9497855601133729,-0.3760014818308347,-0.3895323082701867,-0.4926987904142472,-0.8350273653652818,-0.7380795106711758,-1.0104823241155705,-0.7634645419961108,0.8635041745453002,-0.4030649954631285,-0.4194008220350217,-0.571347415835755,0.7925352191037062,1.3577269342345568,-0.9243700789097029,-0.3576753639798948,-0.2328872501475753,-0.28708333828187355,-0.32078666523533045,-0.39610534423349997,-0.38113017778990566,-0.3694246287326534,-0.2751579580367754,-0.2900883232983121,-0.2955781683826058,-0.3888554871521795,-0.41265547100857053,-0.2943754514063852,-0.3658086479243954,-0.19836401418550262,-0.33212765423625973,-0.41485036472765574,-0.4792899144514132,-0.4123594838653976,0.5449215208897721,1.1227307914744915,-0.7634324030510985,-0.337529114616601,0.9989187709831968,-0.7152983355245868,-0.22342026433344614,-1.0134650870965427,-0.7566855024551713,-0.4271559153457235,-0.7376951317802901,0.7376951317802901,-0.4820426798824101,-0.3075623426146228,0.6158384251930635,-0.13085598064755344,-0.2359813632291101,-0.2662958158485814,-0.19611613513818404,-0.19300937626135234,-0.12168146174384352,-0.06715342778730747,-0.03352007615769955,0.5449249778098338,-0.21680296415038888,-0.5118980953829163,0.8505317485662419,-0.40583972495671383,-0.16278112867447064,0.8119223343984152,-0.1699069165076462,-0.2081478487327801,-0.6981970580620328,-0.7376951317802901,0.7376951317802901,-0.7376951317802901,0.7376951317802901,-0.7376951317802901,0.7376951317802901,-0.7376951317802901,0.7376951317802901,-0.4820426798824101,-0.3075623426146228,0.6158384251930635,-0.4820426798824101,-0.3075623426146228,0.6158384251930635,-0.4820426798824101,-0.3075623426146228,0.6158384251930635,-0.13085598064755344,-0.2359813632291101,-0.2662958158485814,-0.19611613513818404,-0.19300937626135234,-0.12168146174384352,-0.06715342778730747,-0.03352007615769955,0.5449249778098338,-0.13085598064755344,-0.2359813632291101,-0.2662958158485814,-0.19611613513818404,-0.19300937626135234,-0.12168146174384352,-0.06715342778730747,-0.03352007615769955,0.5449249778098338,-0.21680296415038888,-0.5118980953829163,0.8505317485662419,-0.40583972495671383,-0.16278112867447064
0,-1.3102165876007466,0.8273772438659699,-0.47454519624983954,-0.4736736092984604,-0.4989475622371262,0.5446511676720712,0.96425644365423,0.8818551424480984,-0.6244040257055189,-1.3102165876007466,0.8273772438659699,-0.47454519624983954,-0.4736736092984604,-0.4989475622371262,0.5446511676720712,0.96425644365423,0.8818551424480984,-0.6244040257055189,-1.0685967944390873,-0.9457039778794096,-0.3760014818308347,-0.3895323082701867,-0.4924448641055221,-0.8315451712980362,-0.7341251206294286,-0.6619483997892416,-0.7625503397687955,0.8635041745453002,-0.4030649954631285,-0.4194008220350217,-0.571347415835755,0.7925352191037062,1.3577269342345568,1.6365294418285616,-0.3576753639798948,-0.2328872501475753,-0.28708333828187355,-0.32078666523533045,-0.39610534423349997,-0.38113017778990566,-0.3694246287326534,-0.2751579580367754,-0.2900883232983121,-0.2955781683826058,-0.3888554871521795,-0.41265547100857053,-0.2943754514063852,-0.3658086479243954,-0.19836401418550262,-0.33212765423625973,-0.41485036472765574,-0.34354285721448546,-0.4123594838653976,0.5449215208897721,1.1227307914744915,1.3016263541781348,-0.337529114616601,0.9989187709831968,1.5112004740662026,-0.22342026433344614,0.7785667831207204,-0.16135942502686434,-0.4271559153457235,-0.7376951317802901,0.7376951317802901,-0.4820426798824101,-0.3075623426146228,0.6158384251930635,-0.13085598064755344,-0.2359813632291101,-0.2662958158485814,-0.19611613513818404,-0.19300937626135234,-0.12168146174384352,-0.06715342778730747,-0.03352007615769955,0.5449249778098338,-0.21680296415038888,-0.5118980953829163,0.8505317485662419,-0.40583972495671383,-0.16278112867447064,0.8119223343984152,-0.1699069165076462,-0.2081478487327801,-0.6981970580620328,-0.7376951317802901,0.7376951317802901,-0.7376951317802901,0.7376951317802901,-0.7376951317802901,0.7376951317802901,-0.7376951317802901,0.7376951317802901,-0.4820426798824101,-0.3075623426146228,0.6158384251930635,-0.4820426798824101,-0.3075623426146228,0.6158384251930635,-0.4820426798824101,-0.3075623426146228,0.6158384251930635,-0.13085598064755344,-0.2359813632291101,-0.2662958158485814,-0.19611613513818404,-0.19300937626135234,-0.12168146174384352,-0.06715342778730747,-0.03352007615769955,0.5449249778098338,-0.13085598064755344,-0.2359813632291101,-0.2662958158485814,-0.19611613513818404,-0.19300937626135234,-0.12168146174384352,-0.06715342778730747,-0.03352007615769955,0.5449249778098338,-0.21680296415038888,-0.5118980953829163,0.8505317485662419,-0.40583972495671383,-0.16278112867447064
1,-1.3063287045514862,0.8273772438659699,0.4327933656785018,-0.4736736092984604,-0.15672881902005725,0.5446511676720712,-1.5500791487711116,0.19231329784848822,0.48939774987729867,-1.3063287045514862,0.8273772438659699,0.4327933656785018,-0.4736736092984604,-0.15672881902005725,0.5446511676720712,-1.5500791487711116,0.19231329784848822,0.48939774987729867,-1.067672503758185,-0.9416223956454464,-0.1853612263072601,-0.3895323082701867,-0.4243563381802357,-0.8280629772307907,-1.1232612206124069,-0.7752884393029944,-0.5605116475321298,0.8635041745453002,0.5387118689362969,-0.4194008220350217,0.41544840031751534,0.7925352191037062,-1.1628459385855234,0.7828962682491402,0.8103958002452226,-0.07639966350995119,-0.28708333828187355,-0.017165984077790217,0.5281575091431288,-0.27019270879953,0.6923732557860374,0.048706956904792466,-0.2900883232983121,-0.2955781683826058,-0.3888554871521795,-0.41265547100857053,-0.2943754514063852,-0.3658086479243954,-0.1678777526892653,0.32287264876924127,-0.604663832924314,-0.11406568902825052,-0.14258789689586887,0.5449215208897721,-1.0413830451200872,0.6132734351017236,0.7393377686336078,-1.2307930204368625,-0.9076897521906716,-0.6811819997049399,-0.1174491519879112,0.6324086782108782,0.08106764742915833,1.3555735383351193,-1.3555735383351195,-0.4820426798824101,3.2513733362117265,-1.6238025415294657,-0.13085598064755344,-0.2359813632291101,-0.2662958158485814,-0.19611613513818404,-0.19300937626135234,-0.12168146174384352,-0.06715342778730747,-0.03352007615769955,0.5449249778098338,-0.21680296415038888,1.9535138126504805,-1.175735064194511,-0.40583972495671383,-0.16278112867447064,-1.2316448970959013,-0.1699069165076462,-0.2081478487327801,1.4322604033532795,1.3555735383351193,-1.3555735383351195,1.3555735383351193,-1.3555735383351195,1.3555735383351193,-1.3555735383351195,1.3555735383351193,-1.3555735383351195,-0.4820426798824101,3.2513733362117265,-1.6238025415294657,-0.4820426798824101,3.2513733362117265,-1.6238025415294657,-0.4820426798824101,3.2513733362117265,-1.6238025415294657,-0.13085598064755344,-0.2359813632291101,-0.2662958158485814,-0.19611613513818404,-0.19300937626135234,-0.12168146174384352,-0.06715342778730747,-0.03352007615769955,0.5449249778098338,-0.13085598064755344,-0.2359813632291101,-0.2662958158485814,-0.19611613513818404,-0.19300937626135234,-0.12168146174384352,-0.06715342778730747,-0.03352007615769955,0.5449249778098338,-0.21680296415038888,1.9535138126504805,-1.175735064194511,-0.40583972495671383,-0.16278112867447064
0,-1.3024408215022258,-1.5661069258891576,-0.47454519624983954,-0.4736736092984604,0.40692558157276226,-1.747233654090395,0.96425644365423,1.2266260647479035,-0.0675031379141101,-1.3024408215022258,-1.5661069258891576,-0.47454519624983954,-0.4736736092984604,0.40692558157276226,-1.747233654090395,0.96425644365423,1.2266260647479035,-0.0675031379141101,-1.066739772066498,-1.2395778987247674,-0.3760014818308347,-0.3895323082701867,-0.31074245261923567,-1.1752727537228318,-0.7262163405459342,-0.5954342920933773,-0.6592454880821745,-1.4609134070857044,-0.4030649954631285,-0.4194008220350217,0.028469648884860296,-1.6309715720209197,-0.5017365349980186,-0.2130091009268516,-0.5523538913507477,-0.2328872501475753,-0.28708333828187355,-0.32078666523533045,-0.39610534423349997,-0.38113017778990566,-0.3694246287326534,-0.2751579580367754,-0.2900883232983121,-0.2955781683826058,-0.3888554871521795,-0.41265547100857053,-0.2943754514063852,-0.3658086479243954,-0.044775732833491094,-0.4161020520574778,1.4069300463963827,0.8426278572129544,-0.009777269464716258,-1.8243260033503432,-1.050018544785101,-0.8523616263242837,-0.7761346597668339,0.9989187709831968,1.8822836089980008,0.42033946735152133,1.3385767425636153,0.7316296911155961,-0.23657207930514282,-0.7376951317802901,0.7376951317802901,-0.4820426798824101,-0.3075623426146228,0.6158384251930635,-0.13085598064755344,-0.2359813632291101,3.755222352305419,-0.19611613513818404,-0.19300937626135234,-0.12168146174384352,-0.06715342778730747,-0.03352007615769955,-1.8351149988007645,-0.21680296415038888,-0.5118980953829163,0.8505317485662419,-0.40583972495671383,-0.16278112867447064,0.8119223343984152,-0.1699069165076462,-0.2081478487327801,-0.6981970580620328,-0.7376951317802901,0.7376951317802901,-0.7376951317802901,0.7376951317802901,-0.7376951317802901,0.7376951317802901,-0.7376951317802901,0.7376951317802901,-0.4820426798824101,-0.3075623426146228,0.6158384251930635,-0.4820426798824101,-0.3075623426146228,0.6158384251930635,-0.4820426798824101,-0.3075623426146228,0.6158384251930635,-0.13085598064755344,-0.2359813632291101,3.755222352305419,-0.19611613513818404,-0.19300937626135234,-0.12168146174384352,-0.06715342778730747,-0.03352007615769955,-1.8351149988007645,-0.13085598064755344,-0.2359813632291101,3.755222352305419,-0.19611613513818404,-0.19300937626135234,-0.12168146174384352,-0.06715342778730747,-0.03352007615769955,-1.8351149988007645,-0.21680296415038888,-0.5118980953829163,0.8505317485662419,-0.40583972495671383,-0.16278112867447064
0,-1.2985529384529655,0.8273772438659699,0.4327933656785018,-0.4736736092984604,-0.35803396208892135,0.5446511676720712,-1.3133832581875537,-1.5315413136505371,-0.0675031379141101,-1.2985529384529655,0.8273772438659699,0.4327933656785018,-0.4736736092984604,-0.35803396208892135,0.5446511676720712,-1.3133832581875537,-1.5315413136505371,-0.0675031379141101,-1.0657985993640264,-0.9334592311775197,-0.1818950398431951,-0.3895323082701867,-0.46324333860213607,-0.8210985890962995,-1.0848217565789864,-1.0679505131647973,-0.6574170836275441,0.8635041745453002,0.5387118689362969,-0.4194008220350217,-0.16501972683146723,0.7925352191037062,-0.9255628795100984,-1.3511866656994136,0.2263602181326639,-0.07639966350995119,-0.28708333828187355,-0.1436746012267653,0.5281575091431288,-0.17219794452469814,-0.3694246287326534,-0.05924801474239681,-0.2900883232983121,-0.2955781683826058,-0.3888554871521795,-0.41265547100857053,-0.2943754514063852,-0.3658086479243954,-0.18986025623493927,-0.06242164711634756,-0.5954363380650448,-0.5019144239909011,-0.32520250961370367,0.5449215208897721,-0.8376565205383595,-1.107608862589304,0.20090432700850336,-1.177626087863427,-1.086381470456385,-0.6336491784248299,-1.0507990843927357,-0.855906515359889,-0.23657207930514282,1.3555735383351193,-1.3555735383351195,2.0745051044939435,-0.3075623426146228,-1.6238025415294657,-0.13085598064755344,-0.2359813632291101,-0.2662958158485814,-0.19611613513818404,-0.19300937626135234,-0.12168146174384352,-0.06715342778730747,-0.03352007615769955,0.5449249778098338,-0.21680296415038888,1.9535138126504805,-1.175735064194511,-0.40583972495671383,-0.16278112867447064,-1.2316448970959013,-0.1699069165076462,-0.2081478487327801,1.4322604033532795,1.3555735383351193,-1.3555735383351195,1.3555735383351193,-1.3555735383351195,1.3555735383351193,-1.3555735383351195,1.3555735383351193,-1.3555735383351195,2.0745051044939435,-0.3075623426146228,-1.6238025415294657,2.0745051044939435,-0.3075623426146228,-1.6238025415294657,2.0745051044939435,-0.3075623426146228,-1.6238025415294657,-0.13085598064755344,-0.2359813632291101,-0.2662958158485814,-0.19611613513818404,-0.19300937626135234,-0.12168146174384352,-0.06715342778730747,-0.03352007615769955,0.5449249778098338,-0.13085598064755344,-0.2359813632291101,-0.2662958158485814,-0.19611613513818404,-0.19300937626135234,-0.12168146174384352,-0.06715342778730747,-0.03352007615769955,0.5449249778098338,-0.21680296415038888,1.9535138126504805,-1.175735064194511,-0.40583972495671383,-0.16278112867447064
0,-1.294665055403705,0.8273772438659699,-0.47454519624983954,-0.4736736092984604,-0.4788170479302398,0.5446511676720712,0.96425644365423,-0.841999469050927,-0.6244040257055189,-1.294665055403705,0.8273772438659699,-0.47454519624983954,-0.4736736092984604,-0.4788170479302398,0.5446511676720712,0.96425644365423,-0.841999469050927,-0.6244040257055189,-1.0648489856507706,-0.9293776489435565,-0.3760014818308347,-0.3895323082701867,-0.48733006274405943,-0.8176163950290539,-0.7183075604624398,-0.9476930064506747,-0.7588935308595346,0.8635041745453002,-0.4030649954631285,-0.4194008220350217,-0.5133006031208568,0.7925352191037062,1.3577269342345568,-0.4975534921199921,-0.3576753639798948,-0.2328872501475753,-0.28708333828187355,-0.32078666523533045,-0.39610534423349997,-0.38113017778990566,-0.3694246287326534,-0.2751579580367754,-0.2900883232983121,-0.2955781683826058,-0.3888554871521795,-0.41265547100857053,-0.2943754514063852,-0.3658086479243954,-0.1974962837823839,-0.29359822464770086,-0.374366355591566,-0.4502012593292144,-0.40820915175817407,0.5449215208897721,1.1227307914744915,-0.41925594351289297,-0.337529114616601,0.9989187709831968,-0.34421520059278854,-0.22342026433344614,-0.9014630952079639,-0.6574644895504534,-0.4271559153457235,-0.7376951317802901,0.7376951317802901,-0.4820426798824101,-0.3075623426146228,0.6158384251930635,-0.13085598064755344,-0.2359813632291101,-0.2662958158485814,-0.19611613513818404,-0.19300937626135234,-0.12168146174384352,-0.06715342778730747,-0.03352007615769955,0.5449249778098338,-0.21680296415038888,-0.5118980953829163,0.8505317485662419,-0.40583972495671383,-0.16278112867447064,0.8119223343984152,-0.1699069165076462,-0.2081478487327801,-0.6981970580620328,-0.7376951317802901,0.7376951317802901,-0.7376951317802901,0.7376951317802901,-0.7376951317802901,0.7376951317802901,-0.7376951317802901,0.7376951317802901,-0.4820426798824101,-0.3075623426146228,0.6158384251930635,-0.4820426798824101,-0.3075623426146228,0.6158384251930635,-0.4820426798824101,-0.3075623426146228,0.6158384251930635,-0.13085598064755344,-0.2359813632291101,-0.2662958158485814,-0.19611613513818404,-0.19300937626135234,-0.12168146174384352,-0.06715342778730747,-0.03352007615769955,0.5449249778098338,-0.13085598064755344,-0.2359813632291101,-0.2662958158485814,-0.19611613513818404,-0.19300937626135234,-0.12168146174384352,-0.06715342778730747,-0.03352007615769955,0.5449249778098338,-0.21680296415038888,-0.5118980953829163,0.8505317485662419,-0.40583972495671383,-0.16278112867447064
0,-1.2907771723544446,0.8273772438659699,0.4327933656785018,-0.4736736092984604,-0.45868653362335343,0.5446511676720712,-0.5095104222433947,-0.841999469050927,-0.6244040257055189,-1.2907771723544446,0.8273772438659699,0.4327933656785018,-0.4736736092984604,-0.45868653362335343,0.5446511676720712,-0.5095104222433947,-0.841999469050927,-0.6244040257055189,-1.0638909309267301,-0.9252960667095931,-0.17842885337913011,-0.3895323082701867,-0.48290448993485063,-0.8141342009618084,-0.9531399334552506,-0.9466287807275409,-0.7579793286322194,0.8635041745453002,0.5387118689362969,-0.4194008220350217,-0.4552537904059585,0.7925352191037062,-0.11969588642374947,-0.4975534921199921,-0.3576753639798948,-0.07639966350995119,-0.28708333828187355,-0.20692890980125286,0.5281575091431288,0.16061446244642888,0.055294525074822944,-0.16720298638958608,-0.2900883232983121,-0.2955781683826058,-0.3888554871521795,-0.41265547100857053,-0.2943754514063852,-0.3658086479243954,-0.1965128559921827,-0.255068795059142,-0.526879950202164,-0.4437371137465036,-0.40405881965095053,0.5449215208897721,-0.14575511629852972,-0.41925594351289297,-0.337529114616601,-0.7538678336953983,-0.7373369807773581,-0.564416590908148,-0.9014630952079639,-0.6574644895504534,-0.4271559153457235,1.3555735383351193,-1.3555735383351195,-0.4820426798824101,-0.3075623426146228,0.6158384251930635,-0.13085598064755344,-0.2359813632291101,-0.2662958158485814,-0.19611613513818404,-0.19300937626135234,-0.12168146174384352,-0.06715342778730747,-0.03352007615769955,0.5449249778098338,-0.21680296415038888,1.9535138126504805,-1.175735064194511,-0.40583972495671383,-0.16278112867447064,-1.2316448970959013,-0.1699069165076462,-0.2081478487327801,1.4322604033532795,1.3555735383351193,-1.3555735383351195,1.3555735383351193,-1.3555735383351195,1.3555735383351193,-1.3555735383351195,1.3555735383351193,-1.3555735383351195,-0.4820426798824101,-0.3075623426146228,0.6158384251930635,-0.4820426798824101,-0.3075623426146228,0.6158384251930635,-0.4820426798824101,-0.3075623426146228,0.6158384251930635,-0.13085598064755344,-0.2359813632291101,-0.2662958158485814,-0.19611613513818404,-0.19300937626135234,-0.12168146174384352,-0.06715342778730747,-0.03352007615769955,0.5449249778098338,-0.13085598064755344,-0.2359813632291101,-0.2662958158485814,-0.19611613513818404,-0.19300937626135234,-0.12168146174384352,-0.06715342778730747,-0.03352007615769955,0.5449249778098338,-0.21680296415038888,1.9535138126504805,-1.175735064194511,-0.40583972495671383,-0.16278112867447064
0,-1.2868892893051842,0.8273772438659699,-0.47454519624983954,-0.4736736092984604,-0.35803396208892135,0.5446511676720712,-1.3133832581875537,-1.1867703913507321,-0.0675031379141101,-1.2868892893051842,0.8273772438659699,-0.47454519624983954,-0.4736736092984604,-0.35803396208892135,0.5446511676720712,-1.3133832581875537,-1.1867703913507321,-0.0675031379141101,-1.0629244351919052,-0.9212144844756298,-0.3760014818308347,-0.3895323082701867,-0.4617197807497855,-0.8106520068945628,-1.0826700098307482,-1.0067575340846022,-0.6519318702636527,0.8635041745453002,-0.4030649954631285,-0.4194008220350217,-0.16501972683146723,0.7925352191037062,-0.9255628795100984,-0.9243700789097029,0.2263602181326639,-0.2328872501475753,-0.28708333828187355,-0.32078666523533045,-0.39610534423349997,-0.38113017778990566,-0.3694246287326534,-0.2751579580367754,-0.2900883232983121,-0.2955781683826058,-0.3888554871521795,-0.41265547100857053,-0.2943754514063852,-0.3658086479243954,-0.18986025623493927,-0.06242164711634756,-0.5954363380650448,-0.45666540491192525,-0.32520250961370367,0.5449215208897721,-0.8376565205383595,-0.7634324030510985,0.20090432700850336,-1.177626087863427,-1.0190742565762996,-0.6336491784248299,-1.0134650870965427,-0.6574644895504534,-0.23657207930514282,1.3555735383351193,-1.3555735383351195,2.0745051044939435,-0.3075623426146228,-1.6238025415294657,-0.13085598064755344,-0.2359813632291101,-0.2662958158485814,-0.19611613513818404,-0.19300937626135234,-0.12168146174384352,-0.06715342778730747,-0.03352007615769955,0.5449249778098338,-0.21680296415038888,1.9535138126504805,-1.175735064194511,-0.40583972495671383,-0.16278112867447064,0.8119223343984152,-0.1699069165076462,-0.2081478487327801,-0.6981970580620328,1.3555735383351193,-1.3555735383351195,1.3555735383351193,-1.3555735383351195,1.3555735383351193,-1.3555735383351195,1.3555735383351193,-1.3555735383351195,2.0745051044939435,-0.3075623426146228,-1.6238025415294657,2.0745051044939435,-0.3075623426146228,-1.6238025415294657,2.0745051044939435,-0.3075623426146228,-1.6238025415294657,-0.13085598064755344,-0.2359813632291101,-0.2662958158485814,-0.19611613513818404,-0.19300937626135234,-0.12168146174384352,-0.06715342778730747,-0.03352007615769955,0.5449249778098338,-0.13085598064755344,-0.2359813632291101,-0.2662958158485814,-0.19611613513818404,-0.19300937626135234,-0.12168146174384352,-0.06715342778730747,-0.03352007615769955,0.5449249778098338,-0.21680296415038888,1.9535138126504805,-1.175735064194511,-0.40583972495671383,-0.16278112867447064
0,-1.2830014062559238,0.8273772438659699,-0.47454519624983954,-0.4736736092984604,-0.4989475622371262,0.5446511676720712,0.96425644365423,-0.841999469050927,-0.6244040257055189,-1.2830014062559238,0.8273772438659699,-0.47454519624983954,-0.4736736092984604,-0.4989475622371262,0.5446511676720712,0.96425644365423,-0.841999469050927,-0.6244040257055189,-1.0619494984462956,-0.9171329022416665,-0.3760014818308347,-0.3895323082701867,-0.4906673799444464,-0.8071698128273173,-0.7064443903371982,-0.9445003292812731,-0.7561509241775889,0.8635041745453002,-0.4030649954631285,-0.4194008220350217,-0.571347415835755,0.7925352191037062,1.3577269342345568,-0.4975534921199921,-0.3576753639798948,-0.2328872501475753,-0.28708333828187355,-0.32078666523533045,-0.39610534423349997,-0.38113017778990566,-0.3694246287326534,-0.2751579580367754,-0.2900883232983121,-0.2955781683826058,-0.3888554871521795,-0.41265547100857053,-0.2943754514063852,-0.3658086479243954,-0.19836401418550262,-0.33212765423625973,-0.41485036472765574,-0.45666540491192525,-0.4123594838653976,0.5449215208897721,1.1227307914744915,-0.41925594351289297,-0.337529114616601,0.9989187709831968,-0.34421520059278854,-0.22342026433344614,-0.9014630952079639,-0.6574644895504534,-0.4271559153457235,-0.7376951317802901,0.7376951317802901,-0.4820426798824101,-0.3075623426146228,0.6158384251930635,-0.13085598064755344,-0.2359813632291101,-0.2662958158485814,-0.19611613513818404,-0.19300937626135234,-0.12168146174384352,-0.06715342778730747,-0.03352007615769955,0.5449249778098338,-0.21680296415038888,-0.5118980953829163,0.8505317485662419,-0.40583972495671383,-0.16278112867447064,0.8119223343984152,-0.1699069165076462,-0.2081478487327801,-0.6981970580620328,-0.7376951317802901,0.7376951317802901,-0.7376951317802901,0.7376951317802901,-0.7376951317802901,0.7376951317802901,-0.7376951317802901,0.7376951317802901,-0.4820426798824101,-0.3075623426146228,0.6158384251930635,-0.4820426798824101,-0.3075623426146228,0.6158384251930635,-0.4820426798824101,-0.3075623426146228,0.6158384251930635,-0.13085598064755344,-0.2359813632291101,-0.2662958158485814,-0.19611613513818404,-0.19300937626135234,-0.12168146174384352,-0.06715342778730747,-0.03352007615769955,0.5449249778098338,-0.13085598064755344,-0.2359813632291101,-0.2662958158485814,-0.19611613513818404,-0.19300937626135234,-0.12168146174384352,-0.06715342778730747,-0.03352007615769955,0.5449249778098338,-0.21680296415038888,-0.5118980953829163,0.8505317485662419,-0.40583972495671383,-0.16278112867447064
0,-1.2791135232066635,0.8273772438659699,-0.47454519624983954,-0.4736736092984604,-0.4989475622371262,0.5446511676720712,-1.5366812681720423,1.5713969870477085,-0.6244040257055189,-1.2791135232066635,0.8273772438659699,-0.47454519624983954,-0.4736736092984604,-0.4989475622371262,0.5446511676720712,-1.5366812681720423,1.5713969870477085,-0.6244040257055189,-1.0609661206899017,-0.9130513200077032,-0.3760014818308347,-0.3895323082701867,-0.4904134536357213,-0.8036876187600718,-1.1183674249106619,-0.5076356699348364,-0.7552367219502737,0.8635041745453002,-0.4030649954631285,-0.4194008220350217,-0.571347415835755,0.7925352191037062,-1.1494148220340843,2.490162615407983,-0.3576753639798948,-0.2328872501475753,-0.28708333828187355,-0.32078666523533045,-0.39610534423349997,-0.38113017778990566,-0.3694246287326534,-0.2751579580367754,-0.2900883232983121,-0.2955781683826058,-0.3888554871521795,-0.41265547100857053,-0.2943754514063852,-0.3658086479243954,-0.19836401418550262,-0.33212765423625973,-0.6695812087300181,-0.2982938381355096,-0.4123594838653976,0.5449215208897721,-1.0298513550494233,1.9899792732545456,-0.337529114616601,-1.2286533543751765,-0.7486541229341866,-0.8020806973086978,1.973254696598896,0.0370826007825713,-0.4271559153457235,-0.7376951317802901,0.7376951317802901,-0.4820426798824101,3.2513733362117265,-1.6238025415294657,-0.13085598064755344,-0.2359813632291101,-0.2662958158485814,-0.19611613513818404,-0.19300937626135234,-0.12168146174384352,-0.06715342778730747,-0.03352007615769955,0.5449249778098338,-0.21680296415038888,-0.5118980953829163,0.8505317485662419,-0.40583972495671383,-0.16278112867447064,0.8119223343984152,-0.1699069165076462,-0.2081478487327801,-0.6981970580620328,-0.7376951317802901,0.7376951317802901,-0.7376951317802901,0.7376951317802901,-0.7376951317802901,0.7376951317802901,-0.7376951317802901,0.7376951317802901,-0.4820426798824101,3.2513733362117265,-1.6238025415294657,-0.4820426798824101,3.2513733362117265,-1.6238025415294657,-0.4820426798824101,3.2513733362117265,-1.6238025415294657,-0.13085598064755344,-0.2359813632291101,-0.2662958158485814,-0.19611613513818404,-0.19300937626135234,-0.12168146174384352,-0.06715342778730747,-0.03352007615769955,0.5449249778098338,-0.13085598064755344,-0.2359813632291101,-0.2662958158485814,-0.19611613513818404,-0.19300937626135234,-0.12168146174384352,-0.06715342778730747,-0.03352007615769955,0.5449249778098338,-0.21680296415038888,-0.5118980953829163,0.8505317485662419,-0.40583972495671383,-0.16278112867447064
0,-1.2752256401574031,-0.3693648410115938,0.4327933656785018,-0.4736736092984604,-0.2171203619407165,0.5446511676720712,0.96425644365423,0.19231329784848822,-0.0675031379141101,-1.2752256401574031,-0.3693648410115938,0.4327933656785018,-0.4736736092984604,-0.2171203619407165,0.5446511676720712,0.96425644365423,0.19231329784848822,-0.0675031379141101,-1.0599743019227232,-1.0695119723096298,-0.17149648045100013,-0.3895323082701867,-0.43023291846787365,-0.8002054246928262,-0.6985356102537038,-0.7540039248403179,-0.6464466568997613,-0.5892568139740777,0.2247862474698217,-0.4194008220350217,-0.16501972683146723,-0.04105904351514409,0.42799519961826915,0.0715352902662889,-0.1629968366090419,-0.07639966350995119,-0.28708333828187355,-0.05511856922248275,0.5281575091431288,0.770770541893495,0.6923732557860374,-0.05924801474239681,-0.2900883232983121,-0.2955781683826058,-0.3888554871521795,-0.41265547100857053,-0.2943754514063852,-0.3658086479243954,-0.1756873263173337,0.20728436000356462,0.15192576317760065,-0.16254678089858185,-0.2670978601125744,0.5449215208897721,1.1227307914744915,0.6132734351017236,0.20090432700850336,0.9989187709831968,0.7690342042026062,0.42033946735152133,-0.1174491519879112,0.13630361368728913,-0.23657207930514282,-0.7376951317802901,0.7376951317802901,-0.4820426798824101,-0.3075623426146228,0.6158384251930635,-0.13085598064755344,-0.2359813632291101,-0.2662958158485814,-0.19611613513818404,-0.19300937626135234,-0.12168146174384352,-0.06715342778730747,-0.03352007615769955,0.5449249778098338,-0.21680296415038888,-0.5118980953829163,0.8505317485662419,-0.40583972495671383,-0.16278112867447064,-1.2316448970959013,-0.1699069165076462,-0.2081478487327801,1.4322604033532795,-0.7376951317802901,0.7376951317802901,-0.7376951317802901,0.7376951317802901,-0.7376951317802901,0.7376951317802901,-0.7376951317802901,0.7376951317802901,-0.4820426798824101,-0.3075623426146228,0.6158384251930635,-0.4820426798824101,-0.3075623426146228,0.6158384251930635,-0.4820426798824101,-0.3075623426146228,0.6158384251930635,-0.13085598064755344,-0.2359813632291101,-0.2662958158485814,-0.19611613513818404,-0.19300937626135234,-0.12168146174384352,-0.06715342778730747,-0.03352007615769955,0.5449249778098338,-0.13085598064755344,-0.2359813632291101,-0.2662958158485814,-0.19611613513818404,-0.19300937626135234,-0.12168146174384352,-0.06715342778730747,-0.03352007615769955,0.5449249778098338,-0.21680296415038888,-0.5118980953829163,0.8505317485662419,-0.40583972495671383,-0.16278112867447064
0,-1.2713377571081428,-1.5661069258891576,-0.47454519624983954,0.7676298785983874,4.332375871415612,-1.8194778495589943,-1.1168810094012038,-0.497228546751122,0.48939774987729867,-1.2713377571081428,-1.5661069258891576,-0.47454519624983954,0.7676298785983874,4.332375871415612,-1.8194778495589943,-1.1168810094012038,-0.497228546751122,0.48939774987729867,-1.0589740421447604,-1.2286936794341987,-0.3760014818308347,-0.11661645196741717,0.5461137385801198,-1.1845414339866343,-1.046566365276241,-0.8779862215854088,-0.5358281873946186,-1.4609134070857044,-0.4030649954631285,0.0500541182076973,3.801512475353247,-1.6548120390977903,-1.1971699031058678,-0.9243700789097029,-0.3576753639798948,-0.2328872501475753,-0.28708333828187355,-0.32078666523533045,-0.39610534423349997,-0.38113017778990566,-0.3694246287326534,-0.2751579580367754,0.07498045644575013,3.2172178443152415,-0.30223359629448865,0.061644365260601956,0.34743986801389837,0.26748572765974243,3.328092344088932,0.008215640462677058,1.821712438556352,1.8930515144034663,2.6339842828366655,-1.83504312030046,-1.2333314759971623,-1.0414210819088798,-0.772417663621493,-1.1087392780725651,-0.805835472779215,-0.38048523899815734,-0.714793108726999,0.0370826007825713,0.08106764742915833,-0.7376951317802901,0.7376951317802901,2.0745051044939435,-0.3075623426146228,-1.6238025415294657,-0.13085598064755344,4.237622777986573,-0.2662958158485814,-0.19611613513818404,-0.19300937626135234,-0.12168146174384352,-0.06715342778730747,-0.03352007615769955,-1.8351149988007645,-0.21680296415038888,-0.5118980953829163,0.8505317485662419,-0.40583972495671383,-0.16278112867447064,-1.2316448970959013,-0.1699069165076462,-0.2081478487327801,1.4322604033532795,-0.7376951317802901,0.7376951317802901,-0.7376951317802901,0.7376951317802901,-0.7376951317802901,0.7376951317802901,-0.7376951317802901,0.7376951317802901,2.0745051044939435,-0.3075623426146228,-1.6238025415294657,2.0745051044939435,-0.3075623426146228,-1.6238025415294657,2.0745051044939435,-0.3075623426146228,-1.6238025415294657,-0.13085598064755344,4.237622777986573,-0.2662958158485814,-0.19611613513818404,-0.19300937626135234,-0.12168146174384352,-0.06715342778730747,-0.03352007615769955,-1.8351149988007645,-0.13085598064755344,4.237622777986573,-0.2662958158485814,-0.19611613513818404,-0.19300937626135234,-0.12168146174384352,-0.06715342778730747,-0.03352007615769955,-1.8351149988007645,-0.21680296415038888,-0.5118980953829163,0.8505317485662419,-0.40583972495671383,-0.16278112867447064
0,-1.2674498740588824,0.8273772438659699,3.1548090514635256,2.0089333664952354,-0.01581521887185237,0.5446511676720712,-0.5095104222433947,-1.5315413136505371,2.717001301042934,-1.2674498740588824,0.8273772438659699,3.1548090514635256,2.0089333664952354,-0.01581521887185237,0.5446511676720712,-0.5095104222433947,-1.5315413136505371,2.717001301042934,-1.057965341356013,-0.9008065733058133,0.45588326954476355,0.16088622544968462,-0.3851791362626495,-0.793241036558335,-0.9419813175750072,-1.0679505131647973,-0.09426851160136261,0.8635041745453002,3.364042462134573,2.3973288194212925,0.8217760893218031,0.7925352191037062,-0.11969588642374947,-1.3511866656994136,3.1465381286954575,2.2709141360544107,3.757047166210606,1.2479201874119608,3.3009460692730155,1.7858483831554324,-0.3694246287326534,2.7475812480845243,1.1701867956779368,0.5861762963431696,2.313747507607776,1.3576611153209521,-0.2943754514063852,2.589565104801581,-0.1456060056758851,0.5925786558891535,-0.10800366947787121,-0.5019144239909011,0.45921025865154136,0.5449215208897721,-0.14575511629852972,-1.107608862589304,2.8930715351340255,-0.7538678336953983,-1.086381470456385,1.2521638397534456,-1.0507990843927357,-0.855906515359889,2.6221854613035673,1.3555735383351193,-1.3555735383351195,-0.4820426798824101,-0.3075623426146228,0.6158384251930635,-0.13085598064755344,-0.2359813632291101,-0.2662958158485814,-0.19611613513818404,-0.19300937626135234,-0.12168146174384352,-0.06715342778730747,-0.03352007615769955,0.5449249778098338,-0.21680296415038888,1.9535138126504805,-1.175735064194511,-0.40583972495671383,-0.16278112867447064,-1.2316448970959013,5.885575587824865,-0.2081478487327801,-0.6981970580620328,1.3555735383351193,-1.3555735383351195,1.3555735383351193,-1.3555735383351195,1.3555735383351193,-1.3555735383351195,1.3555735383351193,-1.3555735383351195,-0.4820426798824101,-0.3075623426146228,0.6158384251930635,-0.4820426798824101,-0.3075623426146228,0.6158384251930635,-0.4820426798824101,-0.3075623426146228,0.6158384251930635,-0.13085598064755344,-0.2359813632291101,-0.2662958158485814,-0.19611613513818404,-0.19300937626135234,-0.12168146174384352,-0.06715342778730747,-0.03352007615769955,0.5449249778098338,-0.13085598064755344,-0.2359813632291101,-0.2662958158485814,-0.19611613513818404,-0.19300937626135234,-0.12168146174384352,-0.06715342778730747,-0.03352007615769955,0.5449249778098338,-0.21680296415038888,1.9535138126504805,-1.175735064194511,-0.40583972495671383,-0.16278112867447064
0,-1.263561991009622,-0.3693648410115938,1.340131927606843,-0.4736736092984604,0.8296663820173769,0.5446511676720712,0.96425644365423,-0.841999469050927,2.717001301042934,-1.263561991009622,-0.3693648410115938,1.340131927606843,-0.4736736092984604,0.8296663820173769,0.5446511676720712,0.96425644365423,-0.841999469050927,2.717001301042934,-1.0569481995564811,-1.0613488078417033,0.04340708032102941,-0.3895323082701867,-0.19970410533244734,-0.7897588424910895,-0.6866724401284622,-0.939179200665604,-0.08786909601015601,-0.5892568139740777,0.8526374904027719,-0.4194008220350217,1.847269780618339,-0.04105904351514409,0.42799519961826915,-0.7820978833131326,1.783788437099487,0.39306309640292114,-0.28708333828187355,1.526239145139706,1.4524203625197576,1.9226712615768957,0.48001367888229923,1.2362116450238745,-0.2900883232983121,-0.2955781683826058,-0.3888554871521795,-0.41265547100857053,-0.2943754514063852,-0.3658086479243954,0.10707708771228301,2.2108146986086266,2.2570942382542674,-0.03003179645300955,1.6794078981752558,0.5449215208897721,1.1227307914744915,-0.41925594351289297,2.8930715351340255,0.9989187709831968,-0.34421520059278854,3.6391381257763586,-0.9014630952079639,0.5331876653061604,2.6221854613035673,-0.7376951317802901,0.7376951317802901,-0.4820426798824101,-0.3075623426146228,0.6158384251930635,-0.13085598064755344,-0.2359813632291101,-0.2662958158485814,-0.19611613513818404,-0.19300937626135234,-0.12168146174384352,-0.06715342778730747,-0.03352007615769955,0.5449249778098338,-0.21680296415038888,-0.5118980953829163,0.8505317485662419,-0.40583972495671383,-0.16278112867447064,-1.2316448970959013,-0.1699069165076462,-0.2081478487327801,1.4322604033532795,-0.7376951317802901,0.7376951317802901,-0.7376951317802901,0.7376951317802901,-0.7376951317802901,0.7376951317802901,-0.7376951317802901,0.7376951317802901,-0.4820426798824101,-0.3075623426146228,0.6158384251930635,-0.4820426798824101,-0.3075623426146228,0.6158384251930635,-0.4820426798824101,-0.3075623426146228,0.6158384251930635,-0.13085598064755344,-0.2359813632291101,-0.2662958158485814,-0.19611613513818404,-0.19300937626135234,-0.12168146174384352,-0.06715342778730747,-0.03352007615769955,0.5449249778098338,-0.13085598064755344,-0.2359813632291101,-0.2662958158485814,-0.19611613513818404,-0.19300937626135234,-0.12168146174384352,-0.06715342778730747,-0.03352007615769955,0.5449249778098338,-0.21680296415038888,-0.5118980953829163,0.8505317485662419,-0.40583972495671383,-0.16278112867447064
0,-1.2596741079603617,0.8273772438659699,-0.47454519624983954,-0.4736736092984604,-0.4788170479302398,0.5446511676720712,0.96425644365423,-0.1524576244513169,-0.6244040257055189,-1.2596741079603617,0.8273772438659699,-0.47454519624983954,-0.4736736092984604,-0.4788170479302398,0.5446511676720712,0.96425644365423,-0.1524576244513169,-0.6244040257055189,-1.0559226167461646,-0.8926434088378867,-0.3760014818308347,-0.3895323082701867,-0.48471824928288704,-0.7862766484238439,-0.682718050086715,-0.8082794367201431,-0.7506657108136976,0.8635041745453002,-0.4030649954631285,-0.4194008220350217,-0.5133006031208568,0.7925352191037062,1.3577269342345568,0.3560796814594294,-0.3576753639798948,-0.2328872501475753,-0.28708333828187355,-0.32078666523533045,-0.39610534423349997,-0.38113017778990566,-0.3694246287326534,-0.2751579580367754,-0.2900883232983121,-0.2955781683826058,-0.3888554871521795,-0.41265547100857053,-0.2943754514063852,-0.3658086479243954,-0.1974962837823839,-0.29359822464770086,-0.374366355591566,-0.39848809466752766,-0.40820915175817407,0.5449215208897721,1.1227307914744915,0.2690969755635181,-0.337529114616601,0.9989187709831968,0.3979510692708079,-0.22342026433344614,-0.45345512765364804,-0.4590224637410178,-0.4271559153457235,-0.7376951317802901,0.7376951317802901,-0.4820426798824101,-0.3075623426146228,0.6158384251930635,-0.13085598064755344,-0.2359813632291101,-0.2662958158485814,-0.19611613513818404,-0.19300937626135234,-0.12168146174384352,-0.06715342778730747,-0.03352007615769955,0.5449249778098338,-0.21680296415038888,-0.5118980953829163,0.8505317485662419,-0.40583972495671383,-0.16278112867447064,0.8119223343984152,-0.1699069165076462,-0.2081478487327801,-0.6981970580620328,-0.7376951317802901,0.7376951317802901,-0.7376951317802901,0.7376951317802901,-0.7376951317802901,0.7376951317802901,-0.7376951317802901,0.7376951317802901,-0.4820426798824101,-0.3075623426146228,0.6158384251930635,-0.4820426798824101,-0.3075623426146228,0.6158384251930635,-0.4820426798824101,-0.3075623426146228,0.6158384251930635,-0.13085598064755344,-0.2359813632291101,-0.2662958158485814,-0.19611613513818404,-0.19300937626135234,-0.12168146174384352,-0.06715342778730747,-0.03352007615769955,0.5449249778098338,-0.13085598064755344,-0.2359813632291101,-0.2662958158485814,-0.19611613513818404,-0.19300937626135234,-0.12168146174384352,-0.06715342778730747,-0.03352007615769955,0.5449249778098338,-0.21680296415038888,-0.5118980953829163,0.8505317485662419,-0.40583972495671383,-0.16278112867447064
0,-1.2557862249111011,-0.3693648410115938,0.4327933656785018,-0.4736736092984604,-0.03594573317873878,0.5446511676720712,-1.1168810094012038,0.5370842201482933,-0.0675031379141101,-1.2557862249111011,-0.3693648410115938,0.4327933656785018,-0.4736736092984604,-0.03594573317873878,0.5446511676720712,-1.1168810094012038,0.5370842201482933,-0.0675031379141101,-1.0548885929250638,-1.0559066981964187,-0.16283101429083766,-0.3895323082701867,-0.3862673918714713,-0.7827944543565983,-1.042580238556791,-0.6752512213284144,-0.637304634626609,-0.5892568139740777,0.2247862474698217,-0.4194008220350217,0.18326114945792232,-0.04105904351514409,-0.9628715365974293,0.3560796814594294,-0.1629968366090419,-0.07639966350995119,-0.28708333828187355,0.058739186211594845,0.5281575091431288,-0.09084380059842266,0.9047328326897756,-0.05924801474239681,-0.2900883232983121,-0.2955781683826058,-0.3888554871521795,-0.41265547100857053,-0.2943754514063852,-0.3658086479243954,-0.1491347759819012,0.5540492263005946,-0.3921715217284658,0.0798586784530748,-0.1923918821825511,0.5449215208897721,-0.6685250661686233,0.9574498946399291,0.20090432700850336,-1.1087392780725651,-0.5252894751020448,-0.5427168246715761,0.29322481827021163,0.33474563949672476,-0.23657207930514282,-0.7376951317802901,0.7376951317802901,2.0745051044939435,-0.3075623426146228,-1.6238025415294657,-0.13085598064755344,-0.2359813632291101,-0.2662958158485814,-0.19611613513818404,-0.19300937626135234,-0.12168146174384352,-0.06715342778730747,-0.03352007615769955,0.5449249778098338,-0.21680296415038888,-0.5118980953829163,0.8505317485662419,-0.40583972495671383,-0.16278112867447064,-1.2316448970959013,-0.1699069165076462,-0.2081478487327801,1.4322604033532795,-0.7376951317802901,0.7376951317802901,-0.7376951317802901,0.7376951317802901,-0.7376951317802901,0.7376951317802901,-0.7376951317802901,0.7376951317802901,2.0745051044939435,-0.3075623426146228,-1.6238025415294657,2.0745051044939435,-0.3075623426146228,-1.6238025415294657,2.0745051044939435,-0.3075623426146228,-1.6238025415294657,-0.13085598064755344,-0.2359813632291101,-0.2662958158485814,-0.19611613513818404,-0.19300937626135234,-0.12168146174384352,-0.06715342778730747,-0.03352007615769955,0.5449249778098338,-0.13085598064755344,-0.2359813632291101,-0.2662958158485814,-0.19611613513818404,-0.19300937626135234,-0.12168146174384352,-0.06715342778730747,-0.03352007615769955,0.5449249778098338,-0.21680296415038888,-0.5118980953829163,0.8505317485662419,-0.40583972495671383,-0.16278112867447064
1,-1.2518983418618408,-0.3693648410115938,-0.47454519624983954,-0.4736736092984604,-0.37816447639580775,-1.8792661492571456,-0.5095104222433947,0.5370842201482933,-0.6244040257055189,-1.2518983418618408,-0.3693648410115938,-0.47454519624983954,-0.4736736092984604,-0.37816447639580775,-1.8792661492571456,-0.5095104222433947,0.5370842201482933,-0.6244040257055189,-1.0538461280931783,-1.0531856433737765,-0.3760014818308347,-0.3895323082701867,-0.461647230375864,-1.193645276661455,-0.9345422403215117,-0.672058544159013,-0.7488373063590671,-0.5892568139740777,-0.4030649954631285,-0.4194008220350217,-0.4746027279775913,-1.6408365928803144,-0.5569533474872684,0.3560796814594294,-0.5523538913507477,-0.2328872501475753,-0.28708333828187355,-0.32078666523533045,-0.39610534423349997,-0.38113017778990566,-0.3694246287326534,-0.2751579580367754,-0.2900883232983121,-0.2955781683826058,-0.3888554871521795,-0.41265547100857053,-0.2943754514063852,-0.3658086479243954,-0.19142217096055295,-0.5815810124698781,-0.45072062643411087,-0.24981274626517824,-0.38745749122205647,-1.8409560124108695,-1.2264776641471424,-1.0241104315770766,-0.8541915788189941,-0.7538678336953983,-0.03924800141930428,-0.564416590908148,0.29322481827021163,-0.26058043793158214,-0.4271559153457235,1.3555735383351193,-1.3555735383351195,-0.4820426798824101,-0.3075623426146228,0.6158384251930635,-0.13085598064755344,-0.2359813632291101,-0.2662958158485814,-0.19611613513818404,5.181095444015676,-0.12168146174384352,-0.06715342778730747,-0.03352007615769955,-1.8351149988007645,-0.21680296415038888,1.9535138126504805,-1.175735064194511,-0.40583972495671383,-0.16278112867447064,0.8119223343984152,-0.1699069165076462,-0.2081478487327801,-0.6981970580620328,1.3555735383351193,-1.3555735383351195,1.3555735383351193,-1.3555735383351195,1.3555735383351193,-1.3555735383351195,1.3555735383351193,-1.3555735383351195,-0.4820426798824101,-0.3075623426146228,0.6158384251930635,-0.4820426798824101,-0.3075623426146228,0.6158384251930635,-0.4820426798824101,-0.3075623426146228,0.6158384251930635,-0.13085598064755344,-0.2359813632291101,-0.2662958158485814,-0.19611613513818404,5.181095444015676,-0.12168146174384352,-0.06715342778730747,-0.03352007615769955,-1.8351149988007645,-0.13085598064755344,-0.2359813632291101,-0.2662958158485814,-0.19611613513818404,5.181095444015676,-0.12168146174384352,-0.06715342778730747,-0.03352007615769955,-1.8351149988007645,-0.21680296415038888,1.9535138126504805,-1.175735064194511,-0.40583972495671383,-0.16278112867447064
0,-1.2480104588125804,-1.5661069258891576,-0.47454519624983954,0.7676298785983874,0.9101884392449225,-1.8668102534866975,0.96425644365423,1.5713969870477085,-0.0675031379141101,-1.2480104588125804,-1.5661069258891576,-0.47454519624983954,0.7676298785983874,0.9101884392449225,-1.8668102534866975,0.96425644365423,1.5713969870477085,-0.0675031379141101,-1.0527952222505084,-1.220530514966272,-0.3760014818308347,-0.10285598862442039,-0.17097415725955079,-1.191358155114329,-0.6708548799614734,-0.4693235439020186,-0.6336478257173481,-1.4609134070857044,-0.4030649954631285,0.0500541182076973,0.5121930881756791,-1.6704316554584984,-0.5017365349980186,-0.07073690533028135,-0.5523538913507477,-0.2328872501475753,-0.28708333828187355,-0.32078666523533045,-0.39610534423349997,-0.38113017778990566,-0.3694246287326534,-0.2751579580367754,0.07498045644575013,0.7995039894219863,-0.32755384131442905,1.4694387837410756,1.6310705068544655,0.056387602465029836,0.14178630383703136,-0.46724664005175814,2.4190302747986263,1.7379120204184062,0.1977393358964597,-1.8399449636419904,-1.163379379720384,-0.9670871128370189,-0.8271106069029386,0.9989187709831968,2.2533667439297993,0.42033946735152133,1.973254696598896,0.9300717169250317,-0.23657207930514282,-0.7376951317802901,0.7376951317802901,-0.4820426798824101,-0.3075623426146228,0.6158384251930635,-0.13085598064755344,-0.2359813632291101,-0.2662958158485814,5.099019513592785,-0.19300937626135234,-0.12168146174384352,-0.06715342778730747,-0.03352007615769955,-1.8351149988007645,-0.21680296415038888,-0.5118980953829163,0.8505317485662419,-0.40583972495671383,-0.16278112867447064,-1.2316448970959013,-0.1699069165076462,-0.2081478487327801,1.4322604033532795,-0.7376951317802901,0.7376951317802901,-0.7376951317802901,0.7376951317802901,-0.7376951317802901,0.7376951317802901,-0.7376951317802901,0.7376951317802901,-0.4820426798824101,-0.3075623426146228,0.6158384251930635,-0.4820426798824101,-0.3075623426146228,0.6158384251930635,-0.4820426798824101,-0.3075623426146228,0.6158384251930635,-0.13085598064755344,-0.2359813632291101,-0.2662958158485814,5.099019513592785,-0.19300937626135234,-0.12168146174384352,-0.06715342778730747,-0.03352007615769955,-1.8351149988007645,-0.13085598064755344,-0.2359813632291101,-0.2662958158485814,5.099019513592785,-0.19300937626135234,-0.12168146174384352,-0.06715342778730747,-0.03352007615769955,-1.8351149988007645,-0.21680296415038888,-0.5118980953829163,0.8505317485662419,-0.40583972495671383,-0.16278112867447064
1,-1.24412257576332,0.8273772438659699,0.4327933656785018,-0.4736736092984604,-0.4184255050095806,0.5446511676720712,-1.1168810094012038,-1.5315413136505371,-0.0675031379141101,-1.24412257576332,0.8273772438659699,0.4327933656785018,-0.4736736092984604,-0.4184255050095806,0.5446511676720712,-1.1168810094012038,-1.5315413136505371,-0.0675031379141101,-1.051735875397054,-0.8763170799020334,-0.15763173459474017,-0.3895323082701867,-0.4698454226289886,-0.7723478721548617,-1.0395906435172038,-1.0679505131647973,-0.6318194212627177,0.8635041745453002,0.5387118689362969,-0.4194008220350217,-0.33916016497616197,0.7925352191037062,-0.7285731700889909,-1.3511866656994136,0.2263602181326639,-0.07639966350995119,-0.28708333828187355,-0.18162718637145783,0.5281575091431288,-0.09084380059842266,-0.3694246287326534,-0.05924801474239681,-0.2900883232983121,-0.2955781683826058,-0.3888554871521795,-0.41265547100857053,-0.2943754514063852,-0.3658086479243954,-0.19419890825053282,-0.1780099358820242,-0.586013896131284,-0.5019144239909011,-0.3501045022570448,0.5449215208897721,-0.6685250661686233,-1.107608862589304,0.20090432700850336,-1.1087392780725651,-1.086381470456385,-0.5427168246715761,-1.0507990843927357,-0.855906515359889,-0.23657207930514282,-0.7376951317802901,0.7376951317802901,2.0745051044939435,-0.3075623426146228,-1.6238025415294657,-0.13085598064755344,-0.2359813632291101,-0.2662958158485814,-0.19611613513818404,-0.19300937626135234,-0.12168146174384352,-0.06715342778730747,-0.03352007615769955,0.5449249778098338,4.612483062299524,-0.5118980953829163,-1.175735064194511,-0.40583972495671383,-0.16278112867447064,-1.2316448970959013,-0.1699069165076462,-0.2081478487327801,1.4322604033532795,-0.7376951317802901,0.7376951317802901,-0.7376951317802901,0.7376951317802901,-0.7376951317802901,0.7376951317802901,-0.7376951317802901,0.7376951317802901,2.0745051044939435,-0.3075623426146228,-1.6238025415294657,2.0745051044939435,-0.3075623426146228,-1.6238025415294657,2.0745051044939435,-0.3075623426146228,-1.6238025415294657,-0.13085598064755344,-0.2359813632291101,-0.2662958158485814,-0.19611613513818404,-0.19300937626135234,-0.12168146174384352,-0.06715342778730747,-0.03352007615769955,0.5449249778098338,-0.13085598064755344,-0.2359813632291101,-0.2662958158485814,-0.19611613513818404,-0.19300937626135234,-0.12168146174384352,-0.06715342778730747,-0.03352007615769955,0.5449249778098338,4.612483062299524,-0.5118980953829163,-1.175735064194511,-0.40583972495671383,-0.16278112867447064
0,-1.2402346927140597,0.8273772438659699,-0.47454519624983954,-0.4736736092984604,-0.4989475622371262,0.5446511676720712,-1.5366812681720423,0.19231329784848822,-0.6244040257055189,-1.2402346927140597,0.8273772438659699,-0.47454519624983954,-0.4736736092984604,-0.4989475622371262,0.5446511676720712,-1.5366812681720423,0.19231329784848822,-0.6244040257055189,-1.0506680875328152,-0.8722354976680702,-0.3760014818308347,-0.3895323082701867,-0.48787419054847037,-0.7688656780876161,-1.114368603520131,-0.7300588460698066,-0.7460946996771214,0.8635041745453002,-0.4030649954631285,-0.4194008220350217,-0.571347415835755,0.7925352191037062,-1.1494148220340843,0.7828962682491402,-0.3576753639798948,-0.2328872501475753,-0.28708333828187355,-0.32078666523533045,-0.39610534423349997,-0.38113017778990566,-0.3694246287326534,-0.2751579580367754,-0.2900883232983121,-0.2955781683826058,-0.3888554871521795,-0.41265547100857053,-0.2943754514063852,-0.3658086479243954,-0.19836401418550262,-0.33212765423625973,-0.6695812087300181,-0.3887918762934614,-0.4123594838653976,0.5449215208897721,-1.0298513550494233,0.6132734351017236,-0.337529114616601,-1.2286533543751765,-0.8987551662773859,-0.8020806973086978,-0.1174491519879112,-0.3598014508363,-0.4271559153457235,-0.7376951317802901,0.7376951317802901,-0.4820426798824101,3.2513733362117265,-1.6238025415294657,-0.13085598064755344,-0.2359813632291101,-0.2662958158485814,-0.19611613513818404,-0.19300937626135234,-0.12168146174384352,-0.06715342778730747,-0.03352007615769955,0.5449249778098338,-0.21680296415038888,-0.5118980953829163,0.8505317485662419,-0.40583972495671383,-0.16278112867447064,0.8119223343984152,-0.1699069165076462,-0.2081478487327801,-0.6981970580620328,-0.7376951317802901,0.7376951317802901,-0.7376951317802901,0.7376951317802901,-0.7376951317802901,0.7376951317802901,-0.7376951317802901,0.7376951317802901,-0.4820426798824101,3.2513733362117265,-1.6238025415294657,-0.4820426798824101,3.2513733362117265,-1.6238025415294657,-0.4820426798824101,3.2513733362117265,-1.6238025415294657,-0.13085598064755344,-0.2359813632291101,-0.2662958158485814,-0.19611613513818404,-0.19300937626135234,-0.12168146174384352,-0.06715342778730747,-0.03352007615769955,0.5449249778098338,-0.13085598064755344,-0.2359813632291101,-0.2662958158485814,-0.19611613513818404,-0.19300937626135234,-0.12168146174384352,-0.06715342778730747,-0.03352007615769955,0.5449249778098338,-0.21680296415038888,-0.5118980953829163,0.8505317485662419,-0.40583972495671383,-0.16278112867447064
1,-1.2363468096647994,0.8273772438659699,-0.47454519624983954,-0.4736736092984604,-0.4989475622371262,0.5446511676720712,0.96425644365423,-0.497228546751122,-0.6244040257055189,-1.2363468096647994,0.8273772438659699,-0.47454519624983954,-0.4736736092984604,-0.4989475622371262,0.5446511676720712,0.96425644365423,-0.497228546751122,-0.6244040257055189,-1.0495918586577917,-0.8681539154341069,-0.3760014818308347,-0.3895323082701867,-0.4876202642397453,-0.7653834840203706,-0.6589917098362318,-0.8636191743231022,-0.7451804974498062,0.8635041745453002,-0.4030649954631285,-0.4194008220350217,-0.571347415835755,0.7925352191037062,1.3577269342345568,-0.07073690533028135,-0.3576753639798948,-0.2328872501475753,-0.28708333828187355,-0.32078666523533045,-0.39610534423349997,-0.38113017778990566,-0.3694246287326534,-0.2751579580367754,-0.2900883232983121,-0.2955781683826058,-0.3888554871521795,-0.41265547100857053,-0.2943754514063852,-0.3658086479243954,-0.19836401418550262,-0.33212765423625973,-0.41485036472765574,-0.4340408953724373,-0.4123594838653976,0.5449215208897721,1.1227307914744915,-0.07507948397468743,-0.337529114616601,0.9989187709831968,0.026867934339009688,-0.22342026433344614,-0.714793108726999,-0.5582434766457356,-0.4271559153457235,-0.7376951317802901,0.7376951317802901,-0.4820426798824101,-0.3075623426146228,0.6158384251930635,-0.13085598064755344,-0.2359813632291101,-0.2662958158485814,-0.19611613513818404,-0.19300937626135234,-0.12168146174384352,-0.06715342778730747,-0.03352007615769955,0.5449249778098338,-0.21680296415038888,-0.5118980953829163,0.8505317485662419,-0.40583972495671383,-0.16278112867447064,0.8119223343984152,-0.1699069165076462,-0.2081478487327801,-0.6981970580620328,-0.7376951317802901,0.7376951317802901,-0.7376951317802901,0.7376951317802901,-0.7376951317802901,0.7376951317802901,-0.7376951317802901,0.7376951317802901,-0.4820426798824101,-0.3075623426146228,0.6158384251930635,-0.4820426798824101,-0.3075623426146228,0.6158384251930635,-0.4820426798824101,-0.3075623426146228,0.6158384251930635,-0.13085598064755344,-0.2359813632291101,-0.2662958158485814,-0.19611613513818404,-0.19300937626135234,-0.12168146174384352,-0.06715342778730747,-0.03352007615769955,0.5449249778098338,-0.13085598064755344,-0.2359813632291101,-0.2662958158485814,-0.19611613513818404,-0.19300937626135234,-0.12168146174384352,-0.06715342778730747,-0.03352007615769955,0.5449249778098338,-0.21680296415038888,-0.5118980953829163,0.8505317485662419,-0.40583972495671383,-0.16278112867447064
1,-1.232458926615539,0.8273772438659699,0.4327933656785018,0.7676298785983874,-0.19698984763383007,-1.9290897323389384,-1.3133832581875537,-0.841999469050927,0.48939774987729867,-1.232458926615539,0.8273772438659699,0.4327933656785018,0.7676298785983874,-0.19698984763383007,-1.9290897323389384,-1.3133832581875537,-0.841999469050927,0.48939774987729867,-1.0485071887719837,-0.8640723332001435,-0.15243245489864268,-0.09368234639575586,-0.41717385116201156,-1.2018013031996286,-1.0726285250056373,-0.9306653948805335,-0.5084021205751617,0.8635041745453002,0.5387118689362969,0.9889639986931354,0.29935477488771883,-1.6564562092410227,-0.9255628795100984,-0.4975534921199921,0.8103958002452226,-0.07639966350995119,0.2184329747796864,-0.04246770750758524,-0.3769638058499603,-0.17219794452469814,0.055294525074822944,0.048706956904792466,0.07498045644575013,0.017302448132991942,-0.3608699531827717,-0.07128042961738269,0.13350142820713717,0.26748572765974243,-0.17319983249506005,-0.5842788324903788,-0.5366922862849082,-0.3597032211712626,-0.16748988953920999,-1.8438380824646854,-1.2630212184802128,-1.0933530329042895,-0.8425095909336368,-1.177626087863427,-0.9517670426962143,-0.5168837696280381,-0.9014630952079639,-0.26058043793158214,0.08106764742915833,1.3555735383351193,-1.3555735383351195,2.0745051044939435,-0.3075623426146228,-1.6238025415294657,-0.13085598064755344,-0.2359813632291101,-0.2662958158485814,-0.19611613513818404,-0.19300937626135234,8.218178723930356,-0.06715342778730747,-0.03352007615769955,-1.8351149988007645,-0.21680296415038888,1.9535138126504805,-1.175735064194511,-0.40583972495671383,-0.16278112867447064,-1.2316448970959013,-0.1699069165076462,-0.2081478487327801,1.4322604033532795,1.3555735383351193,-1.3555735383351195,1.3555735383351193,-1.3555735383351195,1.3555735383351193,-1.3555735383351195,1.3555735383351193,-1.3555735383351195,2.0745051044939435,-0.3075623426146228,-1.6238025415294657,2.0745051044939435,-0.3075623426146228,-1.6238025415294657,2.0745051044939435,-0.3075623426146228,-1.6238025415294657,-0.13085598064755344,-0.2359813632291101,-0.2662958158485814,-0.19611613513818404,-0.19300937626135234,8.218178723930356,-0.06715342778730747,-0.03352007615769955,-1.8351149988007645,-0.13085598064755344,-0.2359813632291101,-0.2662958158485814,-0.19611613513818404,-0.19300937626135234,8.218178723930356,-0.06715342778730747,-0.03352007615769955,-1.8351149988007645,-0.21680296415038888,1.9535138126504805,-1.175735064194511,-0.40583972495671383,-0.16278112867447064
0,-1.2285710435662787,0.8273772438659699,-0.47454519624983954,-0.4736736092984604,-0.5190780765440126,0.5446511676720712,0.96425644365423,1.2266260647479035,-0.6244040257055189,-1.2285710435662787,0.8273772438659699,-0.47454519624983954,-0.4736736092984604,-0.5190780765440126,0.5446511676720712,0.96425644365423,1.2266260647479035,-0.6244040257055189,-1.0474140778753913,-0.8599907509661803,-0.3760014818308347,-0.3895323082701867,-0.49182818592718974,-0.7584190958858794,-0.6510829297527374,-0.5145531371352063,-0.7433520929951757,0.8635041745453002,-0.4030649954631285,-0.4194008220350217,-0.6293942285506533,0.7925352191037062,1.3577269342345568,2.0633460286182723,-0.3576753639798948,-0.2328872501475753,-0.28708333828187355,-0.32078666523533045,-0.39610534423349997,-0.38113017778990566,-0.3694246287326534,-0.2751579580367754,-0.2900883232983121,-0.2955781683826058,-0.3888554871521795,-0.41265547100857053,-0.2943754514063852,-0.3658086479243954,-0.19911604720153883,-0.3706570838248186,-0.4553343738637455,-0.3467749300058409,-0.4165098159726211,0.5449215208897721,1.1227307914744915,1.64580281371634,-0.337529114616601,0.9989187709831968,1.8822836089980008,-0.22342026433344614,1.3385767425636153,-0.06213841212214652,-0.4271559153457235,-0.7376951317802901,0.7376951317802901,-0.4820426798824101,-0.3075623426146228,0.6158384251930635,-0.13085598064755344,-0.2359813632291101,-0.2662958158485814,-0.19611613513818404,-0.19300937626135234,-0.12168146174384352,-0.06715342778730747,-0.03352007615769955,0.5449249778098338,-0.21680296415038888,-0.5118980953829163,0.8505317485662419,-0.40583972495671383,-0.16278112867447064,0.8119223343984152,-0.1699069165076462,-0.2081478487327801,-0.6981970580620328,-0.7376951317802901,0.7376951317802901,-0.7376951317802901,0.7376951317802901,-0.7376951317802901,0.7376951317802901,-0.7376951317802901,0.7376951317802901,-0.4820426798824101,-0.3075623426146228,0.6158384251930635,-0.4820426798824101,-0.3075623426146228,0.6158384251930635,-0.4820426798824101,-0.3075623426146228,0.6158384251930635,-0.13085598064755344,-0.2359813632291101,-0.2662958158485814,-0.19611613513818404,-0.19300937626135234,-0.12168146174384352,-0.06715342778730747,-0.03352007615769955,0.5449249778098338,-0.13085598064755344,-0.2359813632291101,-0.2662958158485814,-0.19611613513818404,-0.19300937626135234,-0.12168146174384352,-0.06715342778730747,-0.03352007615769955,0.5449249778098338,-0.21680296415038888,-0.5118980953829163,0.8505317485662419,-0.40583972495671383,-0.16278112867447064
0,-1.2246831605170183,0.8273772438659699,-0.47454519624983954,-0.4736736092984604,-0.4989475622371262,0.5446511676720712,-1.1168810094012038,0.5370842201482933,-0.6244040257055189,-1.2246831605170183,0.8273772438659699,-0.47454519624983954,-0.4736736092984604,-0.4989475622371262,0.5446511676720712,-1.1168810094012038,0.5370842201482933,-0.6244040257055189,-1.0463125259680144,-0.855909168732217,-0.3760014818308347,-0.3895323082701867,-0.48685848531357,-0.7549369018186338,-1.0346079851178915,-0.6497098039732025,-0.7424378907678605,0.8635041745453002,-0.4030649954631285,-0.4194008220350217,-0.571347415835755,0.7925352191037062,-0.7285731700889909,1.209712855038851,-0.3576753639798948,-0.2328872501475753,-0.28708333828187355,-0.32078666523533045,-0.39610534423349997,-0.38113017778990566,-0.3694246287326534,-0.2751579580367754,-0.2900883232983121,-0.2955781683826058,-0.3888554871521795,-0.41265547100857053,-0.2943754514063852,-0.3658086479243954,-0.19836401418550262,-0.33212765423625973,-0.626822817058193,-0.36616736675397343,-0.4123594838653976,0.5449215208897721,-0.6685250661686233,0.9574498946399291,-0.337529114616601,-1.1087392780725651,-0.5252894751020448,-0.7049484103449949,0.29322481827021163,-0.26058043793158214,-0.4271559153457235,-0.7376951317802901,0.7376951317802901,2.0745051044939435,-0.3075623426146228,-1.6238025415294657,-0.13085598064755344,-0.2359813632291101,-0.2662958158485814,-0.19611613513818404,-0.19300937626135234,-0.12168146174384352,-0.06715342778730747,-0.03352007615769955,0.5449249778098338,-0.21680296415038888,-0.5118980953829163,0.8505317485662419,-0.40583972495671383,-0.16278112867447064,0.8119223343984152,-0.1699069165076462,-0.2081478487327801,-0.6981970580620328,-0.7376951317802901,0.7376951317802901,-0.7376951317802901,0.7376951317802901,-0.7376951317802901,0.7376951317802901,-0.7376951317802901,0.7376951317802901,2.0745051044939435,-0.3075623426146228,-1.6238025415294657,2.0745051044939435,-0.3075623426146228,-1.6238025415294657,2.0745051044939435,-0.3075623426146228,-1.6238025415294657,-0.13085598064755344,-0.2359813632291101,-0.2662958158485814,-0.19611613513818404,-0.19300937626135234,-0.12168146174384352,-0.06715342778730747,-0.03352007615769955,0.5449249778098338,-0.13085598064755344,-0.2359813632291101,-0.2662958158485814,-0.19611613513818404,-0.19300937626135234,-0.12168146174384352,-0.06715342778730747,-0.03352007615769955,0.5449249778098338,-0.21680296415038888,-0.5118980953829163,0.8505317485662419,-0.40583972495671383,-0.16278112867447064
0,-1.220795277467758,0.8273772438659699,-0.47454519624983954,-0.4736736092984604,-0.4989475622371262,0.5446511676720712,0.96425644365423,-0.841999469050927,-0.6244040257055189,-1.220795277467758,0.8273772438659699,-0.47454519624983954,-0.4736736092984604,-0.4989475622371262,0.5446511676720712,0.96425644365423,-0.841999469050927,-0.6244040257055189,-1.045202533049853,-0.8518275864982536,-0.3760014818308347,-0.3895323082701867,-0.4866045590048449,-0.7514547077513883,-0.643174149669243,-0.9274727177111319,-0.7415236885405453,0.8635041745453002,-0.4030649954631285,-0.4194008220350217,-0.571347415835755,0.7925352191037062,1.3577269342345568,-0.4975534921199921,-0.3576753639798948,-0.2328872501475753,-0.28708333828187355,-0.32078666523533045,-0.39610534423349997,-0.38113017778990566,-0.3694246287326534,-0.2751579580367754,-0.2900883232983121,-0.2955781683826058,-0.3888554871521795,-0.41265547100857053,-0.2943754514063852,-0.3658086479243954,-0.19836401418550262,-0.33212765423625973,-0.41485036472765574,-0.45666540491192525,-0.4123594838653976,0.5449215208897721,1.1227307914744915,-0.41925594351289297,-0.337529114616601,0.9989187709831968,-0.34421520059278854,-0.22342026433344614,-0.9014630952079639,-0.6574644895504534,-0.4271559153457235,-0.7376951317802901,0.7376951317802901,-0.4820426798824101,-0.3075623426146228,0.6158384251930635,-0.13085598064755344,-0.2359813632291101,-0.2662958158485814,-0.19611613513818404,-0.19300937626135234,-0.12168146174384352,-0.06715342778730747,-0.03352007615769955,0.5449249778098338,-0.21680296415038888,-0.5118980953829163,0.8505317485662419,-0.40583972495671383,-0.16278112867447064,0.8119223343984152,-0.1699069165076462,-0.2081478487327801,-0.6981970580620328,-0.7376951317802901,0.7376951317802901,-0.7376951317802901,0.7376951317802901,-0.7376951317802901,0.7376951317802901,-0.7376951317802901,0.7376951317802901,-0.4820426798824101,-0.3075623426146228,0.6158384251930635,-0.4820426798824101,-0.3075623426146228,0.6158384251930635,-0.4820426798824101,-0.3075623426146228,0.6158384251930635,-0.13085598064755344,-0.2359813632291101,-0.2662958158485814,-0.19611613513818404,-0.19300937626135234,-0.12168146174384352,-0.06715342778730747,-0.03352007615769955,0.5449249778098338,-0.13085598064755344,-0.2359813632291101,-0.2662958158485814,-0.19611613513818404,-0.19300937626135234,-0.12168146174384352,-0.06715342778730747,-0.03352007615769955,0.5449249778098338,-0.21680296415038888,-0.5118980953829163,0.8505317485662419,-0.40583972495671383,-0.16278112867447064
0,-1.2169073944184976,0.8273772438659699,0.4327933656785018,-0.4736736092984604,-0.35803396208892135,0.5446511676720712,-0.5095104222433947,1.2266260647479035,-0.0675031379141101,-1.2169073944184976,0.8273772438659699,0.4327933656785018,-0.4736736092984604,-0.35803396208892135,0.5446511676720712,-0.5095104222433947,1.2266260647479035,-0.0675031379141101,-1.0440840991209073,-0.8477460042642904,-0.14550008197051267,-0.3895323082701867,-0.45257843363568206,-0.7479725136841427,-0.9178043165011468,-0.5017824284576003,-0.6190205900803045,0.8635041745453002,0.5387118689362969,-0.4194008220350217,-0.16501972683146723,0.7925352191037062,-0.11969588642374947,2.0633460286182723,0.2263602181326639,-0.07639966350995119,-0.28708333828187355,-0.1436746012267653,0.5281575091431288,0.16061446244642888,1.3294519864972518,-0.05924801474239681,-0.2900883232983121,-0.2955781683826058,-0.3888554871521795,-0.41265547100857053,-0.2943754514063852,-0.3658086479243954,-0.18986025623493927,-0.06242164711634756,-0.43168079549209754,-0.1399222713590939,-0.32520250961370367,0.5449215208897721,-0.14575511629852972,1.64580281371634,0.20090432700850336,-0.7538678336953983,0.3097964882597226,-0.26165318579788244,1.3385767425636153,0.7316296911155961,-0.23657207930514282,1.3555735383351193,-1.3555735383351195,-0.4820426798824101,-0.3075623426146228,0.6158384251930635,-0.13085598064755344,-0.2359813632291101,-0.2662958158485814,-0.19611613513818404,-0.19300937626135234,-0.12168146174384352,-0.06715342778730747,-0.03352007615769955,0.5449249778098338,-0.21680296415038888,-0.5118980953829163,-1.175735064194511,2.4640269015229057,-0.16278112867447064,-1.2316448970959013,-0.1699069165076462,-0.2081478487327801,1.4322604033532795,1.3555735383351193,-1.3555735383351195,1.3555735383351193,-1.3555735383351195,1.3555735383351193,-1.3555735383351195,1.3555735383351193,-1.3555735383351195,-0.4820426798824101,-0.3075623426146228,0.6158384251930635,-0.4820426798824101,-0.3075623426146228,0.6158384251930635,-0.4820426798824101,-0.3075623426146228,0.6158384251930635,-0.13085598064755344,-0.2359813632291101,-0.2662958158485814,-0.19611613513818404,-0.19300937626135234,-0.12168146174384352,-0.06715342778730747,-0.03352007615769955,0.5449249778098338,-0.13085598064755344,-0.2359813632291101,-0.2662958158485814,-0.19611613513818404,-0.19300937626135234,-0.12168146174384352,-0.06715342778730747,-0.03352007615769955,0.5449249778098338,-0.21680296415038888,-0.5118980953829163,-1.175735064194511,2.4640269015229057,-0.16278112867447064
1,-1.213019511369237,-0.3693648410115938,0.4327933656785018,-0.4736736092984604,-0.11646779040628442,0.5446511676720712,-0.5095104222433947,0.19231329784848822,-0.0675031379141101,-1.213019511369237,-0.3693648410115938,0.4327933656785018,-0.4736736092984604,-0.11646779040628442,0.5446511676720712,-0.5095104222433947,0.19231329784848822,-0.0675031379141101,-1.0429572241811769,-1.0259750951473545,-0.14376698873848018,-0.3895323082701867,-0.3937400803853813,-0.7444903196168972,-0.9159445471877729,-0.7114348959149647,-0.617192185625674,-0.5892568139740777,0.2247862474698217,-0.4194008220350217,0.028469648884860296,-0.04105904351514409,-0.5569533474872684,0.0715352902662889,-0.1629968366090419,-0.07639966350995119,-0.28708333828187355,0.008135739352004802,0.5281575091431288,0.16061446244642888,0.6923732557860374,-0.05924801474239681,-0.2900883232983121,-0.2955781683826058,-0.3888554871521795,-0.41265547100857053,-0.2943754514063852,-0.3658086479243954,-0.16209288333514058,0.399931507946359,-0.20320282418793778,-0.0817449611146963,-0.22559453904033924,0.5449215208897721,-0.14575511629852972,0.6132734351017236,0.20090432700850336,-0.7538678336953983,-0.21377024625881774,-0.26165318579788244,-0.1174491519879112,0.13630361368728913,-0.23657207930514282,1.3555735383351193,-1.3555735383351195,-0.4820426798824101,-0.3075623426146228,0.6158384251930635,-0.13085598064755344,-0.2359813632291101,-0.2662958158485814,-0.19611613513818404,-0.19300937626135234,-0.12168146174384352,-0.06715342778730747,-0.03352007615769955,0.5449249778098338,-0.21680296415038888,-0.5118980953829163,-1.175735064194511,2.4640269015229057,-0.16278112867447064,-1.2316448970959013,-0.1699069165076462,-0.2081478487327801,1.4322604033532795,1.3555735383351193,-1.3555735383351195,1.3555735383351193,-1.3555735383351195,1.3555735383351193,-1.3555735383351195,1.3555735383351193,-1.3555735383351195,-0.4820426798824101,-0.3075623426146228,0.6158384251930635,-0.4820426798824101,-0.3075623426146228,0.6158384251930635,-0.4820426798824101,-0.3075623426146228,0.6158384251930635,-0.13085598064755344,-0.2359813632291101,-0.2662958158485814,-0.19611613513818404,-0.19300937626135234,-0.12168146174384352,-0.06715342778730747,-0.03352007615769955,0.5449249778098338,-0.13085598064755344,-0.2359813632291101,-0.2662958158485814,-0.19611613513818404,-0.19300937626135234,-0.12168146174384352,-0.06715342778730747,-0.03352007615769955,0.5449249778098338,-0.21680296415038888,-0.5118980953829163,-1.175735064194511,2.4640269015229057,-0.16278112867447064
0,-1.2091316283199767,-0.3693648410115938,-0.47454519624983954,-0.4736736092984604,-0.37816447639580775,0.5446511676720712,0.96425644365423,-0.497228546751122,-0.6244040257055189,-1.2091316283199767,-0.3693648410115938,-0.47454519624983954,-0.4736736092984604,-0.37816447639580775,0.5446511676720712,0.96425644365423,-0.497228546751122,-0.6244040257055189,-1.041821908230662,-1.0232540403247123,-0.3760014818308347,-0.3895323082701867,-0.45645987864047993,-0.7410081255496517,-0.6313109795440014,-0.852444804230197,-0.7387810818585996,-0.5892568139740777,-0.4030649954631285,-0.4194008220350217,-0.4746027279775913,-0.04105904351514409,0.42799519961826915,-0.4975534921199921,-0.5523538913507477,-0.2328872501475753,-0.28708333828187355,-0.32078666523533045,-0.39610534423349997,-0.38113017778990566,-0.3694246287326534,-0.2751579580367754,-0.2900883232983121,-0.2955781683826058,-0.3888554871521795,-0.41265547100857053,-0.2943754514063852,-0.3658086479243954,-0.19142217096055295,-0.10095107670490644,-0.17194630991111728,-0.3758635851280397,-0.38745749122205647,0.5449215208897721,1.1227307914744915,-0.07507948397468743,-0.337529114616601,0.9989187709831968,0.026867934339009688,-0.22342026433344614,-0.714793108726999,-0.5582434766457356,-0.4271559153457235,-0.7376951317802901,0.7376951317802901,-0.4820426798824101,-0.3075623426146228,0.6158384251930635,-0.13085598064755344,-0.2359813632291101,-0.2662958158485814,-0.19611613513818404,-0.19300937626135234,-0.12168146174384352,-0.06715342778730747,-0.03352007615769955,0.5449249778098338,-0.21680296415038888,-0.5118980953829163,0.8505317485662419,-0.40583972495671383,-0.16278112867447064,0.8119223343984152,-0.1699069165076462,-0.2081478487327801,-0.6981970580620328,-0.7376951317802901,0.7376951317802901,-0.7376951317802901,0.7376951317802901,-0.7376951317802901,0.7376951317802901,-0.7376951317802901,0.7376951317802901,-0.4820426798824101,-0.3075623426146228,0.6158384251930635,-0.4820426798824101,-0.3075623426146228,0.6158384251930635,-0.4820426798824101,-0.3075623426146228,0.6158384251930635,-0.13085598064755344,-0.2359813632291101,-0.2662958158485814,-0.19611613513818404,-0.19300937626135234,-0.12168146174384352,-0.06715342778730747,-0.03352007615769955,0.5449249778098338,-0.13085598064755344,-0.2359813632291101,-0.2662958158485814,-0.19611613513818404,-0.19300937626135234,-0.12168146174384352,-0.06715342778730747,-0.03352007615769955,0.5449249778098338,-0.21680296415038888,-0.5118980953829163,0.8505317485662419,-0.40583972495671383,-0.16278112867447064
0,-1.2052437452707163,-0.3693648410115938,-0.47454519624983954,-0.4736736092984604,-0.33790344778203496,0.5446511676720712,-1.1168810094012038,-0.497228546751122,-0.6244040257055189,-1.2052437452707163,-0.3693648410115938,-0.47454519624983954,-0.4736736092984604,-0.33790344778203496,0.5446511676720712,-1.1168810094012038,-0.497228546751122,-0.6244040257055189,-1.0406781512693626,-1.0205329855020702,-0.3760014818308347,-0.3895323082701867,-0.4461214503566725,-0.7375259314824061,-1.029625326718579,-0.8508484656454962,-0.7378668796312844,-0.5892568139740777,-0.4030649954631285,-0.4194008220350217,-0.3972069776910602,-0.04105904351514409,-0.9628715365974293,-0.4975534921199921,-0.5523538913507477,-0.2328872501475753,-0.28708333828187355,-0.32078666523533045,-0.39610534423349997,-0.38113017778990566,-0.3694246287326534,-0.2751579580367754,-0.2900883232983121,-0.2955781683826058,-0.3888554871521795,-0.41265547100857053,-0.2943754514063852,-0.3658086479243954,-0.1881826441222431,-0.023892217527788678,-0.5452049752043748,-0.3564711483799072,-0.37915682700760944,0.5449215208897721,-0.6685250661686233,-0.07507948397468743,-0.337529114616601,-1.1087392780725651,-0.805835472779215,-0.7049484103449949,-0.714793108726999,-0.5582434766457356,-0.4271559153457235,-0.7376951317802901,0.7376951317802901,2.0745051044939435,-0.3075623426146228,-1.6238025415294657,-0.13085598064755344,-0.2359813632291101,-0.2662958158485814,-0.19611613513818404,-0.19300937626135234,-0.12168146174384352,-0.06715342778730747,-0.03352007615769955,0.5449249778098338,-0.21680296415038888,-0.5118980953829163,0.8505317485662419,-0.40583972495671383,-0.16278112867447064,0.8119223343984152,-0.1699069165076462,-0.2081478487327801,-0.6981970580620328,-0.7376951317802901,0.7376951317802901,-0.7376951317802901,0.7376951317802901,-0.7376951317802901,0.7376951317802901,-0.7376951317802901,0.7376951317802901,2.0745051044939435,-0.3075623426146228,-1.6238025415294657,2.0745051044939435,-0.3075623426146228,-1.6238025415294657,2.0745051044939435,-0.3075623426146228,-1.6238025415294657,-0.13085598064755344,-0.2359813632291101,-0.2662958158485814,-0.19611613513818404,-0.19300937626135234,-0.12168146174384352,-0.06715342778730747,-0.03352007615769955,0.5449249778098338,-0.13085598064755344,-0.2359813632291101,-0.2662958158485814,-0.19611613513818404,-0.19300937626135234,-0.12168146174384352,-0.06715342778730747,-0.03352007615769955,0.5449249778098338,-0.21680296415038888,-0.5118980953829163,0.8505317485662419,-0.40583972495671383,-0.16278112867447064
1,-1.201355862221456,-1.5661069258891576,-0.47454519624983954,2.0089333664952354,-0.11646779040628442,-1.8668102534866975,-0.5095104222433947,-1.1867703913507321,-0.6244040257055189,-1.201355862221456,-1.5661069258891576,-0.47454519624983954,2.0089333664952354,-0.11646779040628442,-1.8668102534866975,-0.5095104222433947,-1.1867703913507321,-0.6244040257055189,-1.0395259532972787,-1.204204186030419,-0.3760014818308347,0.23886218439333304,-0.3909106158024445,-1.1894625228410356,-0.9103652392476512,-0.99505105113013,-0.7369526774039691,-1.4609134070857044,-0.4030649954631285,0.5195090584504164,-0.4746027279775913,-1.6704316554584984,-0.9942108085507874,-1.2089144701028434,-0.7470324187216006,-0.2328872501475753,-0.28708333828187355,-0.32078666523533045,-0.39610534423349997,-0.38113017778990566,-0.3694246287326534,-0.2751579580367754,1.1701867956779368,0.44395783429062524,-0.2662521954766786,1.3576611153209521,0.13350142820713717,0.056387602465029836,-0.16209288333514058,-0.5563886931235127,-0.20320282418793778,-0.4178805314156602,-0.33350317382815076,-1.8399449636419904,-1.2209241053195545,-1.09199533483905,-0.8515365815723219,-0.7538678336953983,-0.9118592256168716,-0.564416590908148,-1.0134650870965427,-0.7566855024551713,-0.4271559153457235,1.3555735383351193,-1.3555735383351195,-0.4820426798824101,-0.3075623426146228,0.6158384251930635,-0.13085598064755344,-0.2359813632291101,-0.2662958158485814,5.099019513592785,-0.19300937626135234,-0.12168146174384352,-0.06715342778730747,-0.03352007615769955,-1.8351149988007645,-0.21680296415038888,1.9535138126504805,-1.175735064194511,-0.40583972495671383,-0.16278112867447064,-1.2316448970959013,-0.1699069165076462,-0.2081478487327801,1.4322604033532795,1.3555735383351193,-1.3555735383351195,1.3555735383351193,-1.3555735383351195,1.3555735383351193,-1.3555735383351195,1.3555735383351193,-1.3555735383351195,-0.4820426798824101,-0.3075623426146228,0.6158384251930635,-0.4820426798824101,-0.3075623426146228,0.6158384251930635,-0.4820426798824101,-0.3075623426146228,0.6158384251930635,-0.13085598064755344,-0.2359813632291101,-0.2662958158485814,5.099019513592785,-0.19300937626135234,-0.12168146174384352,-0.06715342778730747,-0.03352007615769955,-1.8351149988007645,-0.13085598064755344,-0.2359813632291101,-0.2662958158485814,5.099019513592785,-0.19300937626135234,-0.12168146174384352,-0.06715342778730747,-0.03352007615769955,-1.8351149988007645,-0.21680296415038888,1.9535138126504805,-1.175735064194511,-0.40583972495671383,-0.16278112867447064
0,-1.1974679791721956,-1.5661069258891576,0.4327933656785018,-0.4736736092984604,0.42705609587964866,-1.747233654090395,0.96425644365423,0.8818551424480984,-0.0675031379141101,-1.1974679791721956,-1.5661069258891576,0.4327933656785018,-0.4736736092984604,0.42705609587964866,-1.747233654090395,0.96425644365423,0.8818551424480984,-0.0675031379141101,-1.0383653143144103,-1.2028436586190976,-0.1368346158103502,-0.3895323082701867,-0.25480611432579314,-1.1665569662054065,-0.6194478094187599,-0.553929488891158,-0.6098785678071522,-1.4609134070857044,-0.0891393739966534,-0.4194008220350217,0.04781858645649305,-1.6309715720209197,-0.5017365349980186,-0.35528129652342183,-0.5523538913507477,-0.07639966350995119,-0.28708333828187355,0.34970900565423757,-0.31042417242146536,0.770770541893495,1.1170924095935137,-0.05924801474239681,-0.2900883232983121,-0.2955781683826058,-0.3888554871521795,-0.41265547100857053,-0.2943754514063852,-0.3658086479243954,-0.03870162001166013,-0.4125302903401952,1.4474140555324726,0.6971845816019604,-0.0014766052502692205,-1.8243260033503432,-1.050018544785101,-0.8842675308574113,-0.7761346597668339,0.9989187709831968,1.5112004740662026,0.42033946735152133,0.7785667831207204,0.5331876653061604,-0.23657207930514282,-0.7376951317802901,0.7376951317802901,-0.4820426798824101,-0.3075623426146228,0.6158384251930635,-0.13085598064755344,-0.2359813632291101,3.755222352305419,-0.19611613513818404,-0.19300937626135234,-0.12168146174384352,-0.06715342778730747,-0.03352007615769955,-1.8351149988007645,-0.21680296415038888,-0.5118980953829163,0.8505317485662419,-0.40583972495671383,-0.16278112867447064,-1.2316448970959013,-0.1699069165076462,-0.2081478487327801,1.4322604033532795,-0.7376951317802901,0.7376951317802901,-0.7376951317802901,0.7376951317802901,-0.7376951317802901,0.7376951317802901,-0.7376951317802901,0.7376951317802901,-0.4820426798824101,-0.3075623426146228,0.6158384251930635,-0.4820426798824101,-0.3075623426146228,0.6158384251930635,-0.4820426798824101,-0.3075623426146228,0.6158384251930635,-0.13085598064755344,-0.2359813632291101,3.755222352305419,-0.19611613513818404,-0.19300937626135234,-0.12168146174384352,-0.06715342778730747,-0.03352007615769955,-1.8351149988007645,-0.13085598064755344,-0.2359813632291101,3.755222352305419,-0.19611613513818404,-0.19300937626135234,-0.12168146174384352,-0.06715342778730747,-0.03352007615769955,-1.8351149988007645,-0.21680296415038888,-0.5118980953829163,0.8505317485662419,-0.40583972495671383,-0.16278112867447064
0,-1.1935800961229353,0.8273772438659699,-0.47454519624983954,-0.4736736092984604,-0.45868653362335343,0.5446511676720712,0.96425644365423,-1.5315413136505371,-0.0675031379141101,-1.1935800961229353,0.8273772438659699,-0.47454519624983954,-0.4736736092984604,-0.45868653362335343,0.5446511676720712,0.96425644365423,-1.5315413136505371,-0.0675031379141101,-1.0371962343207575,-0.8232565108605105,-0.3760014818308347,-0.3895323082701867,-0.4747425728686869,-0.7270793492806694,-0.6154934193770126,-1.0679505131647973,-0.6080501633525217,0.8635041745453002,-0.4030649954631285,-0.4194008220350217,-0.4552537904059585,0.7925352191037062,1.3577269342345568,-1.3511866656994136,0.2263602181326639,-0.2328872501475753,-0.28708333828187355,-0.32078666523533045,-0.39610534423349997,-0.38113017778990566,-0.3694246287326534,-0.2751579580367754,-0.2900883232983121,-0.2955781683826058,-0.3888554871521795,-0.41265547100857053,-0.2943754514063852,-0.3658086479243954,-0.1965128559921827,-0.255068795059142,-0.33388234645547626,-0.5019144239909011,-0.36670583068593887,0.5449215208897721,1.1227307914744915,-1.107608862589304,0.20090432700850336,0.9989187709831968,-1.086381470456385,0.42033946735152133,-1.0507990843927357,-0.855906515359889,-0.23657207930514282,-0.7376951317802901,0.7376951317802901,-0.4820426798824101,-0.3075623426146228,0.6158384251930635,-0.13085598064755344,-0.2359813632291101,-0.2662958158485814,-0.19611613513818404,-0.19300937626135234,-0.12168146174384352,-0.06715342778730747,-0.03352007615769955,0.5449249778098338,-0.21680296415038888,-0.5118980953829163,0.8505317485662419,-0.40583972495671383,-0.16278112867447064,0.8119223343984152,-0.1699069165076462,-0.2081478487327801,-0.6981970580620328,-0.7376951317802901,0.7376951317802901,-0.7376951317802901,0.7376951317802901,-0.7376951317802901,0.7376951317802901,-0.7376951317802901,0.7376951317802901,-0.4820426798824101,-0.3075623426146228,0.6158384251930635,-0.4820426798824101,-0.3075623426146228,0.6158384251930635,-0.4820426798824101,-0.3075623426146228,0.6158384251930635,-0.13085598064755344,-0.2359813632291101,-0.2662958158485814,-0.19611613513818404,-0.19300937626135234,-0.12168146174384352,-0.06715342778730747,-0.03352007615769955,0.5449249778098338,-0.13085598064755344,-0.2359813632291101,-0.2662958158485814,-0.19611613513818404,-0.19300937626135234,-0.12168146174384352,-0.06715342778730747,-0.03352007615769955,0.5449249778098338,-0.21680296415038888,-0.5118980953829163,0.8505317485662419,-0.40583972495671383,-0.16278112867447064
0,-1.189692213073675,-1.5661069258891576,-0.47454519624983954,-0.4736736092984604,0.9504494678586953,-1.8194778495589943,-1.1168810094012038,-0.497228546751122,-0.0675031379141101,-1.189692213073675,-1.5661069258891576,-0.47454519624983954,-0.4736736092984604,0.9504494678586953,-1.8194778495589943,-1.1168810094012038,-0.497228546751122,-0.0675031379141101,-1.0360187133163201,-1.2001226037964554,-0.3760014818308347,-0.3895323082701867,-0.11891926397090614,-1.1798538650499577,-1.0256391999991294,-0.8444631113066933,-0.6062217588978912,-1.4609134070857044,-0.4030649954631285,-0.4194008220350217,0.5508909633189446,-1.6548120390977903,-1.1971699031058678,-0.9243700789097029,-0.5523538913507477,-0.2328872501475753,-0.28708333828187355,-0.32078666523533045,-0.39610534423349997,-0.38113017778990566,-0.3694246287326534,-0.2751579580367754,-0.2900883232983121,-0.2955781683826058,-0.3888554871521795,-0.41265547100857053,-0.2943754514063852,-0.3658086479243954,0.15983509622190054,-0.4067166781833417,0.10773775962617044,0.26408682756033386,0.21434066432535376,-1.83504312030046,-1.2333314759971623,-1.0414210819088798,-0.8069326278282305,-1.1087392780725651,-0.805835472779215,-0.5427168246715761,-0.714793108726999,-0.26058043793158214,-0.23657207930514282,-0.7376951317802901,0.7376951317802901,2.0745051044939435,-0.3075623426146228,-1.6238025415294657,-0.13085598064755344,4.237622777986573,-0.2662958158485814,-0.19611613513818404,-0.19300937626135234,-0.12168146174384352,-0.06715342778730747,-0.03352007615769955,-1.8351149988007645,-0.21680296415038888,-0.5118980953829163,0.8505317485662419,-0.40583972495671383,-0.16278112867447064,0.8119223343984152,-0.1699069165076462,-0.2081478487327801,-0.6981970580620328,-0.7376951317802901,0.7376951317802901,-0.7376951317802901,0.7376951317802901,-0.7376951317802901,0.7376951317802901,-0.7376951317802901,0.7376951317802901,2.0745051044939435,-0.3075623426146228,-1.6238025415294657,2.0745051044939435,-0.3075623426146228,-1.6238025415294657,2.0745051044939435,-0.3075623426146228,-1.6238025415294657,-0.13085598064755344,4.237622777986573,-0.2662958158485814,-0.19611613513818404,-0.19300937626135234,-0.12168146174384352,-0.06715342778730747,-0.03352007615769955,-1.8351149988007645,-0.13085598064755344,4.237622777986573,-0.2662958158485814,-0.19611613513818404,-0.19300937626135234,-0.12168146174384352,-0.06715342778730747,-0.03352007615769955,-1.8351149988007645,-0.21680296415038888,-0.5118980953829163,0.8505317485662419,-0.40583972495671383,-0.16278112867447064
0,-1.1858043300244145,0.8273772438659699,-0.47454519624983954,2.0089333664952354,-0.33790344778203496,0.5446511676720712,-1.3133832581875537,-0.1524576244513169,0.48939774987729867,-1.1858043300244145,0.8273772438659699,-0.47454519624983954,2.0089333664952354,-0.33790344778203496,0.5446511676720712,-1.3133832581875537,-0.1524576244513169,0.48939774987729867,-1.0348327513010982,-0.8150933463925839,-0.3760014818308347,0.2572094688506621,-0.4434008113346179,-0.7201149611461782,-1.0640215380126852,-0.7678388592410575,-0.4754908403918134,0.8635041745453002,-0.4030649954631285,2.3973288194212925,-0.10697291411656897,0.7925352191037062,-0.9255628795100984,0.3560796814594294,0.8103958002452226,-0.2328872501475753,-0.28708333828187355,-0.32078666523533045,-0.39610534423349997,-0.38113017778990566,-0.3694246287326534,-0.2751579580367754,1.1701867956779368,0.13107721777502748,2.313747507607776,0.27009461177380517,1.4171320670477043,0.9007801032438802,-0.1881826441222431,-0.023892217527788678,-0.5880933315925277,-0.30799005650957584,-0.2546468637909039,0.5449215208897721,-0.8376565205383595,0.2690969755635181,0.7393377686336078,-1.177626087863427,-0.8171526149360434,-0.5168837696280381,-0.45345512765364804,0.33474563949672476,0.08106764742915833,1.3555735383351193,-1.3555735383351195,2.0745051044939435,-0.3075623426146228,-1.6238025415294657,-0.13085598064755344,-0.2359813632291101,-0.2662958158485814,-0.19611613513818404,-0.19300937626135234,-0.12168146174384352,-0.06715342778730747,-0.03352007615769955,0.5449249778098338,-0.21680296415038888,-0.5118980953829163,-1.175735064194511,2.4640269015229057,-0.16278112867447064,-1.2316448970959013,-0.1699069165076462,-0.2081478487327801,1.4322604033532795,1.3555735383351193,-1.3555735383351195,1.3555735383351193,-1.3555735383351195,1.3555735383351193,-1.3555735383351195,1.3555735383351193,-1.3555735383351195,2.0745051044939435,-0.3075623426146228,-1.6238025415294657,2.0745051044939435,-0.3075623426146228,-1.6238025415294657,2.0745051044939435,-0.3075623426146228,-1.6238025415294657,-0.13085598064755344,-0.2359813632291101,-0.2662958158485814,-0.19611613513818404,-0.19300937626135234,-0.12168146174384352,-0.06715342778730747,-0.03352007615769955,0.5449249778098338,-0.13085598064755344,-0.2359813632291101,-0.2662958158485814,-0.19611613513818404,-0.19300937626135234,-0.12168146174384352,-0.06715342778730747,-0.03352007615769955,0.5449249778098338,-0.21680296415038888,-0.5118980953829163,-1.175735064194511,2.4640269015229057,-0.16278112867447064
1,-1.1819164469751542,0.8273772438659699,-0.47454519624983954,-0.4736736092984604,-0.4989475622371262,0.5446511676720712,-0.5095104222433947,-0.841999469050927,-0.6244040257055189,-1.1819164469751542,0.8273772438659699,-0.47454519624983954,-0.4736736092984604,-0.4989475622371262,0.5446511676720712,-0.5095104222433947,-0.841999469050927,-0.6244040257055189,-1.0336383482750917,-0.8110117641586206,-0.3760014818308347,-0.3895323082701867,-0.48406529591759395,-0.7166327670789326,-0.9010663926807818,-0.9168304604797937,-0.732381666267393,0.8635041745453002,-0.4030649954631285,-0.4194008220350217,-0.571347415835755,0.7925352191037062,-0.11969588642374947,-0.4975534921199921,-0.3576753639798948,-0.2328872501475753,-0.28708333828187355,-0.32078666523533045,-0.39610534423349997,-0.38113017778990566,-0.3694246287326534,-0.2751579580367754,-0.2900883232983121,-0.2955781683826058,-0.3888554871521795,-0.41265547100857053,-0.2943754514063852,-0.3658086479243954,-0.19836401418550262,-0.33212765423625973,-0.5649596120861907,-0.45666540491192525,-0.4123594838653976,0.5449215208897721,-0.14575511629852972,-0.41925594351289297,-0.337529114616601,-0.7538678336953983,-0.7373369807773581,-0.564416590908148,-0.9014630952079639,-0.6574644895504534,-0.4271559153457235,1.3555735383351193,-1.3555735383351195,-0.4820426798824101,-0.3075623426146228,0.6158384251930635,-0.13085598064755344,-0.2359813632291101,-0.2662958158485814,-0.19611613513818404,-0.19300937626135234,-0.12168146174384352,-0.06715342778730747,-0.03352007615769955,0.5449249778098338,-0.21680296415038888,1.9535138126504805,-1.175735064194511,-0.40583972495671383,-0.16278112867447064,0.8119223343984152,-0.1699069165076462,-0.2081478487327801,-0.6981970580620328,1.3555735383351193,-1.3555735383351195,1.3555735383351193,-1.3555735383351195,1.3555735383351193,-1.3555735383351195,1.3555735383351193,-1.3555735383351195,-0.4820426798824101,-0.3075623426146228,0.6158384251930635,-0.4820426798824101,-0.3075623426146228,0.6158384251930635,-0.4820426798824101,-0.3075623426146228,0.6158384251930635,-0.13085598064755344,-0.2359813632291101,-0.2662958158485814,-0.19611613513818404,-0.19300937626135234,-0.12168146174384352,-0.06715342778730747,-0.03352007615769955,0.5449249778098338,-0.13085598064755344,-0.2359813632291101,-0.2662958158485814,-0.19611613513818404,-0.19300937626135234,-0.12168146174384352,-0.06715342778730747,-0.03352007615769955,0.5449249778098338,-0.21680296415038888,1.9535138126504805,-1.175735064194511,-0.40583972495671383,-0.16278112867447064
1,-1.1780285639258938,0.8273772438659699,0.4327933656785018,-0.4736736092984604,-0.33790344778203496,0.5446511676720712,-0.5095104222433947,-0.497228546751122,-0.0675031379141101,-1.1780285639258938,0.8273772438659699,0.4327933656785018,-0.4736736092984604,-0.33790344778203496,0.5446511676720712,-0.5095104222433947,-0.497228546751122,-0.0675031379141101,-1.0324355042383009,-0.8069301819246574,-0.12816914965018772,-0.3895323082701867,-0.44231255572579603,-0.7131505730116872,-0.899206623367408,-0.8396740955525911,-0.6007365455339999,0.8635041745453002,0.5387118689362969,-0.4194008220350217,-0.10697291411656897,0.7925352191037062,-0.11969588642374947,-0.07073690533028135,0.2263602181326639,-0.07639966350995119,-0.28708333828187355,-0.1310237395118678,0.5281575091431288,0.16061446244642888,0.2676541019785611,-0.05924801474239681,-0.2900883232983121,-0.2955781683826058,-0.3888554871521795,-0.41265547100857053,-0.2943754514063852,-0.3658086479243954,-0.1881826441222431,-0.023892217527788678,-0.4126409645500842,-0.3564711483799072,-0.31690184539925664,0.5449215208897721,-0.14575511629852972,-0.07507948397468743,0.20090432700850336,-0.7538678336953983,-0.5628147359378447,-0.26165318579788244,-0.714793108726999,-0.26058043793158214,-0.23657207930514282,1.3555735383351193,-1.3555735383351195,-0.4820426798824101,-0.3075623426146228,0.6158384251930635,-0.13085598064755344,-0.2359813632291101,-0.2662958158485814,-0.19611613513818404,-0.19300937626135234,-0.12168146174384352,-0.06715342778730747,-0.03352007615769955,0.5449249778098338,-0.21680296415038888,-0.5118980953829163,-1.175735064194511,2.4640269015229057,-0.16278112867447064,-1.2316448970959013,-0.1699069165076462,-0.2081478487327801,1.4322604033532795,1.3555735383351193,-1.3555735383351195,1.3555735383351193,-1.3555735383351195,1.3555735383351193,-1.3555735383351195,1.3555735383351193,-1.3555735383351195,-0.4820426798824101,-0.3075623426146228,0.6158384251930635,-0.4820426798824101,-0.3075623426146228,0.6158384251930635,-0.4820426798824101,-0.3075623426146228,0.6158384251930635,-0.13085598064755344,-0.2359813632291101,-0.2662958158485814,-0.19611613513818404,-0.19300937626135234,-0.12168146174384352,-0.06715342778730747,-0.03352007615769955,0.5449249778098338,-0.13085598064755344,-0.2359813632291101,-0.2662958158485814,-0.19611613513818404,-0.19300937626135234,-0.12168146174384352,-0.06715342778730747,-0.03352007615769955,0.5449249778098338,-0.21680296415038888,-0.5118980953829163,-1.175735064194511,2.4640269015229057,-0.16278112867447064
0,-1.1741406808766333,0.8273772438659699,-0.47454519624983954,-0.4736736092984604,-0.5190780765440126,0.5446511676720712,-1.5366812681720423,-1.1867703913507321,-0.6244040257055189,-1.1741406808766333,0.8273772438659699,-0.47454519624983954,-0.4736736092984604,-0.5190780765440126,0.5446511676720712,-1.5366812681720423,-1.1867703913507321,-0.6244040257055189,-1.0312242191907255,-0.802848599690694,-0.3760014818308347,-0.3895323082701867,-0.48878107022248857,-0.7096683789444416,-1.1075706071562286,-0.9913262610991617,-0.7305532618127625,0.8635041745453002,-0.4030649954631285,-0.4194008220350217,-0.6293942285506533,0.7925352191037062,-1.1494148220340843,-0.9243700789097029,-0.3576753639798948,-0.2328872501475753,-0.28708333828187355,-0.32078666523533045,-0.39610534423349997,-0.38113017778990566,-0.3694246287326534,-0.2751579580367754,-0.2900883232983121,-0.2955781683826058,-0.3888554871521795,-0.41265547100857053,-0.2943754514063852,-0.3658086479243954,-0.19911604720153883,-0.3706570838248186,-0.6736750972943418,-0.4825219872427686,-0.4165098159726211,0.5449215208897721,-1.0298513550494233,-0.7634324030510985,-0.337529114616601,-1.2286533543751765,-1.0488562096205851,-0.8020806973086978,-1.0134650870965427,-0.7566855024551713,-0.4271559153457235,-0.7376951317802901,0.7376951317802901,-0.4820426798824101,3.2513733362117265,-1.6238025415294657,-0.13085598064755344,-0.2359813632291101,-0.2662958158485814,-0.19611613513818404,-0.19300937626135234,-0.12168146174384352,-0.06715342778730747,-0.03352007615769955,0.5449249778098338,-0.21680296415038888,-0.5118980953829163,0.8505317485662419,-0.40583972495671383,-0.16278112867447064,0.8119223343984152,-0.1699069165076462,-0.2081478487327801,-0.6981970580620328,-0.7376951317802901,0.7376951317802901,-0.7376951317802901,0.7376951317802901,-0.7376951317802901,0.7376951317802901,-0.7376951317802901,0.7376951317802901,-0.4820426798824101,3.2513733362117265,-1.6238025415294657,-0.4820426798824101,3.2513733362117265,-1.6238025415294657,-0.4820426798824101,3.2513733362117265,-1.6238025415294657,-0.13085598064755344,-0.2359813632291101,-0.2662958158485814,-0.19611613513818404,-0.19300937626135234,-0.12168146174384352,-0.06715342778730747,-0.03352007615769955,0.5449249778098338,-0.13085598064755344,-0.2359813632291101,-0.2662958158485814,-0.19611613513818404,-0.19300937626135234,-0.12168146174384352,-0.06715342778730747,-0.03352007615769955,0.5449249778098338,-0.21680296415038888,-0.5118980953829163,0.8505317485662419,-0.40583972495671383,-0.16278112867447064
0,-1.170252797827373,-0.3693648410115938,-0.47454519624983954,-0.4736736092984604,-0.4184255050095806,0.5446511676720712,0.96425644365423,-1.1867703913507321,-0.6244040257055189,-1.170252797827373,-0.3693648410115938,-0.47454519624983954,-0.4736736092984604,-0.4184255050095806,0.5446511676720712,0.96425644365423,-1.1867703913507321,-0.6244040257055189,-1.0300044931323658,-0.9960434920982904,-0.3760014818308347,-0.3895323082701867,-0.4622639085541964,-0.706186184877196,-0.5917670791265295,-0.9907941482375947,-0.7296390595854473,-0.5892568139740777,-0.4030649954631285,-0.4194008220350217,-0.5519984782641223,-0.04105904351514409,0.42799519961826915,-1.0666422745062731,-0.5523538913507477,-0.2328872501475753,-0.28708333828187355,-0.32078666523533045,-0.39610534423349997,-0.38113017778990566,-0.3694246287326534,-0.2751579580367754,-0.2900883232983121,-0.2955781683826058,-0.3888554871521795,-0.41265547100857053,-0.2943754514063852,-0.3658086479243954,-0.19419890825053282,-0.1780099358820242,-0.2529143281832968,-0.4663616232859915,-0.3957581554365035,0.5449215208897721,1.1227307914744915,-0.7634324030510985,-0.337529114616601,0.9989187709831968,-0.7152983355245868,-0.22342026433344614,-1.0134650870965427,-0.7566855024551713,-0.4271559153457235,-0.7376951317802901,0.7376951317802901,-0.4820426798824101,-0.3075623426146228,0.6158384251930635,-0.13085598064755344,-0.2359813632291101,-0.2662958158485814,-0.19611613513818404,-0.19300937626135234,-0.12168146174384352,-0.06715342778730747,-0.03352007615769955,0.5449249778098338,-0.21680296415038888,-0.5118980953829163,0.8505317485662419,-0.40583972495671383,-0.16278112867447064,0.8119223343984152,-0.1699069165076462,-0.2081478487327801,-0.6981970580620328,-0.7376951317802901,0.7376951317802901,-0.7376951317802901,0.7376951317802901,-0.7376951317802901,0.7376951317802901,-0.7376951317802901,0.7376951317802901,-0.4820426798824101,-0.3075623426146228,0.6158384251930635,-0.4820426798824101,-0.3075623426146228,0.6158384251930635,-0.4820426798824101,-0.3075623426146228,0.6158384251930635,-0.13085598064755344,-0.2359813632291101,-0.2662958158485814,-0.19611613513818404,-0.19300937626135234,-0.12168146174384352,-0.06715342778730747,-0.03352007615769955,0.5449249778098338,-0.13085598064755344,-0.2359813632291101,-0.2662958158485814,-0.19611613513818404,-0.19300937626135234,-0.12168146174384352,-0.06715342778730747,-0.03352007615769955,0.5449249778098338,-0.21680296415038888,-0.5118980953829163,0.8505317485662419,-0.40583972495671383,-0.16278112867447064
0,-1.1663649147781125,-0.3693648410115938,0.4327933656785018,0.7676298785983874,0.08483735266257968,0.5446511676720712,0.96425644365423,-1.1867703913507321,1.0462986376687076,-1.1663649147781125,-0.3693648410115938,0.4327933656785018,0.7676298785983874,0.08483735266257968,0.5446511676720712,0.96425644365423,-1.1867703913507321,1.0462986376687076,-1.0287763260632214,-0.9933224372756482,-0.12296986995409023,-0.05469436692393165,-0.32946044909097133,-0.7027039908099505,-0.5878126890847822,-0.9902620353760279,-0.3283042817940614,-0.5892568139740777,0.2247862474698217,0.5195090584504164,0.41544840031751534,-0.04105904351514409,0.42799519961826915,-1.0666422745062731,0.6157172728743697,-0.07639966350995119,0.2184329747796864,0.1346443565009799,0.5281575091431288,0.770770541893495,-0.15706505182891523,0.15666192855198174,0.07498045644575013,0.21640829500655415,0.9624460102277982,1.4694387837410756,-0.080437011599624,0.4785838528544551,-0.12622669333956726,0.7852258038319477,0.7591859002189467,-0.385559803502106,0.1562360148242245,0.5449215208897721,1.1227307914744915,-0.7634324030510985,1.2777712102587122,0.9989187709831968,-0.7152983355245868,1.7078589307214564,-1.0134650870965427,-0.4590224637410178,0.52576326485718,-0.7376951317802901,0.7376951317802901,-0.4820426798824101,-0.3075623426146228,0.6158384251930635,-0.13085598064755344,-0.2359813632291101,-0.2662958158485814,-0.19611613513818404,-0.19300937626135234,-0.12168146174384352,-0.06715342778730747,-0.03352007615769955,0.5449249778098338,-0.21680296415038888,-0.5118980953829163,0.8505317485662419,-0.40583972495671383,-0.16278112867447064,-1.2316448970959013,-0.1699069165076462,-0.2081478487327801,1.4322604033532795,-0.7376951317802901,0.7376951317802901,-0.7376951317802901,0.7376951317802901,-0.7376951317802901,0.7376951317802901,-0.7376951317802901,0.7376951317802901,-0.4820426798824101,-0.3075623426146228,0.6158384251930635,-0.4820426798824101,-0.3075623426146228,0.6158384251930635,-0.4820426798824101,-0.3075623426146228,0.6158384251930635,-0.13085598064755344,-0.2359813632291101,-0.2662958158485814,-0.19611613513818404,-0.19300937626135234,-0.12168146174384352,-0.06715342778730747,-0.03352007615769955,0.5449249778098338,-0.13085598064755344,-0.2359813632291101,-0.2662958158485814,-0.19611613513818404,-0.19300937626135234,-0.12168146174384352,-0.06715342778730747,-0.03352007615769955,0.5449249778098338,-0.21680296415038888,-0.5118980953829163,0.8505317485662419,-0.40583972495671383,-0.16278112867447064
1,-1.1624770317288522,0.8273772438659699,-0.47454519624983954,-0.4736736092984604,-0.4989475622371262,0.5446511676720712,0.96425644365423,-0.1524576244513169,-0.6244040257055189,-1.1624770317288522,0.8273772438659699,-0.47454519624983954,-0.4736736092984604,-0.4989475622371262,0.5446511676720712,0.96425644365423,-0.1524576244513169,-0.6244040257055189,-1.0275397179832926,-0.7906038529888041,-0.3760014818308347,-0.3895323082701867,-0.4827956643739685,-0.6992217967427049,-0.5838582990430351,-0.7550681505634517,-0.7278106551308168,0.8635041745453002,-0.4030649954631285,-0.4194008220350217,-0.571347415835755,0.7925352191037062,1.3577269342345568,0.3560796814594294,-0.3576753639798948,-0.2328872501475753,-0.28708333828187355,-0.32078666523533045,-0.39610534423349997,-0.38113017778990566,-0.3694246287326534,-0.2751579580367754,-0.2900883232983121,-0.2955781683826058,-0.3888554871521795,-0.41265547100857053,-0.2943754514063852,-0.3658086479243954,-0.19836401418550262,-0.33212765423625973,-0.41485036472765574,-0.41141638583294937,-0.4123594838653976,0.5449215208897721,1.1227307914744915,0.2690969755635181,-0.337529114616601,0.9989187709831968,0.3979510692708079,-0.22342026433344614,-0.45345512765364804,-0.4590224637410178,-0.4271559153457235,-0.7376951317802901,0.7376951317802901,-0.4820426798824101,-0.3075623426146228,0.6158384251930635,-0.13085598064755344,-0.2359813632291101,-0.2662958158485814,-0.19611613513818404,-0.19300937626135234,-0.12168146174384352,-0.06715342778730747,-0.03352007615769955,0.5449249778098338,-0.21680296415038888,-0.5118980953829163,0.8505317485662419,-0.40583972495671383,-0.16278112867447064,0.8119223343984152,-0.1699069165076462,-0.2081478487327801,-0.6981970580620328,-0.7376951317802901,0.7376951317802901,-0.7376951317802901,0.7376951317802901,-0.7376951317802901,0.7376951317802901,-0.7376951317802901,0.7376951317802901,-0.4820426798824101,-0.3075623426146228,0.6158384251930635,-0.4820426798824101,-0.3075623426146228,0.6158384251930635,-0.4820426798824101,-0.3075623426146228,0.6158384251930635,-0.13085598064755344,-0.2359813632291101,-0.2662958158485814,-0.19611613513818404,-0.19300937626135234,-0.12168146174384352,-0.06715342778730747,-0.03352007615769955,0.5449249778098338,-0.13085598064755344,-0.2359813632291101,-0.2662958158485814,-0.19611613513818404,-0.19300937626135234,-0.12168146174384352,-0.06715342778730747,-0.03352007615769955,0.5449249778098338,-0.21680296415038888,-0.5118980953829163,0.8505317485662419,-0.40583972495671383,-0.16278112867447064
0,-1.1585891486795918,0.8273772438659699,1.340131927606843,2.0089333664952354,0.04457632404880686,0.5446511676720712,-0.5095104222433947,-1.5315413136505371,1.6031995254601163,-1.1585891486795918,0.8273772438659699,1.340131927606843,2.0089333664952354,0.04457632404880686,0.5446511676720712,-0.5095104222433947,-1.5315413136505371,1.6031995254601163,-1.0262946688925791,-0.7865222707548408,0.13699411485078422,0.2893172166509879,-0.3375860909701744,-0.6957396026754593,-0.8899077768005386,-1.0679505131647973,-0.18568873433288557,0.8635041745453002,1.480488733335722,2.3973288194212925,0.995916527466498,0.7925352191037062,-0.11969588642374947,-1.3511866656994136,1.9784669644703399,0.39306309640292114,1.7349819139643663,0.5394719313777002,1.4524203625197576,0.7023591026827634,-0.3694246287326534,0.8043917584351175,1.1701867956779368,0.6715073735746963,2.313747507607776,1.3576611153209521,-0.2943754514063852,1.7451726040227307,-0.13432551043534188,0.70816694465483,-0.050884176651831266,-0.5019144239909011,0.264144649612036,0.5449215208897721,-0.14575511629852972,-1.107608862589304,1.8162046518838164,-0.7538678336953983,-1.086381470456385,0.6466370295329145,-1.0507990843927357,-0.855906515359889,1.097514772978922,1.3555735383351193,-1.3555735383351195,-0.4820426798824101,-0.3075623426146228,0.6158384251930635,-0.13085598064755344,-0.2359813632291101,-0.2662958158485814,-0.19611613513818404,-0.19300937626135234,-0.12168146174384352,-0.06715342778730747,-0.03352007615769955,0.5449249778098338,-0.21680296415038888,1.9535138126504805,-1.175735064194511,-0.40583972495671383,-0.16278112867447064,-1.2316448970959013,-0.1699069165076462,4.804277373453898,-0.6981970580620328,1.3555735383351193,-1.3555735383351195,1.3555735383351193,-1.3555735383351195,1.3555735383351193,-1.3555735383351195,1.3555735383351193,-1.3555735383351195,-0.4820426798824101,-0.3075623426146228,0.6158384251930635,-0.4820426798824101,-0.3075623426146228,0.6158384251930635,-0.4820426798824101,-0.3075623426146228,0.6158384251930635,-0.13085598064755344,-0.2359813632291101,-0.2662958158485814,-0.19611613513818404,-0.19300937626135234,-0.12168146174384352,-0.06715342778730747,-0.03352007615769955,0.5449249778098338,-0.13085598064755344,-0.2359813632291101,-0.2662958158485814,-0.19611613513818404,-0.19300937626135234,-0.12168146174384352,-0.06715342778730747,-0.03352007615769955,0.5449249778098338,-0.21680296415038888,1.9535138126504805,-1.175735064194511,-0.40583972495671383,-0.16278112867447064
0,-1.1547012656303315,-0.3693648410115938,-0.47454519624983954,2.0089333664952354,-0.11646779040628442,-1.9290897323389384,0.96425644365423,0.8818551424480984,0.48939774987729867,-1.1547012656303315,-0.3693648410115938,-0.47454519624983954,2.0089333664952354,-0.11646779040628442,-1.9290897323389384,0.96425644365423,0.8818551424480984,0.48939774987729867,-1.0250411787910814,-0.9851592728077215,-0.3760014818308347,0.29390403776532015,-0.3795927574706974,-1.2003589742960359,-0.5759495189595406,-0.5129567985505056,-0.4535499869362479,-0.5892568139740777,-0.4030649954631285,1.4584189389358544,0.028469648884860296,-1.6737199957449633,0.42799519961826915,0.6406240726525699,0.2263602181326639,-0.2328872501475753,-0.28708333828187355,-0.32078666523533045,-0.39610534423349997,-0.38113017778990566,-0.3694246287326534,-0.2751579580367754,1.1701867956779368,0.44395783429062524,-0.33288441921336387,3.351533038490722,2.7007627058882715,0.9007801032438802,-0.16209288333514058,-0.581087045423871,0.35434580885804934,0.08632282403578564,-0.11768590425252776,-1.8438380824646854,-1.2224214812491774,-1.0577134586917536,-0.8425095909336368,0.9989187709831968,1.5112004740662026,1.0640991990364888,0.7785667831207204,1.227734755639185,0.08106764742915833,-0.7376951317802901,0.7376951317802901,-0.4820426798824101,-0.3075623426146228,0.6158384251930635,-0.13085598064755344,-0.2359813632291101,-0.2662958158485814,-0.19611613513818404,-0.19300937626135234,8.218178723930356,-0.06715342778730747,-0.03352007615769955,-1.8351149988007645,-0.21680296415038888,-0.5118980953829163,0.8505317485662419,-0.40583972495671383,-0.16278112867447064,-1.2316448970959013,-0.1699069165076462,-0.2081478487327801,1.4322604033532795,-0.7376951317802901,0.7376951317802901,-0.7376951317802901,0.7376951317802901,-0.7376951317802901,0.7376951317802901,-0.7376951317802901,0.7376951317802901,-0.4820426798824101,-0.3075623426146228,0.6158384251930635,-0.4820426798824101,-0.3075623426146228,0.6158384251930635,-0.4820426798824101,-0.3075623426146228,0.6158384251930635,-0.13085598064755344,-0.2359813632291101,-0.2662958158485814,-0.19611613513818404,-0.19300937626135234,8.218178723930356,-0.06715342778730747,-0.03352007615769955,-1.8351149988007645,-0.13085598064755344,-0.2359813632291101,-0.2662958158485814,-0.19611613513818404,-0.19300937626135234,8.218178723930356,-0.06715342778730747,-0.03352007615769955,-1.8351149988007645,-0.21680296415038888,-0.5118980953829163,0.8505317485662419,-0.40583972495671383,-0.16278112867447064
0,-1.1508133825810711,-0.3693648410115938,-0.47454519624983954,-0.4736736092984604,-0.37816447639580775,0.5446511676720712,0.96425644365423,1.2266260647479035,-0.6244040257055189,-1.1508133825810711,-0.3693648410115938,-0.47454519624983954,-0.4736736092984604,-0.37816447639580775,0.5446511676720712,0.96425644365423,1.2266260647479035,-0.6244040257055189,-1.023779247678799,-0.9824382179850794,-0.3760014818308347,-0.3895323082701867,-0.449386217183138,-0.6887752145409682,-0.5719951289177935,-0.42941507928449996,-0.7250680484488711,-0.5892568139740777,-0.4030649954631285,-0.4194008220350217,-0.4746027279775913,-0.04105904351514409,0.42799519961826915,0.9251684638457104,-0.5523538913507477,-0.2328872501475753,-0.28708333828187355,-0.32078666523533045,-0.39610534423349997,-0.38113017778990566,-0.3694246287326534,-0.2751579580367754,-0.2900883232983121,-0.2955781683826058,-0.3888554871521795,-0.41265547100857053,-0.2943754514063852,-0.3658086479243954,-0.19142217096055295,-0.10095107670490644,-0.17194630991111728,-0.16577885368993728,-0.38745749122205647,0.5449215208897721,1.1227307914744915,1.64580281371634,-0.337529114616601,0.9989187709831968,1.8822836089980008,-0.22342026433344614,1.3385767425636153,-0.06213841212214652,-0.4271559153457235,-0.7376951317802901,0.7376951317802901,-0.4820426798824101,-0.3075623426146228,0.6158384251930635,-0.13085598064755344,-0.2359813632291101,-0.2662958158485814,-0.19611613513818404,-0.19300937626135234,-0.12168146174384352,-0.06715342778730747,-0.03352007615769955,0.5449249778098338,-0.21680296415038888,-0.5118980953829163,-1.175735064194511,-0.40583972495671383,6.1432182473669785,0.8119223343984152,-0.1699069165076462,-0.2081478487327801,-0.6981970580620328,-0.7376951317802901,0.7376951317802901,-0.7376951317802901,0.7376951317802901,-0.7376951317802901,0.7376951317802901,-0.7376951317802901,0.7376951317802901,-0.4820426798824101,-0.3075623426146228,0.6158384251930635,-0.4820426798824101,-0.3075623426146228,0.6158384251930635,-0.4820426798824101,-0.3075623426146228,0.6158384251930635,-0.13085598064755344,-0.2359813632291101,-0.2662958158485814,-0.19611613513818404,-0.19300937626135234,-0.12168146174384352,-0.06715342778730747,-0.03352007615769955,0.5449249778098338,-0.13085598064755344,-0.2359813632291101,-0.2662958158485814,-0.19611613513818404,-0.19300937626135234,-0.12168146174384352,-0.06715342778730747,-0.03352007615769955,0.5449249778098338,-0.21680296415038888,-0.5118980953829163,-1.175735064194511,-0.40583972495671383,6.1432182473669785
0,-1.1469254995318108,-0.3693648410115938,-0.47454519624983954,-0.4736736092984604,-0.3982949907026942,0.5446511676720712,0.96425644365423,1.5713969870477085,-0.6244040257055189,-1.1469254995318108,-0.3693648410115938,-0.47454519624983954,-0.4736736092984604,-0.3982949907026942,0.5446511676720712,0.96425644365423,1.5713969870477085,-0.6244040257055189,-1.022508875555732,-0.9797171631624372,-0.3760014818308347,-0.3895323082701867,-0.45439219298371847,-0.6852930204737226,-0.5680407388760462,-0.3448091342953606,-0.7241538462215559,-0.5892568139740777,-0.4030649954631285,-0.4194008220350217,-0.5133006031208568,-0.04105904351514409,0.42799519961826915,1.209712855038851,-0.5523538913507477,-0.2328872501475753,-0.28708333828187355,-0.32078666523533045,-0.39610534423349997,-0.38113017778990566,-0.3694246287326534,-0.2751579580367754,-0.2900883232983121,-0.2955781683826058,-0.3888554871521795,-0.41265547100857053,-0.2943754514063852,-0.3658086479243954,-0.19286838829908412,-0.1394805062934653,-0.21243031904720702,-0.1528505625245156,-0.39160782332928,0.5449215208897721,1.1227307914744915,1.9899792732545456,-0.337529114616601,0.9989187709831968,2.2533667439297993,-0.22342026433344614,1.973254696598896,0.0370826007825713,-0.4271559153457235,-0.7376951317802901,0.7376951317802901,-0.4820426798824101,-0.3075623426146228,0.6158384251930635,-0.13085598064755344,-0.2359813632291101,-0.2662958158485814,-0.19611613513818404,-0.19300937626135234,-0.12168146174384352,-0.06715342778730747,-0.03352007615769955,0.5449249778098338,-0.21680296415038888,-0.5118980953829163,-1.175735064194511,-0.40583972495671383,6.1432182473669785,0.8119223343984152,-0.1699069165076462,-0.2081478487327801,-0.6981970580620328,-0.7376951317802901,0.7376951317802901,-0.7376951317802901,0.7376951317802901,-0.7376951317802901,0.7376951317802901,-0.7376951317802901,0.7376951317802901,-0.4820426798824101,-0.3075623426146228,0.6158384251930635,-0.4820426798824101,-0.3075623426146228,0.6158384251930635,-0.4820426798824101,-0.3075623426146228,0.6158384251930635,-0.13085598064755344,-0.2359813632291101,-0.2662958158485814,-0.19611613513818404,-0.19300937626135234,-0.12168146174384352,-0.06715342778730747,-0.03352007615769955,0.5449249778098338,-0.13085598064755344,-0.2359813632291101,-0.2662958158485814,-0.19611613513818404,-0.19300937626135234,-0.12168146174384352,-0.06715342778730747,-0.03352007615769955,0.5449249778098338,-0.21680296415038888,-0.5118980953829163,-1.175735064194511,-0.40583972495671383,6.1432182473669785
1,-1.1430376164825504,-1.5661069258891576,0.4327933656785018,-0.4736736092984604,0.688752781869172,-1.747233654090395,-0.5095104222433947,-0.841999469050927,-0.0675031379141101,-1.1430376164825504,-1.5661069258891576,0.4327933656785018,-0.4736736092984604,0.688752781869172,-1.747233654090395,-0.5095104222433947,-0.841999469050927,-0.0675031379141101,-1.0212300624218809,-1.1837962748606023,-0.11257131056189526,-0.3895323082701867,-0.1562101561665345,-1.162037668974149,-0.882468699547043,-0.9061882032484554,-0.5842809054423257,-1.4609134070857044,-0.0891393739966534,-0.4194008220350217,0.29935477488771883,-1.6309715720209197,-0.9942108085507874,-1.0666422745062731,-0.5523538913507477,-0.07639966350995119,-0.28708333828187355,0.5141702079479052,-0.31042417242146536,0.16061446244642888,0.055294525074822944,-0.05924801474239681,-0.2900883232983121,-0.2955781683826058,-0.3888554871521795,-0.41265547100857053,-0.2943754514063852,-0.3658086479243954,0.05079030889664941,-0.3660973880155217,0.5583904134925948,-0.07528081553198546,0.10643202953754227,-1.8243260033503432,-1.1676099405747105,-1.043797053523049,-0.7761346597668339,-0.7538678336953983,-0.7373369807773581,-0.26165318579788244,-0.9014630952079639,-0.4590224637410178,-0.23657207930514282,1.3555735383351193,-1.3555735383351195,-0.4820426798824101,-0.3075623426146228,0.6158384251930635,-0.13085598064755344,-0.2359813632291101,3.755222352305419,-0.19611613513818404,-0.19300937626135234,-0.12168146174384352,-0.06715342778730747,-0.03352007615769955,-1.8351149988007645,-0.21680296415038888,-0.5118980953829163,-1.175735064194511,2.4640269015229057,-0.16278112867447064,-1.2316448970959013,-0.1699069165076462,-0.2081478487327801,1.4322604033532795,1.3555735383351193,-1.3555735383351195,1.3555735383351193,-1.3555735383351195,1.3555735383351193,-1.3555735383351195,1.3555735383351193,-1.3555735383351195,-0.4820426798824101,-0.3075623426146228,0.6158384251930635,-0.4820426798824101,-0.3075623426146228,0.6158384251930635,-0.4820426798824101,-0.3075623426146228,0.6158384251930635,-0.13085598064755344,-0.2359813632291101,3.755222352305419,-0.19611613513818404,-0.19300937626135234,-0.12168146174384352,-0.06715342778730747,-0.03352007615769955,-1.8351149988007645,-0.13085598064755344,-0.2359813632291101,3.755222352305419,-0.19611613513818404,-0.19300937626135234,-0.12168146174384352,-0.06715342778730747,-0.03352007615769955,-1.8351149988007645,-0.21680296415038888,-0.5118980953829163,-1.175735064194511,2.4640269015229057,-0.16278112867447064
0,-1.13914973343329,0.8273772438659699,-0.47454519624983954,-0.4736736092984604,-0.4788170479302398,0.5446511676720712,0.96425644365423,1.5713969870477085,-0.6244040257055189,-1.13914973343329,0.8273772438659699,-0.47454519624983954,-0.4736736092984604,-0.4788170479302398,0.5446511676720712,0.96425644365423,1.5713969870477085,-0.6244040257055189,-1.019942808277245,-0.7661143595850243,-0.3760014818308347,-0.3895323082701867,-0.47572200291662653,-0.6783286323392316,-0.5601319587925518,-0.3352311027871561,-0.7223254417669255,0.8635041745453002,-0.4030649954631285,-0.4194008220350217,-0.5133006031208568,0.7925352191037062,1.3577269342345568,2.490162615407983,-0.3576753639798948,-0.2328872501475753,-0.28708333828187355,-0.32078666523533045,-0.39610534423349997,-0.38113017778990566,-0.3694246287326534,-0.2751579580367754,-0.2900883232983121,-0.2955781683826058,-0.3888554871521795,-0.41265547100857053,-0.2943754514063852,-0.3658086479243954,-0.1974962837823839,-0.29359822464770086,-0.374366355591566,-0.26920518301331076,-0.40820915175817407,0.5449215208897721,1.1227307914744915,1.9899792732545456,-0.337529114616601,0.9989187709831968,2.2533667439297993,-0.22342026433344614,1.973254696598896,0.0370826007825713,-0.4271559153457235,-0.7376951317802901,0.7376951317802901,-0.4820426798824101,-0.3075623426146228,0.6158384251930635,-0.13085598064755344,-0.2359813632291101,-0.2662958158485814,-0.19611613513818404,-0.19300937626135234,-0.12168146174384352,-0.06715342778730747,-0.03352007615769955,0.5449249778098338,-0.21680296415038888,-0.5118980953829163,0.8505317485662419,-0.40583972495671383,-0.16278112867447064,0.8119223343984152,-0.1699069165076462,-0.2081478487327801,-0.6981970580620328,-0.7376951317802901,0.7376951317802901,-0.7376951317802901,0.7376951317802901,-0.7376951317802901,0.7376951317802901,-0.7376951317802901,0.7376951317802901,-0.4820426798824101,-0.3075623426146228,0.6158384251930635,-0.4820426798824101,-0.3075623426146228,0.6158384251930635,-0.4820426798824101,-0.3075623426146228,0.6158384251930635,-0.13085598064755344,-0.2359813632291101,-0.2662958158485814,-0.19611613513818404,-0.19300937626135234,-0.12168146174384352,-0.06715342778730747,-0.03352007615769955,0.5449249778098338,-0.13085598064755344,-0.2359813632291101,-0.2662958158485814,-0.19611613513818404,-0.19300937626135234,-0.12168146174384352,-0.06715342778730747,-0.03352007615769955,0.5449249778098338,-0.21680296415038888,-0.5118980953829163,0.8505317485662419,-0.40583972495671383,-0.16278112867447064
0,-1.1352618503840297,0.8273772438659699,-0.47454519624983954,2.0089333664952354,-0.35803396208892135,0.5446511676720712,0.96425644365423,0.8818551424480984,0.48939774987729867,-1.1352618503840297,0.8273772438659699,-0.47454519624983954,2.0089333664952354,-0.35803396208892135,0.5446511676720712,0.96425644365423,0.8818551424480984,0.48939774987729867,-1.0186471131218247,-0.762032777351061,-0.3760014818308347,0.31683814333698146,-0.441913528669228,-0.674846438271986,-0.5561775687508047,-0.49433284839566355,-0.43983695352651947,0.8635041745453002,-0.4030649954631285,2.3973288194212925,-0.16501972683146723,0.7925352191037062,1.3577269342345568,1.6365294418285616,0.8103958002452226,-0.2328872501475753,-0.28708333828187355,-0.32078666523533045,-0.39610534423349997,-0.38113017778990566,-0.3694246287326534,-0.2751579580367754,1.1701867956779368,0.1026335253645186,2.313747507607776,3.351533038490722,2.7007627058882715,0.9007801032438802,-0.18986025623493927,-0.06242164711634756,-0.13146230077502755,-0.18517129043806982,-0.2670978601125744,0.5449215208897721,1.1227307914744915,1.3016263541781348,0.7393377686336078,0.9989187709831968,1.5112004740662026,1.0640991990364888,0.7785667831207204,1.227734755639185,0.08106764742915833,-0.7376951317802901,0.7376951317802901,-0.4820426798824101,-0.3075623426146228,0.6158384251930635,-0.13085598064755344,-0.2359813632291101,-0.2662958158485814,-0.19611613513818404,-0.19300937626135234,-0.12168146174384352,-0.06715342778730747,-0.03352007615769955,0.5449249778098338,-0.21680296415038888,-0.5118980953829163,0.8505317485662419,-0.40583972495671383,-0.16278112867447064,-1.2316448970959013,-0.1699069165076462,-0.2081478487327801,1.4322604033532795,-0.7376951317802901,0.7376951317802901,-0.7376951317802901,0.7376951317802901,-0.7376951317802901,0.7376951317802901,-0.7376951317802901,0.7376951317802901,-0.4820426798824101,-0.3075623426146228,0.6158384251930635,-0.4820426798824101,-0.3075623426146228,0.6158384251930635,-0.4820426798824101,-0.3075623426146228,0.6158384251930635,-0.13085598064755344,-0.2359813632291101,-0.2662958158485814,-0.19611613513818404,-0.19300937626135234,-0.12168146174384352,-0.06715342778730747,-0.03352007615769955,0.5449249778098338,-0.13085598064755344,-0.2359813632291101,-0.2662958158485814,-0.19611613513818404,-0.19300937626135234,-0.12168146174384352,-0.06715342778730747,-0.03352007615769955,0.5449249778098338,-0.21680296415038888,-0.5118980953829163,0.8505317485662419,-0.40583972495671383,-0.16278112867447064
0,-1.1313739673347691,0.8273772438659699,-0.47454519624983954,-0.4736736092984604,-0.4989475622371262,0.5446511676720712,0.96425644365423,0.8818551424480984,-0.6244040257055189,-1.1313739673347691,0.8273772438659699,-0.47454519624983954,-0.4736736092984604,-0.4989475622371262,0.5446511676720712,0.96425644365423,0.8818551424480984,-0.6244040257055189,-1.0173429769556197,-0.7579511951170977,-0.3760014818308347,-0.3895323082701867,-0.4807642539041677,-0.6713642442047404,-0.5522231787090575,-0.4906080583646951,-0.720497037312295,0.8635041745453002,-0.4030649954631285,-0.4194008220350217,-0.571347415835755,0.7925352191037062,1.3577269342345568,1.6365294418285616,-0.3576753639798948,-0.2328872501475753,-0.28708333828187355,-0.32078666523533045,-0.39610534423349997,-0.38113017778990566,-0.3694246287326534,-0.2751579580367754,-0.2900883232983121,-0.2955781683826058,-0.3888554871521795,-0.41265547100857053,-0.2943754514063852,-0.3658086479243954,-0.19836401418550262,-0.33212765423625973,-0.41485036472765574,-0.34354285721448546,-0.4123594838653976,0.5449215208897721,1.1227307914744915,1.3016263541781348,-0.337529114616601,0.9989187709831968,1.5112004740662026,-0.22342026433344614,0.7785667831207204,-0.16135942502686434,-0.4271559153457235,-0.7376951317802901,0.7376951317802901,-0.4820426798824101,-0.3075623426146228,0.6158384251930635,-0.13085598064755344,-0.2359813632291101,-0.2662958158485814,-0.19611613513818404,-0.19300937626135234,-0.12168146174384352,-0.06715342778730747,-0.03352007615769955,0.5449249778098338,-0.21680296415038888,-0.5118980953829163,0.8505317485662419,-0.40583972495671383,-0.16278112867447064,0.8119223343984152,-0.1699069165076462,-0.2081478487327801,-0.6981970580620328,-0.7376951317802901,0.7376951317802901,-0.7376951317802901,0.7376951317802901,-0.7376951317802901,0.7376951317802901,-0.7376951317802901,0.7376951317802901,-0.4820426798824101,-0.3075623426146228,0.6158384251930635,-0.4820426798824101,-0.3075623426146228,0.6158384251930635,-0.4820426798824101,-0.3075623426146228,0.6158384251930635,-0.13085598064755344,-0.2359813632291101,-0.2662958158485814,-0.19611613513818404,-0.19300937626135234,-0.12168146174384352,-0.06715342778730747,-0.03352007615769955,0.5449249778098338,-0.13085598064755344,-0.2359813632291101,-0.2662958158485814,-0.19611613513818404,-0.19300937626135234,-0.12168146174384352,-0.06715342778730747,-0.03352007615769955,0.5449249778098338,-0.21680296415038888,-0.5118980953829163,0.8505317485662419,-0.40583972495671383,-0.16278112867447064
0,-1.1274860842855088,-1.5661069258891576,-0.47454519624983954,0.7676298785983874,0.5881002103347399,0.5446511676720712,-1.1168810094012038,1.5713969870477085,-0.0675031379141101,-1.1274860842855088,-1.5661069258891576,-0.47454519624983954,0.7676298785983874,0.5881002103347399,0.5446511676720712,-1.1168810094012038,1.5713969870477085,-0.0675031379141101,-1.0160303997786304,-1.1783541652153178,-0.3760014818308347,-0.03176026135227034,-0.17492815263827013,-0.6678820501374948,-1.00969469312133,-0.3208640555248494,-0.5769672876238039,-1.4609134070857044,-0.4030649954631285,0.0500541182076973,0.20261008702955507,-0.8746533061339944,-1.1971699031058678,-0.07073690533028135,-0.5523538913507477,-0.2328872501475753,-0.28708333828187355,-0.32078666523533045,-0.39610534423349997,-0.38113017778990566,-0.3694246287326534,-0.2751579580367754,0.07498045644575013,0.5719544501379151,0.9624460102277982,0.061644365260601956,1.6310705068544655,0.056387602465029836,0.014056388497957385,1.7484615435459199,-0.07590238454492043,1.2724935384632254,0.06492870846530709,0.5449215208897721,-0.6685250661686233,1.9899792732545456,0.20090432700850336,-1.1087392780725651,-0.24474347742487473,-0.5427168246715761,1.973254696598896,0.9300717169250317,-0.23657207930514282,-0.7376951317802901,0.7376951317802901,2.0745051044939435,-0.3075623426146228,-1.6238025415294657,-0.13085598064755344,-0.2359813632291101,-0.2662958158485814,-0.19611613513818404,-0.19300937626135234,-0.12168146174384352,-0.06715342778730747,-0.03352007615769955,0.5449249778098338,-0.21680296415038888,-0.5118980953829163,0.8505317485662419,-0.40583972495671383,-0.16278112867447064,-1.2316448970959013,-0.1699069165076462,-0.2081478487327801,1.4322604033532795,-0.7376951317802901,0.7376951317802901,-0.7376951317802901,0.7376951317802901,-0.7376951317802901,0.7376951317802901,-0.7376951317802901,0.7376951317802901,2.0745051044939435,-0.3075623426146228,-1.6238025415294657,2.0745051044939435,-0.3075623426146228,-1.6238025415294657,2.0745051044939435,-0.3075623426146228,-1.6238025415294657,-0.13085598064755344,-0.2359813632291101,-0.2662958158485814,-0.19611613513818404,-0.19300937626135234,-0.12168146174384352,-0.06715342778730747,-0.03352007615769955,0.5449249778098338,-0.13085598064755344,-0.2359813632291101,-0.2662958158485814,-0.19611613513818404,-0.19300937626135234,-0.12168146174384352,-0.06715342778730747,-0.03352007615769955,0.5449249778098338,-0.21680296415038888,-0.5118980953829163,0.8505317485662419,-0.40583972495671383,-0.16278112867447064
1,-1.1235982012362484,0.8273772438659699,-0.47454519624983954,-0.4736736092984604,-0.4989475622371262,0.5446511676720712,-1.5500791487711116,-1.5315413136505371,-0.6244040257055189,-1.1235982012362484,0.8273772438659699,-0.47454519624983954,-0.4736736092984604,-0.4989475622371262,0.5446511676720712,-1.5500791487711116,-1.5315413136505371,-0.6244040257055189,-1.0147093815908568,-0.7497880306491711,-0.3760014818308347,-0.3895323082701867,-0.4802564012867175,-0.6643998560702493,-1.105361734388126,-1.0679505131647973,-0.7186686328576645,0.8635041745453002,-0.4030649954631285,-0.4194008220350217,-0.571347415835755,0.7925352191037062,-1.1628459385855234,-1.3511866656994136,-0.3576753639798948,-0.2328872501475753,-0.28708333828187355,-0.32078666523533045,-0.39610534423349997,-0.38113017778990566,-0.3694246287326534,-0.2751579580367754,-0.2900883232983121,-0.2955781683826058,-0.3888554871521795,-0.41265547100857053,-0.2943754514063852,-0.3658086479243954,-0.19836401418550262,-0.33212765423625973,-0.6709458382514594,-0.5019144239909011,-0.4123594838653976,0.5449215208897721,-1.0413830451200872,-1.107608862589304,-0.337529114616601,-1.2307930204368625,-1.086381470456385,-0.8051806639139224,-1.0507990843927357,-0.855906515359889,-0.4271559153457235,1.3555735383351193,-1.3555735383351195,-0.4820426798824101,3.2513733362117265,-1.6238025415294657,-0.13085598064755344,-0.2359813632291101,-0.2662958158485814,-0.19611613513818404,-0.19300937626135234,-0.12168146174384352,-0.06715342778730747,-0.03352007615769955,0.5449249778098338,-0.21680296415038888,1.9535138126504805,-1.175735064194511,-0.40583972495671383,-0.16278112867447064,0.8119223343984152,-0.1699069165076462,-0.2081478487327801,-0.6981970580620328,1.3555735383351193,-1.3555735383351195,1.3555735383351193,-1.3555735383351195,1.3555735383351193,-1.3555735383351195,1.3555735383351193,-1.3555735383351195,-0.4820426798824101,3.2513733362117265,-1.6238025415294657,-0.4820426798824101,3.2513733362117265,-1.6238025415294657,-0.4820426798824101,3.2513733362117265,-1.6238025415294657,-0.13085598064755344,-0.2359813632291101,-0.2662958158485814,-0.19611613513818404,-0.19300937626135234,-0.12168146174384352,-0.06715342778730747,-0.03352007615769955,0.5449249778098338,-0.13085598064755344,-0.2359813632291101,-0.2662958158485814,-0.19611613513818404,-0.19300937626135234,-0.12168146174384352,-0.06715342778730747,-0.03352007615769955,0.5449249778098338,-0.21680296415038888,1.9535138126504805,-1.175735064194511,-0.40583972495671383,-0.16278112867447064
0,-1.119710318186988,0.8273772438659699,-0.47454519624983954,-0.4736736092984604,-0.4788170479302398,0.5446511676720712,0.96425644365423,0.19231329784848822,-0.6244040257055189,-1.119710318186988,0.8273772438659699,-0.47454519624983954,-0.4736736092984604,-0.4788170479302398,0.5446511676720712,0.96425644365423,0.19231329784848822,-0.6244040257055189,-1.0133799223922983,-0.7457064484152078,-0.3760014818308347,-0.3895323082701867,-0.4742709954381974,-0.6609176620030037,-0.5403600085838158,-0.6475813525269349,-0.7177544306303493,0.8635041745453002,-0.4030649954631285,-0.4194008220350217,-0.5133006031208568,0.7925352191037062,1.3577269342345568,0.7828962682491402,-0.3576753639798948,-0.2328872501475753,-0.28708333828187355,-0.32078666523533045,-0.39610534423349997,-0.38113017778990566,-0.3694246287326534,-0.2751579580367754,-0.2900883232983121,-0.2955781683826058,-0.3888554871521795,-0.41265547100857053,-0.2943754514063852,-0.3658086479243954,-0.1974962837823839,-0.29359822464770086,-0.374366355591566,-0.3726315123366843,-0.40820915175817407,0.5449215208897721,1.1227307914744915,0.6132734351017236,-0.337529114616601,0.9989187709831968,0.7690342042026062,-0.22342026433344614,-0.1174491519879112,-0.3598014508363,-0.4271559153457235,-0.7376951317802901,0.7376951317802901,-0.4820426798824101,-0.3075623426146228,0.6158384251930635,-0.13085598064755344,-0.2359813632291101,-0.2662958158485814,-0.19611613513818404,-0.19300937626135234,-0.12168146174384352,-0.06715342778730747,-0.03352007615769955,0.5449249778098338,-0.21680296415038888,-0.5118980953829163,0.8505317485662419,-0.40583972495671383,-0.16278112867447064,0.8119223343984152,-0.1699069165076462,-0.2081478487327801,-0.6981970580620328,-0.7376951317802901,0.7376951317802901,-0.7376951317802901,0.7376951317802901,-0.7376951317802901,0.7376951317802901,-0.7376951317802901,0.7376951317802901,-0.4820426798824101,-0.3075623426146228,0.6158384251930635,-0.4820426798824101,-0.3075623426146228,0.6158384251930635,-0.4820426798824101,-0.3075623426146228,0.6158384251930635,-0.13085598064755344,-0.2359813632291101,-0.2662958158485814,-0.19611613513818404,-0.19300937626135234,-0.12168146174384352,-0.06715342778730747,-0.03352007615769955,0.5449249778098338,-0.13085598064755344,-0.2359813632291101,-0.2662958158485814,-0.19611613513818404,-0.19300937626135234,-0.12168146174384352,-0.06715342778730747,-0.03352007615769955,0.5449249778098338,-0.21680296415038888,-0.5118980953829163,0.8505317485662419,-0.40583972495671383,-0.16278112867447064
0,-1.1158224351377277,0.8273772438659699,-0.47454519624983954,-0.4736736092984604,-0.4788170479302398,0.5446511676720712,0.96425644365423,-0.497228546751122,-0.6244040257055189,-1.1158224351377277,0.8273772438659699,-0.47454519624983954,-0.4736736092984604,-0.4788170479302398,0.5446511676720712,0.96425644365423,-0.497228546751122,-0.6244040257055189,-1.0120420221829556,-0.7416248661812445,-0.3760014818308347,-0.3895323082701867,-0.4739807939425116,-0.6574354679357581,-0.5364056185420687,-0.8141326781973791,-0.7168402284030341,0.8635041745453002,-0.4030649954631285,-0.4194008220350217,-0.5133006031208568,0.7925352191037062,1.3577269342345568,-0.07073690533028135,-0.3576753639798948,-0.2328872501475753,-0.28708333828187355,-0.32078666523533045,-0.39610534423349997,-0.38113017778990566,-0.3694246287326534,-0.2751579580367754,-0.2900883232983121,-0.2955781683826058,-0.3888554871521795,-0.41265547100857053,-0.2943754514063852,-0.3658086479243954,-0.1974962837823839,-0.29359822464770086,-0.374366355591566,-0.42434467699837103,-0.40820915175817407,0.5449215208897721,1.1227307914744915,-0.07507948397468743,-0.337529114616601,0.9989187709831968,0.026867934339009688,-0.22342026433344614,-0.714793108726999,-0.5582434766457356,-0.4271559153457235,-0.7376951317802901,0.7376951317802901,-0.4820426798824101,-0.3075623426146228,0.6158384251930635,-0.13085598064755344,-0.2359813632291101,-0.2662958158485814,-0.19611613513818404,-0.19300937626135234,-0.12168146174384352,-0.06715342778730747,-0.03352007615769955,0.5449249778098338,-0.21680296415038888,-0.5118980953829163,0.8505317485662419,-0.40583972495671383,-0.16278112867447064,0.8119223343984152,-0.1699069165076462,-0.2081478487327801,-0.6981970580620328,-0.7376951317802901,0.7376951317802901,-0.7376951317802901,0.7376951317802901,-0.7376951317802901,0.7376951317802901,-0.7376951317802901,0.7376951317802901,-0.4820426798824101,-0.3075623426146228,0.6158384251930635,-0.4820426798824101,-0.3075623426146228,0.6158384251930635,-0.4820426798824101,-0.3075623426146228,0.6158384251930635,-0.13085598064755344,-0.2359813632291101,-0.2662958158485814,-0.19611613513818404,-0.19300937626135234,-0.12168146174384352,-0.06715342778730747,-0.03352007615769955,0.5449249778098338,-0.13085598064755344,-0.2359813632291101,-0.2662958158485814,-0.19611613513818404,-0.19300937626135234,-0.12168146174384352,-0.06715342778730747,-0.03352007615769955,0.5449249778098338,-0.21680296415038888,-0.5118980953829163,0.8505317485662419,-0.40583972495671383,-0.16278112867447064
0,-1.1119345520884674,0.8273772438659699,6.784163299176891,2.0089333664952354,0.7491443247898313,0.5446511676720712,0.96425644365423,-1.1867703913507321,4.944604852208569,-1.1119345520884674,0.8273772438659699,6.784163299176891,2.0089333664952354,0.7491443247898313,0.5446511676720712,0.96425644365423,-1.1867703913507321,4.944604852208569,-1.0106956809628282,-0.7375432839472812,1.8423578551707607,0.34435907002297506,-0.1196447677101207,-0.6539532738685125,-0.5324512285003214,-0.982812455314091,0.7467975375286487,0.8635041745453002,7.131149919732275,2.3973288194212925,3.027554972487937,0.7925352191037062,1.3577269342345568,-0.9243700789097029,5.482680457145692,9.782318294660367,7.801177670703085,6.662489001388096,6.99799748277953,8.8340755796773,1.3294519864972518,9.224879546915881,1.1701867956779368,1.6670366079425074,2.313747507607776,3.351533038490722,0.13350142820713717,4.278350106359282,0.07421902978085455,2.056696980254391,2.0951582017099084,-0.27890140138737707,2.708690260766689,0.5449215208897721,1.1227307914744915,-0.7634324030510985,5.046805301634443,0.9989187709831968,-0.7152983355245868,6.214177052516229,-1.0134650870965427,0.23552462659200693,7.196197526277503,-0.7376951317802901,0.7376951317802901,-0.4820426798824101,-0.3075623426146228,0.6158384251930635,-0.13085598064755344,-0.2359813632291101,-0.2662958158485814,-0.19611613513818404,-0.19300937626135234,-0.12168146174384352,-0.06715342778730747,-0.03352007615769955,0.5449249778098338,4.612483062299524,-0.5118980953829163,-1.175735064194511,-0.40583972495671383,-0.16278112867447064,-1.2316448970959013,5.885575587824865,-0.2081478487327801,-0.6981970580620328,-0.7376951317802901,0.7376951317802901,-0.7376951317802901,0.7376951317802901,-0.7376951317802901,0.7376951317802901,-0.7376951317802901,0.7376951317802901,-0.4820426798824101,-0.3075623426146228,0.6158384251930635,-0.4820426798824101,-0.3075623426146228,0.6158384251930635,-0.4820426798824101,-0.3075623426146228,0.6158384251930635,-0.13085598064755344,-0.2359813632291101,-0.2662958158485814,-0.19611613513818404,-0.19300937626135234,-0.12168146174384352,-0.06715342778730747,-0.03352007615769955,0.5449249778098338,-0.13085598064755344,-0.2359813632291101,-0.2662958158485814,-0.19611613513818404,-0.19300937626135234,-0.12168146174384352,-0.06715342778730747,-0.03352007615769955,0.5449249778098338,4.612483062299524,-0.5118980953829163,-1.175735064194511,-0.40583972495671383,-0.16278112867447064
0,-1.108046669039207,0.8273772438659699,-0.47454519624983954,0.7676298785983874,-0.3177729334751485,0.5446511676720712,0.96425644365423,1.2266260647479035,-0.0675031379141101,-1.108046669039207,0.8273772438659699,-0.47454519624983954,0.7676298785983874,-0.3177729334751485,0.5446511676720712,0.96425644365423,1.2266260647479035,-0.0675031379141101,-1.0093408987319163,-0.7334617017133179,-0.3760014818308347,-0.02029320856643969,-0.4266779501457223,-0.6504710798012671,-0.5284968384585743,-0.3825891474666115,-0.5678252653506516,0.8635041745453002,-0.4030649954631285,0.9889639986931354,-0.04892610140167071,0.7925352191037062,1.3577269342345568,2.0633460286182723,0.2263602181326639,-0.2328872501475753,-0.28708333828187355,-0.32078666523533045,-0.39610534423349997,-0.38113017778990566,-0.3694246287326534,-0.2751579580367754,0.07498045644575013,-0.06802862909853472,0.9624460102277982,1.4694387837410756,1.4171320670477043,0.056387602465029836,-0.18638933462246443,0.014637212060770205,-0.05049428250284806,-0.08820910669740714,-0.3086011811848096,0.5449215208897721,1.1227307914744915,1.64580281371634,0.20090432700850336,0.9989187709831968,1.8822836089980008,0.42033946735152133,1.3385767425636153,0.7316296911155961,-0.23657207930514282,-0.7376951317802901,0.7376951317802901,-0.4820426798824101,-0.3075623426146228,0.6158384251930635,-0.13085598064755344,-0.2359813632291101,-0.2662958158485814,-0.19611613513818404,-0.19300937626135234,-0.12168146174384352,-0.06715342778730747,-0.03352007615769955,0.5449249778098338,-0.21680296415038888,-0.5118980953829163,0.8505317485662419,-0.40583972495671383,-0.16278112867447064,-1.2316448970959013,-0.1699069165076462,-0.2081478487327801,1.4322604033532795,-0.7376951317802901,0.7376951317802901,-0.7376951317802901,0.7376951317802901,-0.7376951317802901,0.7376951317802901,-0.7376951317802901,0.7376951317802901,-0.4820426798824101,-0.3075623426146228,0.6158384251930635,-0.4820426798824101,-0.3075623426146228,0.6158384251930635,-0.4820426798824101,-0.3075623426146228,0.6158384251930635,-0.13085598064755344,-0.2359813632291101,-0.2662958158485814,-0.19611613513818404,-0.19300937626135234,-0.12168146174384352,-0.06715342778730747,-0.03352007615769955,0.5449249778098338,-0.13085598064755344,-0.2359813632291101,-0.2662958158485814,-0.19611613513818404,-0.19300937626135234,-0.12168146174384352,-0.06715342778730747,-0.03352007615769955,0.5449249778098338,-0.21680296415038888,-0.5118980953829163,0.8505317485662419,-0.40583972495671383,-0.16278112867447064
1,-1.1041587859899467,-0.3693648410115938,-0.47454519624983954,-0.4736736092984604,-0.33790344778203496,0.5446511676720712,-0.5095104222433947,0.8818551424480984,-0.0675031379141101,-1.1041587859899467,-0.3693648410115938,-0.47454519624983954,-0.4736736092984604,-0.33790344778203496,0.5446511676720712,-0.5095104222433947,0.8818551424480984,-0.0675031379141101,-1.00797767549022,-0.9497855601133729,-0.3760014818308347,-0.3895323082701867,-0.43197412744198854,-0.6469888857340215,-0.8638710064133042,-0.46453452814791635,-0.5659968608960212,-0.5892568139740777,-0.4030649954631285,-0.4194008220350217,-0.3972069776910602,-0.04105904351514409,-0.5569533474872684,0.6406240726525699,-0.1629968366090419,-0.2328872501475753,-0.28708333828187355,-0.32078666523533045,-0.39610534423349997,-0.38113017778990566,-0.3694246287326534,-0.2751579580367754,-0.2900883232983121,-0.2955781683826058,-0.3888554871521795,-0.41265547100857053,-0.2943754514063852,-0.3658086479243954,-0.1881826441222431,-0.023892217527788678,-0.4126409645500842,-0.16254678089858185,-0.31690184539925664,0.5449215208897721,-0.14575511629852972,1.3016263541781348,0.20090432700850336,-0.7538678336953983,0.13527424342020916,-0.26165318579788244,0.7785667831207204,0.5331876653061604,-0.23657207930514282,1.3555735383351193,-1.3555735383351195,-0.4820426798824101,-0.3075623426146228,0.6158384251930635,-0.13085598064755344,-0.2359813632291101,-0.2662958158485814,-0.19611613513818404,-0.19300937626135234,-0.12168146174384352,-0.06715342778730747,-0.03352007615769955,0.5449249778098338,-0.21680296415038888,-0.5118980953829163,-1.175735064194511,2.4640269015229057,-0.16278112867447064,0.8119223343984152,-0.1699069165076462,-0.2081478487327801,-0.6981970580620328,1.3555735383351193,-1.3555735383351195,1.3555735383351193,-1.3555735383351195,1.3555735383351193,-1.3555735383351195,1.3555735383351193,-1.3555735383351195,-0.4820426798824101,-0.3075623426146228,0.6158384251930635,-0.4820426798824101,-0.3075623426146228,0.6158384251930635,-0.4820426798824101,-0.3075623426146228,0.6158384251930635,-0.13085598064755344,-0.2359813632291101,-0.2662958158485814,-0.19611613513818404,-0.19300937626135234,-0.12168146174384352,-0.06715342778730747,-0.03352007615769955,0.5449249778098338,-0.13085598064755344,-0.2359813632291101,-0.2662958158485814,-0.19611613513818404,-0.19300937626135234,-0.12168146174384352,-0.06715342778730747,-0.03352007615769955,0.5449249778098338,-0.21680296415038888,-0.5118980953829163,-1.175735064194511,2.4640269015229057,-0.16278112867447064
0,-1.1002709029406863,0.8273772438659699,-0.47454519624983954,-0.4736736092984604,-0.4989475622371262,0.5446511676720712,0.96425644365423,-0.1524576244513169,-0.6244040257055189,-1.1002709029406863,0.8273772438659699,-0.47454519624983954,-0.4736736092984604,-0.4989475622371262,0.5446511676720712,0.96425644365423,-0.1524576244513169,-0.6244040257055189,-1.0066060112377393,-0.7252985372453913,-0.3760014818308347,-0.3895323082701867,-0.47873284343436695,-0.6435066916667759,-0.5205880583750799,-0.7210129274231691,-0.7131834194937732,0.8635041745453002,-0.4030649954631285,-0.4194008220350217,-0.571347415835755,0.7925352191037062,1.3577269342345568,0.3560796814594294,-0.3576753639798948,-0.2328872501475753,-0.28708333828187355,-0.32078666523533045,-0.39610534423349997,-0.38113017778990566,-0.3694246287326534,-0.2751579580367754,-0.2900883232983121,-0.2955781683826058,-0.3888554871521795,-0.41265547100857053,-0.2943754514063852,-0.3658086479243954,-0.19836401418550262,-0.33212765423625973,-0.41485036472765574,-0.41141638583294937,-0.4123594838653976,0.5449215208897721,1.1227307914744915,0.2690969755635181,-0.337529114616601,0.9989187709831968,0.3979510692708079,-0.22342026433344614,-0.45345512765364804,-0.4590224637410178,-0.4271559153457235,-0.7376951317802901,0.7376951317802901,-0.4820426798824101,-0.3075623426146228,0.6158384251930635,-0.13085598064755344,-0.2359813632291101,-0.2662958158485814,-0.19611613513818404,-0.19300937626135234,-0.12168146174384352,-0.06715342778730747,-0.03352007615769955,0.5449249778098338,-0.21680296415038888,-0.5118980953829163,0.8505317485662419,-0.40583972495671383,-0.16278112867447064,0.8119223343984152,-0.1699069165076462,-0.2081478487327801,-0.6981970580620328,-0.7376951317802901,0.7376951317802901,-0.7376951317802901,0.7376951317802901,-0.7376951317802901,0.7376951317802901,-0.7376951317802901,0.7376951317802901,-0.4820426798824101,-0.3075623426146228,0.6158384251930635,-0.4820426798824101,-0.3075623426146228,0.6158384251930635,-0.4820426798824101,-0.3075623426146228,0.6158384251930635,-0.13085598064755344,-0.2359813632291101,-0.2662958158485814,-0.19611613513818404,-0.19300937626135234,-0.12168146174384352,-0.06715342778730747,-0.03352007615769955,0.5449249778098338,-0.13085598064755344,-0.2359813632291101,-0.2662958158485814,-0.19611613513818404,-0.19300937626135234,-0.12168146174384352,-0.06715342778730747,-0.03352007615769955,0.5449249778098338,-0.21680296415038888,-0.5118980953829163,0.8505317485662419,-0.40583972495671383,-0.16278112867447064
0,-1.096383019891426,0.8273772438659699,-0.47454519624983954,-0.4736736092984604,-0.4788170479302398,0.5446511676720712,0.96425644365423,-1.1867703913507321,-0.6244040257055189,-1.096383019891426,0.8273772438659699,-0.47454519624983954,-0.4736736092984604,-0.4788170479302398,0.5446511676720712,0.96425644365423,-1.1867703913507321,-0.6244040257055189,-1.005225905974474,-0.721216955011428,-0.3760014818308347,-0.3895323082701867,-0.47252978646408245,-0.6400244975995304,-0.5166336683333327,-0.9806840038678234,-0.7122692172664579,0.8635041745453002,-0.4030649954631285,-0.4194008220350217,-0.5133006031208568,0.7925352191037062,1.3577269342345568,-0.9243700789097029,-0.3576753639798948,-0.2328872501475753,-0.28708333828187355,-0.32078666523533045,-0.39610534423349997,-0.38113017778990566,-0.3694246287326534,-0.2751579580367754,-0.2900883232983121,-0.2955781683826058,-0.3888554871521795,-0.41265547100857053,-0.2943754514063852,-0.3658086479243954,-0.1974962837823839,-0.29359822464770086,-0.374366355591566,-0.47605784166005777,-0.40820915175817407,0.5449215208897721,1.1227307914744915,-0.7634324030510985,-0.337529114616601,0.9989187709831968,-0.7152983355245868,-0.22342026433344614,-1.0134650870965427,-0.7566855024551713,-0.4271559153457235,-0.7376951317802901,0.7376951317802901,-0.4820426798824101,-0.3075623426146228,0.6158384251930635,-0.13085598064755344,-0.2359813632291101,-0.2662958158485814,-0.19611613513818404,-0.19300937626135234,-0.12168146174384352,-0.06715342778730747,-0.03352007615769955,0.5449249778098338,-0.21680296415038888,-0.5118980953829163,0.8505317485662419,-0.40583972495671383,-0.16278112867447064,0.8119223343984152,-0.1699069165076462,-0.2081478487327801,-0.6981970580620328,-0.7376951317802901,0.7376951317802901,-0.7376951317802901,0.7376951317802901,-0.7376951317802901,0.7376951317802901,-0.7376951317802901,0.7376951317802901,-0.4820426798824101,-0.3075623426146228,0.6158384251930635,-0.4820426798824101,-0.3075623426146228,0.6158384251930635,-0.4820426798824101,-0.3075623426146228,0.6158384251930635,-0.13085598064755344,-0.2359813632291101,-0.2662958158485814,-0.19611613513818404,-0.19300937626135234,-0.12168146174384352,-0.06715342778730747,-0.03352007615769955,0.5449249778098338,-0.13085598064755344,-0.2359813632291101,-0.2662958158485814,-0.19611613513818404,-0.19300937626135234,-0.12168146174384352,-0.06715342778730747,-0.03352007615769955,0.5449249778098338,-0.21680296415038888,-0.5118980953829163,0.8505317485662419,-0.40583972495671383,-0.16278112867447064
0,-1.0924951368421656,0.8273772438659699,3.1548090514635256,0.7676298785983874,0.14522889558323893,0.5446511676720712,0.96425644365423,-1.5315413136505371,2.717001301042934,-1.0924951368421656,0.8273772438659699,3.1548090514635256,0.7676298785983874,0.14522889558323893,0.5446511676720712,0.96425644365423,-1.5315413136505371,2.717001301042934,-1.0038373597004242,-0.7171353727774646,0.7678400513106128,-0.011119566337775168,-0.28669200366427305,-0.6365423035322848,-0.5126792782915854,-1.0679505131647973,0.19370519000293476,0.8635041745453002,3.364042462134573,0.9889639986931354,1.2861505910409892,0.7925352191037062,1.3577269342345568,-1.3511866656994136,3.1465381286954575,2.2709141360544107,1.7349819139643663,1.652747762288681,3.3009460692730155,4.226472700943698,-0.3694246287326534,2.7475812480845243,0.07498045644575013,0.25907383362231745,0.9624460102277982,1.4694387837410756,-0.2943754514063852,1.1118782284385929,-0.11321073729278662,0.9008140925976245,0.880637927627216,-0.5019144239909011,0.6916288566560583,0.5449215208897721,1.1227307914744915,-1.107608862589304,2.8930715351340255,0.9989187709831968,-1.086381470456385,3.6391381257763586,-1.0507990843927357,-0.855906515359889,2.6221854613035673,-0.7376951317802901,0.7376951317802901,-0.4820426798824101,-0.3075623426146228,0.6158384251930635,-0.13085598064755344,-0.2359813632291101,-0.2662958158485814,-0.19611613513818404,-0.19300937626135234,-0.12168146174384352,-0.06715342778730747,-0.03352007615769955,0.5449249778098338,4.612483062299524,-0.5118980953829163,-1.175735064194511,-0.40583972495671383,-0.16278112867447064,-1.2316448970959013,-0.1699069165076462,4.804277373453898,-0.6981970580620328,-0.7376951317802901,0.7376951317802901,-0.7376951317802901,0.7376951317802901,-0.7376951317802901,0.7376951317802901,-0.7376951317802901,0.7376951317802901,-0.4820426798824101,-0.3075623426146228,0.6158384251930635,-0.4820426798824101,-0.3075623426146228,0.6158384251930635,-0.4820426798824101,-0.3075623426146228,0.6158384251930635,-0.13085598064755344,-0.2359813632291101,-0.2662958158485814,-0.19611613513818404,-0.19300937626135234,-0.12168146174384352,-0.06715342778730747,-0.03352007615769955,0.5449249778098338,-0.13085598064755344,-0.2359813632291101,-0.2662958158485814,-0.19611613513818404,-0.19300937626135234,-0.12168146174384352,-0.06715342778730747,-0.03352007615769955,0.5449249778098338,4.612483062299524,-0.5118980953829163,-1.175735064194511,-0.40583972495671383,-0.16278112867447064
1,-1.088607253792905,0.8273772438659699,-0.47454519624983954,2.0089333664952354,-0.23725087624760288,0.5446511676720712,0.96425644365423,-1.5315413136505371,0.48939774987729867,-1.088607253792905,0.8273772438659699,-0.47454519624983954,2.0089333664952354,-0.23725087624760288,0.5446511676720712,0.96425644365423,-1.5315413136505371,0.48939774987729867,-1.00244037241559,-0.7130537905435014,-0.3760014818308347,0.3718799967089686,-0.39968921104694066,-0.6330601094650392,-0.5087248882498383,-1.0679505131647973,-0.4069256733431712,0.8635041745453002,-0.4030649954631285,2.3973288194212925,0.18326114945792232,0.7925352191037062,1.3577269342345568,-1.3511866656994136,0.8103958002452226,-0.2328872501475753,-0.28708333828187355,-0.32078666523533045,-0.39610534423349997,-0.38113017778990566,-0.3694246287326534,-0.2751579580367754,1.1701867956779368,0.2732956798275719,2.313747507607776,3.351533038490722,-0.2943754514063852,0.9007801032438802,-0.17805912275252483,0.16875493041500572,0.11144175404151091,-0.5019144239909011,-0.1923918821825511,0.5449215208897721,1.1227307914744915,-1.107608862589304,0.7393377686336078,0.9989187709831968,-1.086381470456385,1.0640991990364888,-1.0507990843927357,-0.855906515359889,0.08106764742915833,-0.7376951317802901,0.7376951317802901,-0.4820426798824101,-0.3075623426146228,0.6158384251930635,-0.13085598064755344,-0.2359813632291101,-0.2662958158485814,-0.19611613513818404,-0.19300937626135234,-0.12168146174384352,-0.06715342778730747,-0.03352007615769955,0.5449249778098338,4.612483062299524,-0.5118980953829163,-1.175735064194511,-0.40583972495671383,-0.16278112867447064,-1.2316448970959013,-0.1699069165076462,-0.2081478487327801,1.4322604033532795,-0.7376951317802901,0.7376951317802901,-0.7376951317802901,0.7376951317802901,-0.7376951317802901,0.7376951317802901,-0.7376951317802901,0.7376951317802901,-0.4820426798824101,-0.3075623426146228,0.6158384251930635,-0.4820426798824101,-0.3075623426146228,0.6158384251930635,-0.4820426798824101,-0.3075623426146228,0.6158384251930635,-0.13085598064755344,-0.2359813632291101,-0.2662958158485814,-0.19611613513818404,-0.19300937626135234,-0.12168146174384352,-0.06715342778730747,-0.03352007615769955,0.5449249778098338,-0.13085598064755344,-0.2359813632291101,-0.2662958158485814,-0.19611613513818404,-0.19300937626135234,-0.12168146174384352,-0.06715342778730747,-0.03352007615769955,0.5449249778098338,4.612483062299524,-0.5118980953829163,-1.175735064194511,-0.40583972495671383,-0.16278112867447064
1,-1.0847193707436447,-1.5661069258891576,-0.47454519624983954,0.7676298785983874,0.4673171244934215,-1.8792661492571456,-0.5095104222433947,-0.1524576244513169,-0.0675031379141101,-1.0847193707436447,-1.5661069258891576,-0.47454519624983954,0.7676298785983874,0.4673171244934215,-1.8792661492571456,-0.5095104222433947,-0.1524576244513169,-0.0675031379141101,-1.001034944119971,-1.1633883636907858,-0.3760014818308347,-0.006532745223442907,-0.1869352395222711,-1.187590929382802,-0.8545721598464348,-0.7124991216380985,-0.5568548386228689,-1.4609134070857044,-0.4030649954631285,0.0500541182076973,0.08651646159975855,-1.6745420808165796,-0.9942108085507874,-0.7820978833131326,-0.5523538913507477,-0.2328872501475753,-0.28708333828187355,-0.32078666523533045,-0.39610534423349997,-0.38113017778990566,-0.3694246287326534,-0.2751579580367754,0.07498045644575013,0.4866233729063885,-0.33421706368809756,0.4725028221561908,0.5613783078206596,0.056387602465029836,-0.02620630220675072,-0.5161493776064675,0.3489522731304483,0.2091415901072917,0.015124723178624856,-1.8409560124108695,-1.2264776641471424,-1.0519432419144858,-0.8324206013962827,-0.7538678336953983,-0.3882924910983312,-0.26165318579788244,-0.45345512765364804,-0.06213841212214652,-0.23657207930514282,1.3555735383351193,-1.3555735383351195,-0.4820426798824101,-0.3075623426146228,0.6158384251930635,-0.13085598064755344,-0.2359813632291101,-0.2662958158485814,-0.19611613513818404,5.181095444015676,-0.12168146174384352,-0.06715342778730747,-0.03352007615769955,-1.8351149988007645,-0.21680296415038888,-0.5118980953829163,-1.175735064194511,2.4640269015229057,-0.16278112867447064,-1.2316448970959013,-0.1699069165076462,-0.2081478487327801,1.4322604033532795,1.3555735383351193,-1.3555735383351195,1.3555735383351193,-1.3555735383351195,1.3555735383351193,-1.3555735383351195,1.3555735383351193,-1.3555735383351195,-0.4820426798824101,-0.3075623426146228,0.6158384251930635,-0.4820426798824101,-0.3075623426146228,0.6158384251930635,-0.4820426798824101,-0.3075623426146228,0.6158384251930635,-0.13085598064755344,-0.2359813632291101,-0.2662958158485814,-0.19611613513818404,5.181095444015676,-0.12168146174384352,-0.06715342778730747,-0.03352007615769955,-1.8351149988007645,-0.13085598064755344,-0.2359813632291101,-0.2662958158485814,-0.19611613513818404,5.181095444015676,-0.12168146174384352,-0.06715342778730747,-0.03352007615769955,-1.8351149988007645,-0.21680296415038888,-0.5118980953829163,-1.175735064194511,2.4640269015229057,-0.16278112867447064
0,-1.0808314876943843,0.8273772438659699,0.4327933656785018,4.491540342288931,-0.09633727609939802,0.5446511676720712,-0.5095104222433947,1.2266260647479035,2.160100413251525,-1.0808314876943843,0.8273772438659699,0.4327933656785018,4.491540342288931,-0.09633727609939802,0.5446511676720712,-0.5095104222433947,1.2266260647479035,2.160100413251525,-0.9996210748135678,-0.7048906260755747,-0.08484181884937532,1.151639586145453,-0.35557858370269546,-0.6260957213305481,-0.8527123905330609,-0.3527908272188643,0.05931746258759598,0.8635041745453002,0.5387118689362969,5.214058460877607,0.5895888384622101,0.7925352191037062,-0.11969588642374947,2.0633460286182723,2.5625025465828988,-0.07639966350995119,1.7349819139643663,0.020786601066902312,0.5281575091431288,0.16061446244642888,1.3294519864972518,0.3725718718463603,5.551012152606683,1.240381221784874,5.016350502367731,3.127977701650475,6.551654622409973,4.700546356748707,-0.15902690257745447,0.4384609375349179,-0.18416299324592447,0.19621329894187,0.23094199275424784,0.5449215208897721,-0.14575511629852972,1.64580281371634,2.354638093508921,-0.7538678336953983,0.3097964882597226,0.94940043464318,1.3385767425636153,3.9067021040665657,1.7963221717943845,1.3555735383351193,-1.3555735383351195,-0.4820426798824101,-0.3075623426146228,0.6158384251930635,-0.13085598064755344,-0.2359813632291101,-0.2662958158485814,-0.19611613513818404,-0.19300937626135234,-0.12168146174384352,-0.06715342778730747,-0.03352007615769955,0.5449249778098338,-0.21680296415038888,-0.5118980953829163,-1.175735064194511,2.4640269015229057,-0.16278112867447064,-1.2316448970959013,-0.1699069165076462,4.804277373453898,-0.6981970580620328,1.3555735383351193,-1.3555735383351195,1.3555735383351193,-1.3555735383351195,1.3555735383351193,-1.3555735383351195,1.3555735383351193,-1.3555735383351195,-0.4820426798824101,-0.3075623426146228,0.6158384251930635,-0.4820426798824101,-0.3075623426146228,0.6158384251930635,-0.4820426798824101,-0.3075623426146228,0.6158384251930635,-0.13085598064755344,-0.2359813632291101,-0.2662958158485814,-0.19611613513818404,-0.19300937626135234,-0.12168146174384352,-0.06715342778730747,-0.03352007615769955,0.5449249778098338,-0.13085598064755344,-0.2359813632291101,-0.2662958158485814,-0.19611613513818404,-0.19300937626135234,-0.12168146174384352,-0.06715342778730747,-0.03352007615769955,0.5449249778098338,-0.21680296415038888,-0.5118980953829163,-1.175735064194511,2.4640269015229057,-0.16278112867447064
0,-1.076943604645124,-1.5661069258891576,-0.47454519624983954,-0.4736736092984604,-0.13659830471317083,0.5446511676720712,0.96425644365423,0.8818551424480984,-0.6244040257055189,-1.076943604645124,-1.5661069258891576,-0.47454519624983954,-0.4736736092984604,-0.13659830471317083,0.5446511676720712,0.96425644365423,0.8818551424480984,-0.6244040257055189,-0.99819876449638,-1.1606673088681436,-0.3760014818308347,-0.3895323082701867,-0.36686016684748185,-0.6226135272633025,-0.4968617181245967,-0.4384609979311375,-0.7076982061298818,-1.4609134070857044,-0.4030649954631285,-0.4194008220350217,-0.49395166554922404,-0.8746533061339944,-0.5017365349980186,-0.35528129652342183,-0.7470324187216006,-0.2328872501475753,-0.28708333828187355,-0.32078666523533045,-0.39610534423349997,-0.38113017778990566,-0.3694246287326534,-0.2751579580367754,-0.2900883232983121,-0.2955781683826058,-0.3888554871521795,-0.41265547100857053,-0.2943754514063852,-0.3658086479243954,-0.16504316670574418,0.36140207835780014,0.3138617997219596,0.06369831449629769,-0.33765350593537424,0.5449215208897721,1.1227307914744915,1.3016263541781348,-0.337529114616601,0.9989187709831968,1.5112004740662026,-0.22342026433344614,0.7785667831207204,-0.16135942502686434,-0.4271559153457235,-0.7376951317802901,0.7376951317802901,-0.4820426798824101,-0.3075623426146228,0.6158384251930635,-0.13085598064755344,-0.2359813632291101,-0.2662958158485814,-0.19611613513818404,-0.19300937626135234,-0.12168146174384352,-0.06715342778730747,-0.03352007615769955,0.5449249778098338,-0.21680296415038888,-0.5118980953829163,0.8505317485662419,-0.40583972495671383,-0.16278112867447064,0.8119223343984152,-0.1699069165076462,-0.2081478487327801,-0.6981970580620328,-0.7376951317802901,0.7376951317802901,-0.7376951317802901,0.7376951317802901,-0.7376951317802901,0.7376951317802901,-0.7376951317802901,0.7376951317802901,-0.4820426798824101,-0.3075623426146228,0.6158384251930635,-0.4820426798824101,-0.3075623426146228,0.6158384251930635,-0.4820426798824101,-0.3075623426146228,0.6158384251930635,-0.13085598064755344,-0.2359813632291101,-0.2662958158485814,-0.19611613513818404,-0.19300937626135234,-0.12168146174384352,-0.06715342778730747,-0.03352007615769955,0.5449249778098338,-0.13085598064755344,-0.2359813632291101,-0.2662958158485814,-0.19611613513818404,-0.19300937626135234,-0.12168146174384352,-0.06715342778730747,-0.03352007615769955,0.5449249778098338,-0.21680296415038888,-0.5118980953829163,0.8505317485662419,-0.40583972495671383,-0.16278112867447064
0,-1.0730557215958636,0.8273772438659699,-0.47454519624983954,-0.4736736092984604,0.4874476388003079,0.5446511676720712,0.96425644365423,-0.1524576244513169,3.2739021888343425,-1.0730557215958636,0.8273772438659699,-0.47454519624983954,-0.4736736092984604,0.4874476388003079,0.5446511676720712,0.96425644365423,-0.1524576244513169,3.2739021888343425,-0.9967680131684077,-0.6967274616076482,-0.3760014818308347,-0.3895323082701867,-0.17478305189042723,-0.619131333196057,-0.4929073280828495,-0.7061137672992955,0.38111664660255684,0.8635041745453002,-0.4030649954631285,-0.4194008220350217,2.2729464071942593,0.7925352191037062,1.3577269342345568,0.3560796814594294,3.730573710808016,-0.2328872501475753,-0.28708333828187355,-0.32078666523533045,-0.39610534423349997,-0.38113017778990566,-0.3694246287326534,-0.2751579580367754,-0.2900883232983121,-0.2955781683826058,-0.3888554871521795,-0.41265547100857053,-0.2943754514063852,-0.3658086479243954,-0.019785097223672273,1.5558143956031254,1.5688660829407417,0.22206988127271338,1.4179369754201743,0.5449215208897721,1.1227307914744915,0.2690969755635181,3.43150497675913,0.9989187709831968,0.3979510692708079,4.282897857461326,-0.45345512765364804,2.319165897591081,3.575104641506471,-0.7376951317802901,0.7376951317802901,-0.4820426798824101,-0.3075623426146228,0.6158384251930635,-0.13085598064755344,-0.2359813632291101,-0.2662958158485814,-0.19611613513818404,-0.19300937626135234,-0.12168146174384352,-0.06715342778730747,-0.03352007615769955,0.5449249778098338,-0.21680296415038888,-0.5118980953829163,0.8505317485662419,-0.40583972495671383,-0.16278112867447064,0.8119223343984152,-0.1699069165076462,-0.2081478487327801,-0.6981970580620328,-0.7376951317802901,0.7376951317802901,-0.7376951317802901,0.7376951317802901,-0.7376951317802901,0.7376951317802901,-0.7376951317802901,0.7376951317802901,-0.4820426798824101,-0.3075623426146228,0.6158384251930635,-0.4820426798824101,-0.3075623426146228,0.6158384251930635,-0.4820426798824101,-0.3075623426146228,0.6158384251930635,-0.13085598064755344,-0.2359813632291101,-0.2662958158485814,-0.19611613513818404,-0.19300937626135234,-0.12168146174384352,-0.06715342778730747,-0.03352007615769955,0.5449249778098338,-0.13085598064755344,-0.2359813632291101,-0.2662958158485814,-0.19611613513818404,-0.19300937626135234,-0.12168146174384352,-0.06715342778730747,-0.03352007615769955,0.5449249778098338,-0.21680296415038888,-0.5118980953829163,0.8505317485662419,-0.40583972495671383,-0.16278112867447064
0,-1.0691678385466032,-1.5661069258891576,-0.47454519624983954,-0.4736736092984604,0.02444580974192045,-1.8194778495589943,0.96425644365423,1.5713969870477085,-0.6244040257055189,-1.0691678385466032,-1.5661069258891576,-0.47454519624983954,-0.4736736092984604,0.02444580974192045,-1.8194778495589943,0.96425644365423,1.5713969870477085,-0.6244040257055189,-0.9953288208296509,-1.1579462540455014,-0.3760014818308347,-0.3895323082701867,-0.3154219517371696,-1.1729341204291492,-0.4889529380411023,-0.24902881921331596,-0.7058698016752513,-1.4609134070857044,-0.4030649954631285,-0.4194008220350217,-0.33916016497616197,-1.6548120390977903,-0.5017365349980186,-0.07073690533028135,-0.7470324187216006,-0.2328872501475753,-0.28708333828187355,-0.32078666523533045,-0.39610534423349997,-0.38113017778990566,-0.3694246287326534,-0.2751579580367754,-0.2900883232983121,-0.2955781683826058,-0.3888554871521795,-0.41265547100857053,-0.2943754514063852,-0.3658086479243954,-0.13820137290260545,-0.5203290987649897,0.6377338728106775,0.45801119504165916,-0.3044508490775861,-1.83504312030046,-1.1185073825585012,-0.9090455205480316,-0.8414475920349679,0.9989187709831968,2.2533667439297993,-0.22342026433344614,1.973254696598896,0.0370826007825713,-0.4271559153457235,-0.7376951317802901,0.7376951317802901,-0.4820426798824101,-0.3075623426146228,0.6158384251930635,-0.13085598064755344,4.237622777986573,-0.2662958158485814,-0.19611613513818404,-0.19300937626135234,-0.12168146174384352,-0.06715342778730747,-0.03352007615769955,-1.8351149988007645,-0.21680296415038888,-0.5118980953829163,0.8505317485662419,-0.40583972495671383,-0.16278112867447064,0.8119223343984152,-0.1699069165076462,-0.2081478487327801,-0.6981970580620328,-0.7376951317802901,0.7376951317802901,-0.7376951317802901,0.7376951317802901,-0.7376951317802901,0.7376951317802901,-0.7376951317802901,0.7376951317802901,-0.4820426798824101,-0.3075623426146228,0.6158384251930635,-0.4820426798824101,-0.3075623426146228,0.6158384251930635,-0.4820426798824101,-0.3075623426146228,0.6158384251930635,-0.13085598064755344,4.237622777986573,-0.2662958158485814,-0.19611613513818404,-0.19300937626135234,-0.12168146174384352,-0.06715342778730747,-0.03352007615769955,-1.8351149988007645,-0.13085598064755344,4.237622777986573,-0.2662958158485814,-0.19611613513818404,-0.19300937626135234,-0.12168146174384352,-0.06715342778730747,-0.03352007615769955,-1.8351149988007645,-0.21680296415038888,-0.5118980953829163,0.8505317485662419,-0.40583972495671383,-0.16278112867447064
0,-1.065279955497343,0.8273772438659699,3.1548090514635256,0.7676298785983874,-0.056076247485625196,0.5446511676720712,-1.5366812681720423,-1.5315413136505371,2.160100413251525,-1.065279955497343,0.8273772438659699,3.1548090514635256,0.7676298785983874,-0.056076247485625196,0.5446511676720712,-1.5366812681720423,-1.5315413136505371,2.160100413251525,-0.9938811874801097,-0.6885642971397216,0.8163666618075227,0.004934307562387745,-0.33918219919644643,-0.6121669450615659,-1.096373907262742,-1.0679505131647973,0.0812583160431615,0.8635041745453002,3.364042462134573,0.9889639986931354,0.7056824638920066,0.7925352191037062,-1.1494148220340843,-1.3511866656994136,2.5625025465828988,2.2709141360544107,1.7349819139643663,1.1467132936927806,3.3009460692730155,0.08480719196967215,-0.3694246287326534,2.3157613614957673,0.07498045644575013,0.11685537156977305,0.9624460102277982,-0.22233133288781978,-0.2943754514063852,0.9007801032438802,-0.15254784890083478,0.5155197967120356,-0.5795156603148972,-0.5019144239909011,0.28074597804093004,0.5449215208897721,-1.0298513550494233,-1.107608862589304,2.354638093508921,-1.2286533543751765,-1.086381470456385,-0.4765842037601188,-1.0507990843927357,-0.855906515359889,1.7963221717943845,-0.7376951317802901,0.7376951317802901,-0.4820426798824101,3.2513733362117265,-1.6238025415294657,-0.13085598064755344,-0.2359813632291101,-0.2662958158485814,-0.19611613513818404,-0.19300937626135234,-0.12168146174384352,-0.06715342778730747,-0.03352007615769955,0.5449249778098338,4.612483062299524,-0.5118980953829163,-1.175735064194511,-0.40583972495671383,-0.16278112867447064,-1.2316448970959013,-0.1699069165076462,4.804277373453898,-0.6981970580620328,-0.7376951317802901,0.7376951317802901,-0.7376951317802901,0.7376951317802901,-0.7376951317802901,0.7376951317802901,-0.7376951317802901,0.7376951317802901,-0.4820426798824101,3.2513733362117265,-1.6238025415294657,-0.4820426798824101,3.2513733362117265,-1.6238025415294657,-0.4820426798824101,3.2513733362117265,-1.6238025415294657,-0.13085598064755344,-0.2359813632291101,-0.2662958158485814,-0.19611613513818404,-0.19300937626135234,-0.12168146174384352,-0.06715342778730747,-0.03352007615769955,0.5449249778098338,-0.13085598064755344,-0.2359813632291101,-0.2662958158485814,-0.19611613513818404,-0.19300937626135234,-0.12168146174384352,-0.06715342778730747,-0.03352007615769955,0.5449249778098338,4.612483062299524,-0.5118980953829163,-1.175735064194511,-0.40583972495671383,-0.16278112867447064
1,-1.0613920724480825,0.8273772438659699,0.4327933656785018,0.7676298785983874,-0.4184255050095806,0.5446511676720712,-0.5095104222433947,-1.5315413136505371,0.48939774987729867,-1.0613920724480825,0.8273772438659699,0.4327933656785018,0.7676298785983874,-0.4184255050095806,0.5446511676720712,-0.5095104222433947,-1.5315413136505371,0.48939774987729867,-0.9924251131197839,-0.6844827149057583,-0.07617635268921283,0.007227718119553876,-0.45109115097029223,-0.6086847509943203,-0.8434135439661915,-1.0679505131647973,-0.38772742656955134,0.8635041745453002,0.5387118689362969,0.9889639986931354,-0.33916016497616197,0.7925352191037062,-0.11969588642374947,-1.3511866656994136,0.8103958002452226,-0.07639966350995119,0.2184329747796864,-0.18162718637145783,0.5281575091431288,0.16061446244642888,-0.3694246287326534,0.048706956904792466,0.07498045644575013,-0.13913786012480694,0.9624460102277982,0.4725028221561908,-0.2943754514063852,0.26748572765974243,-0.19419890825053282,-0.1780099358820242,-0.4888002883181375,-0.5019144239909011,-0.3044508490775861,0.5449215208897721,-0.14575511629852972,-1.107608862589304,0.7393377686336078,-0.7538678336953983,-1.086381470456385,0.04111021931238319,-1.0507990843927357,-0.855906515359889,0.08106764742915833,1.3555735383351193,-1.3555735383351195,-0.4820426798824101,-0.3075623426146228,0.6158384251930635,-0.13085598064755344,-0.2359813632291101,-0.2662958158485814,-0.19611613513818404,-0.19300937626135234,-0.12168146174384352,-0.06715342778730747,-0.03352007615769955,0.5449249778098338,-0.21680296415038888,1.9535138126504805,-1.175735064194511,-0.40583972495671383,-0.16278112867447064,-1.2316448970959013,-0.1699069165076462,-0.2081478487327801,1.4322604033532795,1.3555735383351193,-1.3555735383351195,1.3555735383351193,-1.3555735383351195,1.3555735383351193,-1.3555735383351195,1.3555735383351193,-1.3555735383351195,-0.4820426798824101,-0.3075623426146228,0.6158384251930635,-0.4820426798824101,-0.3075623426146228,0.6158384251930635,-0.4820426798824101,-0.3075623426146228,0.6158384251930635,-0.13085598064755344,-0.2359813632291101,-0.2662958158485814,-0.19611613513818404,-0.19300937626135234,-0.12168146174384352,-0.06715342778730747,-0.03352007615769955,0.5449249778098338,-0.13085598064755344,-0.2359813632291101,-0.2662958158485814,-0.19611613513818404,-0.19300937626135234,-0.12168146174384352,-0.06715342778730747,-0.03352007615769955,0.5449249778098338,-0.21680296415038888,1.9535138126504805,-1.175735064194511,-0.40583972495671383,-0.16278112867447064
0,-1.0575041893988222,0.8273772438659699,-0.47454519624983954,-0.4736736092984604,-0.4989475622371262,0.5446511676720712,0.96425644365423,-0.841999469050927,-0.6244040257055189,-1.0575041893988222,0.8273772438659699,-0.47454519624983954,-0.4736736092984604,-0.4989475622371262,0.5446511676720712,0.96425644365423,-0.841999469050927,-0.6244040257055189,-0.9909605977486735,-0.6804011326717949,-0.3760014818308347,-0.3895323082701867,-0.4759396540383909,-0.6052025569270747,-0.4770897679158607,-0.8827752373395111,-0.7031271949933056,0.8635041745453002,-0.4030649954631285,-0.4194008220350217,-0.571347415835755,0.7925352191037062,1.3577269342345568,-0.4975534921199921,-0.3576753639798948,-0.2328872501475753,-0.28708333828187355,-0.32078666523533045,-0.39610534423349997,-0.38113017778990566,-0.3694246287326534,-0.2751579580367754,-0.2900883232983121,-0.2955781683826058,-0.3888554871521795,-0.41265547100857053,-0.2943754514063852,-0.3658086479243954,-0.19836401418550262,-0.33212765423625973,-0.41485036472765574,-0.45666540491192525,-0.4123594838653976,0.5449215208897721,1.1227307914744915,-0.41925594351289297,-0.337529114616601,0.9989187709831968,-0.34421520059278854,-0.22342026433344614,-0.9014630952079639,-0.6574644895504534,-0.4271559153457235,-0.7376951317802901,0.7376951317802901,-0.4820426798824101,-0.3075623426146228,0.6158384251930635,-0.13085598064755344,-0.2359813632291101,-0.2662958158485814,-0.19611613513818404,-0.19300937626135234,-0.12168146174384352,-0.06715342778730747,-0.03352007615769955,0.5449249778098338,-0.21680296415038888,-0.5118980953829163,0.8505317485662419,-0.40583972495671383,-0.16278112867447064,0.8119223343984152,-0.1699069165076462,-0.2081478487327801,-0.6981970580620328,-0.7376951317802901,0.7376951317802901,-0.7376951317802901,0.7376951317802901,-0.7376951317802901,0.7376951317802901,-0.7376951317802901,0.7376951317802901,-0.4820426798824101,-0.3075623426146228,0.6158384251930635,-0.4820426798824101,-0.3075623426146228,0.6158384251930635,-0.4820426798824101,-0.3075623426146228,0.6158384251930635,-0.13085598064755344,-0.2359813632291101,-0.2662958158485814,-0.19611613513818404,-0.19300937626135234,-0.12168146174384352,-0.06715342778730747,-0.03352007615769955,0.5449249778098338,-0.13085598064755344,-0.2359813632291101,-0.2662958158485814,-0.19611613513818404,-0.19300937626135234,-0.12168146174384352,-0.06715342778730747,-0.03352007615769955,0.5449249778098338,-0.21680296415038888,-0.5118980953829163,0.8505317485662419,-0.40583972495671383,-0.16278112867447064
0,-1.0536163063495618,-1.5661069258891576,-0.47454519624983954,-0.4736736092984604,-0.03594573317873878,-1.9265985531848488,-1.1168810094012038,1.5713969870477085,-0.6244040257055189,-1.0536163063495618,-1.5661069258891576,-0.47454519624983954,-0.4736736092984604,-0.03594573317873878,-1.9265985531848488,-1.1168810094012038,1.5713969870477085,-0.6244040257055189,-0.9894876413667788,-1.1525041444002169,-0.3760014818308347,-0.3895323082701867,-0.3296781002127357,-1.1978829763448682,-0.9907605912039434,-0.22987275619690706,-0.7022129927659904,-1.4609134070857044,-0.4030649954631285,-0.4194008220350217,-0.3972069776910602,-1.6901616971772877,-1.1971699031058678,-0.07073690533028135,-0.7470324187216006,-0.2328872501475753,-0.28708333828187355,-0.32078666523533045,-0.39610534423349997,-0.38113017778990566,-0.3694246287326534,-0.2751579580367754,-0.2900883232983121,-0.2955781683826058,-0.3888554871521795,-0.41265547100857053,-0.2943754514063852,-0.3658086479243954,-0.1491347759819012,-0.5767553344050389,-0.3921715217284658,0.3707452296750628,-0.31690184539925664,-1.8437381397128192,-1.2589233365057262,-1.0404028083599504,-0.8642805683563481,-1.1087392780725651,-0.24474347742487473,-0.7049484103449949,1.973254696598896,0.0370826007825713,-0.4271559153457235,-0.7376951317802901,0.7376951317802901,2.0745051044939435,-0.3075623426146228,-1.6238025415294657,7.64198926981712,-0.2359813632291101,-0.2662958158485814,-0.19611613513818404,-0.19300937626135234,-0.12168146174384352,-0.06715342778730747,-0.03352007615769955,-1.8351149988007645,-0.21680296415038888,-0.5118980953829163,0.8505317485662419,-0.40583972495671383,-0.16278112867447064,0.8119223343984152,-0.1699069165076462,-0.2081478487327801,-0.6981970580620328,-0.7376951317802901,0.7376951317802901,-0.7376951317802901,0.7376951317802901,-0.7376951317802901,0.7376951317802901,-0.7376951317802901,0.7376951317802901,2.0745051044939435,-0.3075623426146228,-1.6238025415294657,2.0745051044939435,-0.3075623426146228,-1.6238025415294657,2.0745051044939435,-0.3075623426146228,-1.6238025415294657,7.64198926981712,-0.2359813632291101,-0.2662958158485814,-0.19611613513818404,-0.19300937626135234,-0.12168146174384352,-0.06715342778730747,-0.03352007615769955,-1.8351149988007645,7.64198926981712,-0.2359813632291101,-0.2662958158485814,-0.19611613513818404,-0.19300937626135234,-0.12168146174384352,-0.06715342778730747,-0.03352007615769955,-1.8351149988007645,-0.21680296415038888,-0.5118980953829163,0.8505317485662419,-0.40583972495671383,-0.16278112867447064
0,-1.0497284233003012,0.8273772438659699,0.4327933656785018,0.7676298785983874,-0.4989475622371262,0.5446511676720712,0.96425644365423,-1.1867703913507321,-0.6244040257055189,-1.0497284233003012,0.8273772438659699,0.4327933656785018,0.7676298785983874,-0.4989475622371262,0.5446511676720712,0.96425644365423,-1.1867703913507321,-0.6244040257055189,-0.9880062439740995,-0.6722379682038684,-0.07097707299311534,0.014107949791052267,-0.47543180142094066,-0.5982381687925836,-0.4691809878323663,-0.9742986495290205,-0.7012987905386752,0.8635041745453002,0.5387118689362969,0.9889639986931354,-0.571347415835755,0.7925352191037062,1.3577269342345568,-0.9243700789097029,-0.3576753639798948,-0.07639966350995119,0.2184329747796864,-0.2322306332310479,0.5281575091431288,0.770770541893495,-0.15706505182891523,-0.16720298638958608,0.07498045644575013,-0.1960252449458247,0.9624460102277982,1.4694387837410756,-0.080437011599624,-0.15471052272968278,-0.19836401418550262,-0.33212765423625973,-0.41485036472765574,-0.4792899144514132,-0.4123594838653976,0.5449215208897721,1.1227307914744915,-0.7634324030510985,-0.337529114616601,0.9989187709831968,-0.7152983355245868,-0.22342026433344614,-1.0134650870965427,-0.7566855024551713,-0.4271559153457235,-0.7376951317802901,0.7376951317802901,-0.4820426798824101,-0.3075623426146228,0.6158384251930635,-0.13085598064755344,-0.2359813632291101,-0.2662958158485814,-0.19611613513818404,-0.19300937626135234,-0.12168146174384352,-0.06715342778730747,-0.03352007615769955,0.5449249778098338,-0.21680296415038888,-0.5118980953829163,0.8505317485662419,-0.40583972495671383,-0.16278112867447064,-1.2316448970959013,-0.1699069165076462,-0.2081478487327801,1.4322604033532795,-0.7376951317802901,0.7376951317802901,-0.7376951317802901,0.7376951317802901,-0.7376951317802901,0.7376951317802901,-0.7376951317802901,0.7376951317802901,-0.4820426798824101,-0.3075623426146228,0.6158384251930635,-0.4820426798824101,-0.3075623426146228,0.6158384251930635,-0.4820426798824101,-0.3075623426146228,0.6158384251930635,-0.13085598064755344,-0.2359813632291101,-0.2662958158485814,-0.19611613513818404,-0.19300937626135234,-0.12168146174384352,-0.06715342778730747,-0.03352007615769955,0.5449249778098338,-0.13085598064755344,-0.2359813632291101,-0.2662958158485814,-0.19611613513818404,-0.19300937626135234,-0.12168146174384352,-0.06715342778730747,-0.03352007615769955,0.5449249778098338,-0.21680296415038888,-0.5118980953829163,0.8505317485662419,-0.40583972495671383,-0.16278112867447064
0,-1.045840540251041,0.8273772438659699,2.2474704895351842,0.7676298785983874,-0.13659830471317083,0.5446511676720712,0.96425644365423,0.8818551424480984,1.6031995254601163,-1.045840540251041,0.8273772438659699,2.2474704895351842,0.7676298785983874,-0.13659830471317083,0.5446511676720712,0.96425644365423,0.8818551424480984,1.6031995254601163,-0.9865164055706357,-0.668156385969905,0.5442710243784208,0.016401360348218395,-0.35960512945533624,-0.594755974725338,-0.4652265977906191,-0.4086626776833903,-0.053129411372177276,0.8635041745453002,2.4222655977351475,0.9889639986931354,0.4734952130324136,0.7925352191037062,1.3577269342345568,1.6365294418285616,1.9784669644703399,1.1755010295910417,1.2294656009028064,0.6280279633819829,2.3766832158963864,3.0745719812602963,4.090126486245849,1.3441666166710637,0.07498045644575013,0.059967986748755274,0.9624460102277982,1.4694387837410756,1.2031936272409431,0.6896819780491676,-0.16504316670574418,0.36140207835780014,0.3138617997219596,0.06369831449629769,0.07737970478697764,0.5449215208897721,1.1227307914744915,1.3016263541781348,1.8162046518838164,0.9989187709831968,1.5112004740662026,2.3516186624064237,0.7785667831207204,2.6168289363052346,1.097514772978922,-0.7376951317802901,0.7376951317802901,-0.4820426798824101,-0.3075623426146228,0.6158384251930635,-0.13085598064755344,-0.2359813632291101,-0.2662958158485814,-0.19611613513818404,-0.19300937626135234,-0.12168146174384352,-0.06715342778730747,-0.03352007615769955,0.5449249778098338,4.612483062299524,-0.5118980953829163,-1.175735064194511,-0.40583972495671383,-0.16278112867447064,-1.2316448970959013,-0.1699069165076462,4.804277373453898,-0.6981970580620328,-0.7376951317802901,0.7376951317802901,-0.7376951317802901,0.7376951317802901,-0.7376951317802901,0.7376951317802901,-0.7376951317802901,0.7376951317802901,-0.4820426798824101,-0.3075623426146228,0.6158384251930635,-0.4820426798824101,-0.3075623426146228,0.6158384251930635,-0.4820426798824101,-0.3075623426146228,0.6158384251930635,-0.13085598064755344,-0.2359813632291101,-0.2662958158485814,-0.19611613513818404,-0.19300937626135234,-0.12168146174384352,-0.06715342778730747,-0.03352007615769955,0.5449249778098338,-0.13085598064755344,-0.2359813632291101,-0.2662958158485814,-0.19611613513818404,-0.19300937626135234,-0.12168146174384352,-0.06715342778730747,-0.03352007615769955,0.5449249778098338,4.612483062299524,-0.5118980953829163,-1.175735064194511,-0.40583972495671383,-0.16278112867447064
0,-1.0419526572017805,-1.5661069258891576,-0.47454519624983954,-0.4736736092984604,-0.07620676179251161,-1.747233654090395,-1.3133832581875537,1.5713969870477085,-0.6244040257055189,-1.0419526572017805,-1.5661069258891576,-0.47454519624983954,-0.4736736092984604,-0.07620676179251161,-1.747233654090395,-1.3133832581875537,1.5713969870477085,-0.6244040257055189,-0.9850181261563875,-1.1484225621662536,-0.3760014818308347,-0.3895323082701867,-0.33932729994428934,-1.1536446884018134,-1.0374833281177493,-0.21550570893460036,-0.6994703860840447,-1.4609134070857044,-0.4030649954631285,-0.4194008220350217,-0.43590485283432573,-1.6309715720209197,-1.2628331395795704,-0.07073690533028135,-0.7470324187216006,-0.2328872501475753,-0.28708333828187355,-0.32078666523533045,-0.39610534423349997,-0.38113017778990566,-0.3694246287326534,-0.2751579580367754,-0.2900883232983121,-0.2955781683826058,-0.3888554871521795,-0.41265547100857053,-0.2943754514063852,-0.3658086479243954,-0.15584522443268586,-0.5018243332722597,-0.49263424744980566,0.3125679194306652,-0.32520250961370367,-1.8243260033503432,-1.2317507019144973,-0.8204557217911562,-0.8260486080042697,-1.177626087863427,-0.4806165455356165,-0.7504145872216218,1.973254696598896,0.0370826007825713,-0.4271559153457235,1.3555735383351193,-1.3555735383351195,2.0745051044939435,-0.3075623426146228,-1.6238025415294657,-0.13085598064755344,-0.2359813632291101,3.755222352305419,-0.19611613513818404,-0.19300937626135234,-0.12168146174384352,-0.06715342778730747,-0.03352007615769955,-1.8351149988007645,-0.21680296415038888,1.9535138126504805,-1.175735064194511,-0.40583972495671383,-0.16278112867447064,0.8119223343984152,-0.1699069165076462,-0.2081478487327801,-0.6981970580620328,1.3555735383351193,-1.3555735383351195,1.3555735383351193,-1.3555735383351195,1.3555735383351193,-1.3555735383351195,1.3555735383351193,-1.3555735383351195,2.0745051044939435,-0.3075623426146228,-1.6238025415294657,2.0745051044939435,-0.3075623426146228,-1.6238025415294657,2.0745051044939435,-0.3075623426146228,-1.6238025415294657,-0.13085598064755344,-0.2359813632291101,3.755222352305419,-0.19611613513818404,-0.19300937626135234,-0.12168146174384352,-0.06715342778730747,-0.03352007615769955,-1.8351149988007645,-0.13085598064755344,-0.2359813632291101,3.755222352305419,-0.19611613513818404,-0.19300937626135234,-0.12168146174384352,-0.06715342778730747,-0.03352007615769955,-1.8351149988007645,-0.21680296415038888,1.9535138126504805,-1.175735064194511,-0.40583972495671383,-0.16278112867447064
0,-1.0380647741525202,-0.3693648410115938,-0.47454519624983954,-0.4736736092984604,-0.37816447639580775,0.5446511676720712,0.96425644365423,0.19231329784848822,-0.6244040257055189,-1.0380647741525202,-0.3693648410115938,-0.47454519624983954,-0.4736736092984604,-0.37816447639580775,0.5446511676720712,0.96425644365423,0.19231329784848822,-0.6244040257055189,-0.9835114057313548,-0.9035276281284554,-0.3760014818308347,-0.3895323082701867,-0.43571047169894356,-0.587791586590847,-0.4573178177071247,-0.5917095020624089,-0.6985561838567295,-0.5892568139740777,-0.4030649954631285,-0.4194008220350217,-0.4746027279775913,-0.04105904351514409,0.42799519961826915,0.0715352902662889,-0.5523538913507477,-0.2328872501475753,-0.28708333828187355,-0.32078666523533045,-0.39610534423349997,-0.38113017778990566,-0.3694246287326534,-0.2751579580367754,-0.2900883232983121,-0.2955781683826058,-0.3888554871521795,-0.41265547100857053,-0.2943754514063852,-0.3658086479243954,-0.19142217096055295,-0.10095107670490644,-0.17194630991111728,-0.2918296925527987,-0.38745749122205647,0.5449215208897721,1.1227307914744915,0.6132734351017236,-0.337529114616601,0.9989187709831968,0.7690342042026062,-0.22342026433344614,-0.1174491519879112,-0.3598014508363,-0.4271559153457235,-0.7376951317802901,0.7376951317802901,-0.4820426798824101,-0.3075623426146228,0.6158384251930635,-0.13085598064755344,-0.2359813632291101,-0.2662958158485814,-0.19611613513818404,-0.19300937626135234,-0.12168146174384352,-0.06715342778730747,-0.03352007615769955,0.5449249778098338,-0.21680296415038888,-0.5118980953829163,0.8505317485662419,-0.40583972495671383,-0.16278112867447064,0.8119223343984152,-0.1699069165076462,-0.2081478487327801,-0.6981970580620328,-0.7376951317802901,0.7376951317802901,-0.7376951317802901,0.7376951317802901,-0.7376951317802901,0.7376951317802901,-0.7376951317802901,0.7376951317802901,-0.4820426798824101,-0.3075623426146228,0.6158384251930635,-0.4820426798824101,-0.3075623426146228,0.6158384251930635,-0.4820426798824101,-0.3075623426146228,0.6158384251930635,-0.13085598064755344,-0.2359813632291101,-0.2662958158485814,-0.19611613513818404,-0.19300937626135234,-0.12168146174384352,-0.06715342778730747,-0.03352007615769955,0.5449249778098338,-0.13085598064755344,-0.2359813632291101,-0.2662958158485814,-0.19611613513818404,-0.19300937626135234,-0.12168146174384352,-0.06715342778730747,-0.03352007615769955,0.5449249778098338,-0.21680296415038888,-0.5118980953829163,0.8505317485662419,-0.40583972495671383,-0.16278112867447064
0,-1.0341768911032598,0.8273772438659699,-0.47454519624983954,-0.4736736092984604,-0.6398611623853311,0.5446511676720712,0.96425644365423,0.8818551424480984,1.0462986376687076,-1.0341768911032598,0.8273772438659699,-0.47454519624983954,-0.4736736092984604,-0.6398611623853311,0.5446511676720712,0.96425644365423,0.8818551424480984,1.0462986376687076,-0.9819962442955374,-0.6559116392680151,-0.3760014818308347,-0.3895323082701867,-0.5201228317565575,-0.5843093925236014,-0.4533634276653775,-0.3974883075904851,-0.2039727788791902,0.8635041745453002,-0.4030649954631285,-0.4194008220350217,-0.9776751048400428,0.7925352191037062,1.3577269342345568,1.6365294418285616,1.3944313823577814,-0.2328872501475753,-0.28708333828187355,-0.32078666523533045,-0.39610534423349997,-0.38113017778990566,-0.3694246287326534,-0.2751579580367754,-0.2900883232983121,-0.2955781683826058,-0.3888554871521795,-0.41265547100857053,-0.2943754514063852,-0.3658086479243954,-0.20119860016902374,-0.6018336613561719,-0.698238428680284,-0.5019144239909011,-0.44141180861596224,0.5449215208897721,1.1227307914744915,1.3016263541781348,1.2777712102587122,0.9989187709831968,1.5112004740662026,1.7078589307214564,0.7785667831207204,1.92228184597221,0.52576326485718,-0.7376951317802901,0.7376951317802901,-0.4820426798824101,-0.3075623426146228,0.6158384251930635,-0.13085598064755344,-0.2359813632291101,-0.2662958158485814,-0.19611613513818404,-0.19300937626135234,-0.12168146174384352,-0.06715342778730747,-0.03352007615769955,0.5449249778098338,-0.21680296415038888,-0.5118980953829163,0.8505317485662419,-0.40583972495671383,-0.16278112867447064,0.8119223343984152,-0.1699069165076462,-0.2081478487327801,-0.6981970580620328,-0.7376951317802901,0.7376951317802901,-0.7376951317802901,0.7376951317802901,-0.7376951317802901,0.7376951317802901,-0.7376951317802901,0.7376951317802901,-0.4820426798824101,-0.3075623426146228,0.6158384251930635,-0.4820426798824101,-0.3075623426146228,0.6158384251930635,-0.4820426798824101,-0.3075623426146228,0.6158384251930635,-0.13085598064755344,-0.2359813632291101,-0.2662958158485814,-0.19611613513818404,-0.19300937626135234,-0.12168146174384352,-0.06715342778730747,-0.03352007615769955,0.5449249778098338,-0.13085598064755344,-0.2359813632291101,-0.2662958158485814,-0.19611613513818404,-0.19300937626135234,-0.12168146174384352,-0.06715342778730747,-0.03352007615769955,0.5449249778098338,-0.21680296415038888,-0.5118980953829163,0.8505317485662419,-0.40583972495671383,-0.16278112867447064
0,-1.0302890080539995,0.8273772438659699,6.784163299176891,2.0089333664952354,0.7491443247898313,0.5446511676720712,-0.5095104222433947,0.5370842201482933,4.944604852208569,-1.0302890080539995,0.8273772438659699,6.784163299176891,2.0089333664952354,0.7491443247898313,0.5446511676720712,-0.5095104222433947,0.5370842201482933,4.944604852208569,-0.9804726418489357,-0.6518300570340518,2.13351751815222,0.44068231342395253,-0.06708202180402587,-0.5808271984563558,-0.8285353894592004,-0.4900759455031282,0.9579782520384666,0.8635041745453002,7.131149919732275,2.3973288194212925,3.027554972487937,0.7925352191037062,-0.11969588642374947,1.209712855038851,5.482680457145692,9.782318294660367,7.801177670703085,6.662489001388096,6.99799748277953,3.952826944100771,9.823835062646777,9.224879546915881,1.1701867956779368,1.6670366079425074,2.313747507607776,1.3576611153209521,2.272885826274749,4.278350106359282,0.07421902978085455,2.056696980254391,0.6155099063186347,0.8361637116302436,2.708690260766689,0.5449215208897721,-0.14575511629852972,0.9574498946399291,5.046805301634443,-0.7538678336953983,-0.03924800141930428,2.463217460194508,0.29322481827021163,5.692680336351486,7.196197526277503,1.3555735383351193,-1.3555735383351195,-0.4820426798824101,-0.3075623426146228,0.6158384251930635,-0.13085598064755344,-0.2359813632291101,-0.2662958158485814,-0.19611613513818404,-0.19300937626135234,-0.12168146174384352,-0.06715342778730747,-0.03352007615769955,0.5449249778098338,-0.21680296415038888,1.9535138126504805,-1.175735064194511,-0.40583972495671383,-0.16278112867447064,-1.2316448970959013,5.885575587824865,-0.2081478487327801,-0.6981970580620328,1.3555735383351193,-1.3555735383351195,1.3555735383351193,-1.3555735383351195,1.3555735383351193,-1.3555735383351195,1.3555735383351193,-1.3555735383351195,-0.4820426798824101,-0.3075623426146228,0.6158384251930635,-0.4820426798824101,-0.3075623426146228,0.6158384251930635,-0.4820426798824101,-0.3075623426146228,0.6158384251930635,-0.13085598064755344,-0.2359813632291101,-0.2662958158485814,-0.19611613513818404,-0.19300937626135234,-0.12168146174384352,-0.06715342778730747,-0.03352007615769955,0.5449249778098338,-0.13085598064755344,-0.2359813632291101,-0.2662958158485814,-0.19611613513818404,-0.19300937626135234,-0.12168146174384352,-0.06715342778730747,-0.03352007615769955,0.5449249778098338,-0.21680296415038888,1.9535138126504805,-1.175735064194511,-0.40583972495671383,-0.16278112867447064
0,-1.0264011250047391,-0.3693648410115938,-0.47454519624983954,-0.4736736092984604,-0.33790344778203496,0.5446511676720712,-1.1168810094012038,0.19231329784848822,-0.6244040257055189,-1.0264011250047391,-0.3693648410115938,-0.47454519624983954,-0.4736736092984604,-0.33790344778203496,0.5446511676720712,-1.1168810094012038,0.19231329784848822,-0.6244040257055189,-0.9789405983915495,-0.8953644636605289,-0.3760014818308347,-0.3895323082701867,-0.4210915713537702,-0.5773450043891103,-0.9837848694449062,-0.5837278091389052,-0.6958135771747838,-0.5892568139740777,-0.4030649954631285,-0.4194008220350217,-0.3972069776910602,-0.04105904351514409,-0.9628715365974293,0.0715352902662889,-0.5523538913507477,-0.2328872501475753,-0.28708333828187355,-0.32078666523533045,-0.39610534423349997,-0.38113017778990566,-0.3694246287326534,-0.2751579580367754,-0.2900883232983121,-0.2955781683826058,-0.3888554871521795,-0.41265547100857053,-0.2943754514063852,-0.3658086479243954,-0.1881826441222431,-0.023892217527788678,-0.5452049752043748,-0.2595089646392445,-0.37915682700760944,0.5449215208897721,-0.6685250661686233,0.6132734351017236,-0.337529114616601,-1.1087392780725651,-0.6188048076611016,-0.7049484103449949,-0.1174491519879112,-0.3598014508363,-0.4271559153457235,-0.7376951317802901,0.7376951317802901,2.0745051044939435,-0.3075623426146228,-1.6238025415294657,-0.13085598064755344,-0.2359813632291101,-0.2662958158485814,-0.19611613513818404,-0.19300937626135234,-0.12168146174384352,-0.06715342778730747,-0.03352007615769955,0.5449249778098338,-0.21680296415038888,-0.5118980953829163,0.8505317485662419,-0.40583972495671383,-0.16278112867447064,0.8119223343984152,-0.1699069165076462,-0.2081478487327801,-0.6981970580620328,-0.7376951317802901,0.7376951317802901,-0.7376951317802901,0.7376951317802901,-0.7376951317802901,0.7376951317802901,-0.7376951317802901,0.7376951317802901,2.0745051044939435,-0.3075623426146228,-1.6238025415294657,2.0745051044939435,-0.3075623426146228,-1.6238025415294657,2.0745051044939435,-0.3075623426146228,-1.6238025415294657,-0.13085598064755344,-0.2359813632291101,-0.2662958158485814,-0.19611613513818404,-0.19300937626135234,-0.12168146174384352,-0.06715342778730747,-0.03352007615769955,0.5449249778098338,-0.13085598064755344,-0.2359813632291101,-0.2662958158485814,-0.19611613513818404,-0.19300937626135234,-0.12168146174384352,-0.06715342778730747,-0.03352007615769955,0.5449249778098338,-0.21680296415038888,-0.5118980953829163,0.8505317485662419,-0.40583972495671383,-0.16278112867447064
0,-1.0225132419554788,0.8273772438659699,3.1548090514635256,2.0089333664952354,-0.01581521887185237,0.5446511676720712,0.96425644365423,-1.5315413136505371,2.717001301042934,-1.0225132419554788,0.8273772438659699,3.1548090514635256,2.0089333664952354,-0.01581521887185237,0.5446511676720712,0.96425644365423,-1.5315413136505371,2.717001301042934,-0.9774001139233787,-0.6436668925661252,0.8926227640169527,0.44985595565261705,-0.3143336961283477,-0.5738628103218647,-0.4415002575401359,-1.0679505131647973,0.3088946706446537,0.8635041745453002,3.364042462134573,2.3973288194212925,0.8217760893218031,0.7925352191037062,1.3577269342345568,-1.3511866656994136,3.1465381286954575,2.2709141360544107,3.757047166210606,1.2479201874119608,3.3009460692730155,4.226472700943698,-0.3694246287326534,2.7475812480845243,1.1701867956779368,0.5861762963431696,2.313747507607776,3.351533038490722,-0.2943754514063852,2.589565104801581,-0.1456060056758851,0.5925786558891535,0.556765854538498,-0.5019144239909011,0.45921025865154136,0.5449215208897721,1.1227307914744915,-1.107608862589304,2.8930715351340255,0.9989187709831968,-1.086381470456385,3.6391381257763586,-1.0507990843927357,-0.855906515359889,2.6221854613035673,-0.7376951317802901,0.7376951317802901,-0.4820426798824101,-0.3075623426146228,0.6158384251930635,-0.13085598064755344,-0.2359813632291101,-0.2662958158485814,-0.19611613513818404,-0.19300937626135234,-0.12168146174384352,-0.06715342778730747,-0.03352007615769955,0.5449249778098338,4.612483062299524,-0.5118980953829163,-1.175735064194511,-0.40583972495671383,-0.16278112867447064,-1.2316448970959013,5.885575587824865,-0.2081478487327801,-0.6981970580620328,-0.7376951317802901,0.7376951317802901,-0.7376951317802901,0.7376951317802901,-0.7376951317802901,0.7376951317802901,-0.7376951317802901,0.7376951317802901,-0.4820426798824101,-0.3075623426146228,0.6158384251930635,-0.4820426798824101,-0.3075623426146228,0.6158384251930635,-0.4820426798824101,-0.3075623426146228,0.6158384251930635,-0.13085598064755344,-0.2359813632291101,-0.2662958158485814,-0.19611613513818404,-0.19300937626135234,-0.12168146174384352,-0.06715342778730747,-0.03352007615769955,0.5449249778098338,-0.13085598064755344,-0.2359813632291101,-0.2662958158485814,-0.19611613513818404,-0.19300937626135234,-0.12168146174384352,-0.06715342778730747,-0.03352007615769955,0.5449249778098338,4.612483062299524,-0.5118980953829163,-1.175735064194511,-0.40583972495671383,-0.16278112867447064
1,-1.0186253589062184,-0.3693648410115938,1.340131927606843,0.7676298785983874,0.14522889558323893,-1.9290897323389384,0.96425644365423,-1.5315413136505371,1.0462986376687076,-1.0186253589062184,-0.3693648410115938,1.340131927606843,0.7676298785983874,0.14522889558323893,-1.9290897323389384,0.96425644365423,-1.5315413136505371,1.0462986376687076,-0.9758511884444234,-0.8899223540152444,0.26177682755712395,0.03245523424838131,-0.2598120901263736,-1.1978348987147482,-0.4375458674983887,-1.0679505131647973,-0.1893455432421465,-0.5892568139740777,0.8526374904027719,0.5195090584504164,0.5315420257473119,-1.6737199957449633,0.42799519961826915,-1.3511866656994136,0.6157172728743697,0.39306309640292114,0.7239492878412465,0.6659805485266753,-0.35782226746642065,1.9226712615768957,-0.3694246287326534,0.5884818151407389,0.07498045644575013,0.25907383362231745,-0.3608699531827717,1.4694387837410756,-0.2943754514063852,0.4785838528544551,-0.11321073729278662,-0.5707137374577205,0.880637927627216,-0.5019144239909011,0.20604000011090673,-1.8438380824646854,-1.2224214812491774,-1.107608862589304,-0.831358602497614,0.9989187709831968,-1.086381470456385,1.7078589307214564,-1.0507990843927357,-0.855906515359889,0.52576326485718,-0.7376951317802901,0.7376951317802901,-0.4820426798824101,-0.3075623426146228,0.6158384251930635,-0.13085598064755344,-0.2359813632291101,-0.2662958158485814,-0.19611613513818404,-0.19300937626135234,8.218178723930356,-0.06715342778730747,-0.03352007615769955,-1.8351149988007645,4.612483062299524,-0.5118980953829163,-1.175735064194511,-0.40583972495671383,-0.16278112867447064,-1.2316448970959013,-0.1699069165076462,-0.2081478487327801,1.4322604033532795,-0.7376951317802901,0.7376951317802901,-0.7376951317802901,0.7376951317802901,-0.7376951317802901,0.7376951317802901,-0.7376951317802901,0.7376951317802901,-0.4820426798824101,-0.3075623426146228,0.6158384251930635,-0.4820426798824101,-0.3075623426146228,0.6158384251930635,-0.4820426798824101,-0.3075623426146228,0.6158384251930635,-0.13085598064755344,-0.2359813632291101,-0.2662958158485814,-0.19611613513818404,-0.19300937626135234,8.218178723930356,-0.06715342778730747,-0.03352007615769955,-1.8351149988007645,-0.13085598064755344,-0.2359813632291101,-0.2662958158485814,-0.19611613513818404,-0.19300937626135234,8.218178723930356,-0.06715342778730747,-0.03352007615769955,-1.8351149988007645,4.612483062299524,-0.5118980953829163,-1.175735064194511,-0.40583972495671383,-0.16278112867447064
1,-1.014737475856958,0.8273772438659699,-0.47454519624983954,2.0089333664952354,-0.19698984763383007,0.5446511676720712,-0.5095104222433947,-1.5315413136505371,0.48939774987729867,-1.014737475856958,0.8273772438659699,-0.47454519624983954,2.0089333664952354,-0.19698984763383007,0.5446511676720712,-0.5095104222433947,-1.5315413136505371,0.48939774987729867,-0.9742938219546837,-0.6355037280981987,-0.3760014818308347,0.45902959788128156,-0.37248282082639467,-0.5668984221873735,-0.8210963122057049,-1.0679505131647973,-0.35481614638620307,0.8635041745453002,-0.4030649954631285,2.3973288194212925,0.29935477488771883,0.7925352191037062,-0.11969588642374947,-1.3511866656994136,0.8103958002452226,-0.2328872501475753,-0.28708333828187355,-0.32078666523533045,-0.39610534423349997,-0.38113017778990566,-0.3694246287326534,-0.2751579580367754,1.1701867956779368,0.3301830646485897,2.313747507607776,1.3576611153209521,-0.2943754514063852,0.9007801032438802,-0.17319983249506005,0.2458137895921235,-0.279362147955991,-0.5019144239909011,-0.16748988953920999,0.5449215208897721,-0.14575511629852972,-1.107608862589304,0.7393377686336078,-0.7538678336953983,-1.086381470456385,0.04111021931238319,-1.0507990843927357,-0.855906515359889,0.08106764742915833,1.3555735383351193,-1.3555735383351195,-0.4820426798824101,-0.3075623426146228,0.6158384251930635,-0.13085598064755344,-0.2359813632291101,-0.2662958158485814,-0.19611613513818404,-0.19300937626135234,-0.12168146174384352,-0.06715342778730747,-0.03352007615769955,0.5449249778098338,-0.21680296415038888,1.9535138126504805,-1.175735064194511,-0.40583972495671383,-0.16278112867447064,-1.2316448970959013,-0.1699069165076462,-0.2081478487327801,1.4322604033532795,1.3555735383351193,-1.3555735383351195,1.3555735383351193,-1.3555735383351195,1.3555735383351193,-1.3555735383351195,1.3555735383351193,-1.3555735383351195,-0.4820426798824101,-0.3075623426146228,0.6158384251930635,-0.4820426798824101,-0.3075623426146228,0.6158384251930635,-0.4820426798824101,-0.3075623426146228,0.6158384251930635,-0.13085598064755344,-0.2359813632291101,-0.2662958158485814,-0.19611613513818404,-0.19300937626135234,-0.12168146174384352,-0.06715342778730747,-0.03352007615769955,0.5449249778098338,-0.13085598064755344,-0.2359813632291101,-0.2662958158485814,-0.19611613513818404,-0.19300937626135234,-0.12168146174384352,-0.06715342778730747,-0.03352007615769955,0.5449249778098338,-0.21680296415038888,1.9535138126504805,-1.175735064194511,-0.40583972495671383,-0.16278112867447064
0,-1.0108495928076977,-1.5661069258891576,-0.47454519624983954,-0.4736736092984604,0.3666645529589894,-1.9265985531848488,0.96425644365423,0.8818551424480984,-0.6244040257055189,-1.0108495928076977,-1.5661069258891576,-0.47454519624983954,-0.4736736092984604,0.3666645529589894,-1.9265985531848488,0.96425644365423,0.8818551424480984,-0.6244040257055189,-0.9727280144541595,-1.137538342875685,-0.3760014818308347,-0.3895323082701867,-0.18276359302178738,-1.1970519201670837,-0.4296370874148943,-0.3751395674046747,-0.6921567682655229,-1.4609134070857044,-0.4030649954631285,-0.4194008220350217,-0.010228226258405209,-1.6901616971772877,-0.5017365349980186,-0.35528129652342183,-0.7470324187216006,-0.2328872501475753,-0.28708333828187355,-0.32078666523533045,-0.39610534423349997,-0.38113017778990566,-0.3694246287326534,-0.2751579580367754,-0.2900883232983121,-0.2955781683826058,-0.3888554871521795,-0.41265547100857053,-0.2943754514063852,-0.3658086479243954,-0.05657686631590554,-0.5600364497709502,1.3259620281242033,0.6293110529834965,-0.23389520325478627,-1.8437381397128192,-1.2200597971880256,-1.0553374870775845,-0.8642805683563481,0.9989187709831968,1.5112004740662026,-0.22342026433344614,0.7785667831207204,-0.16135942502686434,-0.4271559153457235,-0.7376951317802901,0.7376951317802901,-0.4820426798824101,-0.3075623426146228,0.6158384251930635,7.64198926981712,-0.2359813632291101,-0.2662958158485814,-0.19611613513818404,-0.19300937626135234,-0.12168146174384352,-0.06715342778730747,-0.03352007615769955,-1.8351149988007645,-0.21680296415038888,-0.5118980953829163,0.8505317485662419,-0.40583972495671383,-0.16278112867447064,0.8119223343984152,-0.1699069165076462,-0.2081478487327801,-0.6981970580620328,-0.7376951317802901,0.7376951317802901,-0.7376951317802901,0.7376951317802901,-0.7376951317802901,0.7376951317802901,-0.7376951317802901,0.7376951317802901,-0.4820426798824101,-0.3075623426146228,0.6158384251930635,-0.4820426798824101,-0.3075623426146228,0.6158384251930635,-0.4820426798824101,-0.3075623426146228,0.6158384251930635,7.64198926981712,-0.2359813632291101,-0.2662958158485814,-0.19611613513818404,-0.19300937626135234,-0.12168146174384352,-0.06715342778730747,-0.03352007615769955,-1.8351149988007645,7.64198926981712,-0.2359813632291101,-0.2662958158485814,-0.19611613513818404,-0.19300937626135234,-0.12168146174384352,-0.06715342778730747,-0.03352007615769955,-1.8351149988007645,-0.21680296415038888,-0.5118980953829163,0.8505317485662419,-0.40583972495671383,-0.16278112867447064
1,-1.0069617097584371,0.8273772438659699,0.4327933656785018,-0.4736736092984604,-0.33790344778203496,0.5446511676720712,-1.5500791487711116,1.2266260647479035,-0.0675031379141101,-1.0069617097584371,0.8273772438659699,0.4327933656785018,-0.4736736092984604,-0.33790344778203496,0.5446511676720712,-1.5500791487711116,1.2266260647479035,-0.0675031379141101,-0.9711537659428506,-0.627340563630272,-0.051913047440757885,-0.3895323082701867,-0.4183709323317156,-0.5599340340528824,-1.0939365304151805,-0.2719096722606933,-0.5202867495302597,0.8635041745453002,0.5387118689362969,-0.4194008220350217,-0.10697291411656897,0.7925352191037062,-1.1628459385855234,2.0633460286182723,0.2263602181326639,-0.07639966350995119,-0.28708333828187355,-0.1310237395118678,0.5281575091431288,-0.27019270879953,1.3294519864972518,-0.05924801474239681,-0.2900883232983121,-0.2955781683826058,-0.3888554871521795,-0.41265547100857053,-0.2943754514063852,-0.3658086479243954,-0.1881826441222431,-0.023892217527788678,-0.6397543063328027,-0.11406568902825052,-0.31690184539925664,0.5449215208897721,-1.0413830451200872,1.64580281371634,0.20090432700850336,-1.2307930204368625,-0.8004747212312435,-0.7431813318094311,1.3385767425636153,0.7316296911155961,-0.23657207930514282,1.3555735383351193,-1.3555735383351195,-0.4820426798824101,3.2513733362117265,-1.6238025415294657,-0.13085598064755344,-0.2359813632291101,-0.2662958158485814,-0.19611613513818404,-0.19300937626135234,-0.12168146174384352,-0.06715342778730747,-0.03352007615769955,0.5449249778098338,-0.21680296415038888,-0.5118980953829163,-1.175735064194511,2.4640269015229057,-0.16278112867447064,-1.2316448970959013,-0.1699069165076462,-0.2081478487327801,1.4322604033532795,1.3555735383351193,-1.3555735383351195,1.3555735383351193,-1.3555735383351195,1.3555735383351193,-1.3555735383351195,1.3555735383351193,-1.3555735383351195,-0.4820426798824101,3.2513733362117265,-1.6238025415294657,-0.4820426798824101,3.2513733362117265,-1.6238025415294657,-0.4820426798824101,3.2513733362117265,-1.6238025415294657,-0.13085598064755344,-0.2359813632291101,-0.2662958158485814,-0.19611613513818404,-0.19300937626135234,-0.12168146174384352,-0.06715342778730747,-0.03352007615769955,0.5449249778098338,-0.13085598064755344,-0.2359813632291101,-0.2662958158485814,-0.19611613513818404,-0.19300937626135234,-0.12168146174384352,-0.06715342778730747,-0.03352007615769955,0.5449249778098338,-0.21680296415038888,-0.5118980953829163,-1.175735064194511,2.4640269015229057,-0.16278112867447064
1,-1.0030738267091768,-1.5661069258891576,-0.47454519624983954,-0.4736736092984604,-0.11646779040628442,0.5446511676720712,0.96425644365423,1.2266260647479035,-0.6244040257055189,-1.0030738267091768,-1.5661069258891576,-0.47454519624983954,-0.4736736092984604,-0.11646779040628442,0.5446511676720712,0.96425644365423,1.2266260647479035,-0.6244040257055189,-0.9695710764207575,-1.1348172880530427,-0.3760014818308347,-0.3895323082701867,-0.3428097178925192,-0.5564518399856369,-0.42172830733139993,-0.26765276936815796,-0.6903283638108924,-1.4609134070857044,-0.4030649954631285,-0.4194008220350217,-0.4746027279775913,-0.8746533061339944,-0.5017365349980186,-0.2130091009268516,-0.7470324187216006,-0.2328872501475753,-0.28708333828187355,-0.32078666523533045,-0.39610534423349997,-0.38113017778990566,-0.3694246287326534,-0.2751579580367754,-0.2900883232983121,-0.2955781683826058,-0.3888554871521795,-0.41265547100857053,-0.2943754514063852,-0.3658086479243954,-0.16209288333514058,0.399931507946359,0.35434580885804934,0.1703567166110266,-0.33350317382815076,0.5449215208897721,1.1227307914744915,1.64580281371634,-0.337529114616601,0.9989187709831968,1.8822836089980008,-0.22342026433344614,1.3385767425636153,-0.06213841212214652,-0.4271559153457235,-0.7376951317802901,0.7376951317802901,-0.4820426798824101,-0.3075623426146228,0.6158384251930635,-0.13085598064755344,-0.2359813632291101,-0.2662958158485814,-0.19611613513818404,-0.19300937626135234,-0.12168146174384352,-0.06715342778730747,-0.03352007615769955,0.5449249778098338,-0.21680296415038888,-0.5118980953829163,0.8505317485662419,-0.40583972495671383,-0.16278112867447064,0.8119223343984152,-0.1699069165076462,-0.2081478487327801,-0.6981970580620328,-0.7376951317802901,0.7376951317802901,-0.7376951317802901,0.7376951317802901,-0.7376951317802901,0.7376951317802901,-0.7376951317802901,0.7376951317802901,-0.4820426798824101,-0.3075623426146228,0.6158384251930635,-0.4820426798824101,-0.3075623426146228,0.6158384251930635,-0.4820426798824101,-0.3075623426146228,0.6158384251930635,-0.13085598064755344,-0.2359813632291101,-0.2662958158485814,-0.19611613513818404,-0.19300937626135234,-0.12168146174384352,-0.06715342778730747,-0.03352007615769955,0.5449249778098338,-0.13085598064755344,-0.2359813632291101,-0.2662958158485814,-0.19611613513818404,-0.19300937626135234,-0.12168146174384352,-0.06715342778730747,-0.03352007615769955,0.5449249778098338,-0.21680296415038888,-0.5118980953829163,0.8505317485662419,-0.40583972495671383,-0.16278112867447064
0,-0.9991859436599165,0.8273772438659699,0.4327933656785018,0.7676298785983874,-0.33790344778203496,0.5446511676720712,-1.5366812681720423,0.8818551424480984,-0.0675031379141101,-0.9991859436599165,0.8273772438659699,0.4327933656785018,0.7676298785983874,-0.33790344778203496,0.5446511676720712,-1.5366812681720423,0.8818551424480984,-0.0675031379141101,-0.9679799458878797,-0.6191773991623454,-0.048446860976692895,0.043922287034211964,-0.4172826767228937,-0.5529696459183913,-1.0895759108988397,-0.3639651973117695,-0.5166299406209988,0.8635041745453002,0.5387118689362969,0.9889639986931354,-0.10697291411656897,0.7925352191037062,-1.1494148220340843,1.6365294418285616,0.2263602181326639,-0.07639966350995119,0.2184329747796864,-0.1310237395118678,0.5281575091431288,-0.26464583535001124,1.1170924095935137,-0.05924801474239681,0.07498045644575013,-0.08225047530378916,0.9624460102277982,-0.22233133288781978,1.2031936272409431,0.056387602465029836,-0.1881826441222431,-0.023892217527788678,-0.6368301002154287,-0.16254678089858185,-0.31690184539925664,0.5449215208897721,-1.0298513550494233,1.3016263541781348,0.20090432700850336,-1.2286533543751765,-0.8237046446057863,-0.736981398598982,0.7785667831207204,0.5331876653061604,-0.23657207930514282,-0.7376951317802901,0.7376951317802901,-0.4820426798824101,3.2513733362117265,-1.6238025415294657,-0.13085598064755344,-0.2359813632291101,-0.2662958158485814,-0.19611613513818404,-0.19300937626135234,-0.12168146174384352,-0.06715342778730747,-0.03352007615769955,0.5449249778098338,-0.21680296415038888,-0.5118980953829163,0.8505317485662419,-0.40583972495671383,-0.16278112867447064,-1.2316448970959013,-0.1699069165076462,-0.2081478487327801,1.4322604033532795,-0.7376951317802901,0.7376951317802901,-0.7376951317802901,0.7376951317802901,-0.7376951317802901,0.7376951317802901,-0.7376951317802901,0.7376951317802901,-0.4820426798824101,3.2513733362117265,-1.6238025415294657,-0.4820426798824101,3.2513733362117265,-1.6238025415294657,-0.4820426798824101,3.2513733362117265,-1.6238025415294657,-0.13085598064755344,-0.2359813632291101,-0.2662958158485814,-0.19611613513818404,-0.19300937626135234,-0.12168146174384352,-0.06715342778730747,-0.03352007615769955,0.5449249778098338,-0.13085598064755344,-0.2359813632291101,-0.2662958158485814,-0.19611613513818404,-0.19300937626135234,-0.12168146174384352,-0.06715342778730747,-0.03352007615769955,0.5449249778098338,-0.21680296415038888,-0.5118980953829163,0.8505317485662419,-0.40583972495671383,-0.16278112867447064
0,-0.9952980606106561,0.8273772438659699,-0.47454519624983954,-0.4736736092984604,-0.4989475622371262,0.5446511676720712,0.96425644365423,0.8818551424480984,-0.6244040257055189,-0.9952980606106561,0.8273772438659699,-0.47454519624983954,-0.4736736092984604,-0.4989475622371262,0.5446511676720712,0.96425644365423,0.8818551424480984,-0.6244040257055189,-0.9663803743442174,-0.6150958169283821,-0.3760014818308347,-0.3895323082701867,-0.47187683309878936,-0.5494874518511458,-0.4138195272479055,-0.3602404072808011,-0.688499959356262,0.8635041745453002,-0.4030649954631285,-0.4194008220350217,-0.571347415835755,0.7925352191037062,1.3577269342345568,1.6365294418285616,-0.3576753639798948,-0.2328872501475753,-0.28708333828187355,-0.32078666523533045,-0.39610534423349997,-0.38113017778990566,-0.3694246287326534,-0.2751579580367754,-0.2900883232983121,-0.2955781683826058,-0.3888554871521795,-0.41265547100857053,-0.2943754514063852,-0.3658086479243954,-0.19836401418550262,-0.33212765423625973,-0.41485036472765574,-0.34354285721448546,-0.4123594838653976,0.5449215208897721,1.1227307914744915,1.3016263541781348,-0.337529114616601,0.9989187709831968,1.5112004740662026,-0.22342026433344614,0.7785667831207204,-0.16135942502686434,-0.4271559153457235,-0.7376951317802901,0.7376951317802901,-0.4820426798824101,-0.3075623426146228,0.6158384251930635,-0.13085598064755344,-0.2359813632291101,-0.2662958158485814,-0.19611613513818404,-0.19300937626135234,-0.12168146174384352,-0.06715342778730747,-0.03352007615769955,0.5449249778098338,-0.21680296415038888,-0.5118980953829163,0.8505317485662419,-0.40583972495671383,-0.16278112867447064,0.8119223343984152,-0.1699069165076462,-0.2081478487327801,-0.6981970580620328,-0.7376951317802901,0.7376951317802901,-0.7376951317802901,0.7376951317802901,-0.7376951317802901,0.7376951317802901,-0.7376951317802901,0.7376951317802901,-0.4820426798824101,-0.3075623426146228,0.6158384251930635,-0.4820426798824101,-0.3075623426146228,0.6158384251930635,-0.4820426798824101,-0.3075623426146228,0.6158384251930635,-0.13085598064755344,-0.2359813632291101,-0.2662958158485814,-0.19611613513818404,-0.19300937626135234,-0.12168146174384352,-0.06715342778730747,-0.03352007615769955,0.5449249778098338,-0.13085598064755344,-0.2359813632291101,-0.2662958158485814,-0.19611613513818404,-0.19300937626135234,-0.12168146174384352,-0.06715342778730747,-0.03352007615769955,0.5449249778098338,-0.21680296415038888,-0.5118980953829163,0.8505317485662419,-0.40583972495671383,-0.16278112867447064
1,-0.9914101775613957,-0.3693648410115938,-0.47454519624983954,-0.4736736092984604,-0.37816447639580775,0.5446511676720712,-0.5095104222433947,0.5370842201482933,-0.6244040257055189,-0.9914101775613957,-0.3693648410115938,-0.47454519624983954,-0.4736736092984604,-0.37816447639580775,0.5446511676720712,-0.5095104222433947,0.5370842201482933,-0.6244040257055189,-0.9647723617897708,-0.8708749702567491,-0.3760014818308347,-0.3895323082701867,-0.43005154253307,-0.5460052577839002,-0.8099376963254615,-0.45814917380911335,-0.6875857571289467,-0.5892568139740777,-0.4030649954631285,-0.4194008220350217,-0.4746027279775913,-0.04105904351514409,-0.5569533474872684,0.3560796814594294,-0.5523538913507477,-0.2328872501475753,-0.28708333828187355,-0.32078666523533045,-0.39610534423349997,-0.38113017778990566,-0.3694246287326534,-0.2751579580367754,-0.2900883232983121,-0.2955781683826058,-0.3888554871521795,-0.41265547100857053,-0.2943754514063852,-0.3658086479243954,-0.19142217096055295,-0.10095107670490644,-0.45072062643411087,-0.24981274626517824,-0.38745749122205647,0.5449215208897721,-0.14575511629852972,0.9574498946399291,-0.337529114616601,-0.7538678336953983,-0.03924800141930428,-0.564416590908148,0.29322481827021163,-0.26058043793158214,-0.4271559153457235,1.3555735383351193,-1.3555735383351195,-0.4820426798824101,-0.3075623426146228,0.6158384251930635,-0.13085598064755344,-0.2359813632291101,-0.2662958158485814,-0.19611613513818404,-0.19300937626135234,-0.12168146174384352,-0.06715342778730747,-0.03352007615769955,0.5449249778098338,-0.21680296415038888,-0.5118980953829163,-1.175735064194511,2.4640269015229057,-0.16278112867447064,0.8119223343984152,-0.1699069165076462,-0.2081478487327801,-0.6981970580620328,1.3555735383351193,-1.3555735383351195,1.3555735383351193,-1.3555735383351195,1.3555735383351193,-1.3555735383351195,1.3555735383351193,-1.3555735383351195,-0.4820426798824101,-0.3075623426146228,0.6158384251930635,-0.4820426798824101,-0.3075623426146228,0.6158384251930635,-0.4820426798824101,-0.3075623426146228,0.6158384251930635,-0.13085598064755344,-0.2359813632291101,-0.2662958158485814,-0.19611613513818404,-0.19300937626135234,-0.12168146174384352,-0.06715342778730747,-0.03352007615769955,0.5449249778098338,-0.13085598064755344,-0.2359813632291101,-0.2662958158485814,-0.19611613513818404,-0.19300937626135234,-0.12168146174384352,-0.06715342778730747,-0.03352007615769955,0.5449249778098338,-0.21680296415038888,-0.5118980953829163,-1.175735064194511,2.4640269015229057,-0.16278112867447064
0,-0.9875222945121354,-0.3693648410115938,-0.47454519624983954,-0.4736736092984604,-0.37816447639580775,0.5446511676720712,0.96425644365423,-1.1867703913507321,-0.6244040257055189,-0.9875222945121354,-0.3693648410115938,-0.47454519624983954,-0.4736736092984604,-0.37816447639580775,0.5446511676720712,0.96425644365423,-1.1867703913507321,-0.6244040257055189,-0.9631559082245396,-0.8681539154341069,-0.3760014818308347,-0.3895323082701867,-0.4295799651025805,-0.5425230637166546,-0.4059107471644111,-0.9657848437439498,-0.6866715549016315,-0.5892568139740777,-0.4030649954631285,-0.4194008220350217,-0.4746027279775913,-0.04105904351514409,0.42799519961826915,-1.0666422745062731,-0.5523538913507477,-0.2328872501475753,-0.28708333828187355,-0.32078666523533045,-0.39610534423349997,-0.38113017778990566,-0.3694246287326534,-0.2751579580367754,-0.2900883232983121,-0.2955781683826058,-0.3888554871521795,-0.41265547100857053,-0.2943754514063852,-0.3658086479243954,-0.19142217096055295,-0.10095107670490644,-0.17194630991111728,-0.45989747770328065,-0.38745749122205647,0.5449215208897721,1.1227307914744915,-0.7634324030510985,-0.337529114616601,0.9989187709831968,-0.7152983355245868,-0.22342026433344614,-1.0134650870965427,-0.7566855024551713,-0.4271559153457235,-0.7376951317802901,0.7376951317802901,-0.4820426798824101,-0.3075623426146228,0.6158384251930635,-0.13085598064755344,-0.2359813632291101,-0.2662958158485814,-0.19611613513818404,-0.19300937626135234,-0.12168146174384352,-0.06715342778730747,-0.03352007615769955,0.5449249778098338,-0.21680296415038888,-0.5118980953829163,0.8505317485662419,-0.40583972495671383,-0.16278112867447064,0.8119223343984152,-0.1699069165076462,-0.2081478487327801,-0.6981970580620328,-0.7376951317802901,0.7376951317802901,-0.7376951317802901,0.7376951317802901,-0.7376951317802901,0.7376951317802901,-0.7376951317802901,0.7376951317802901,-0.4820426798824101,-0.3075623426146228,0.6158384251930635,-0.4820426798824101,-0.3075623426146228,0.6158384251930635,-0.4820426798824101,-0.3075623426146228,0.6158384251930635,-0.13085598064755344,-0.2359813632291101,-0.2662958158485814,-0.19611613513818404,-0.19300937626135234,-0.12168146174384352,-0.06715342778730747,-0.03352007615769955,0.5449249778098338,-0.13085598064755344,-0.2359813632291101,-0.2662958158485814,-0.19611613513818404,-0.19300937626135234,-0.12168146174384352,-0.06715342778730747,-0.03352007615769955,0.5449249778098338,-0.21680296415038888,-0.5118980953829163,0.8505317485662419,-0.40583972495671383,-0.16278112867447064
1,-0.983634411462875,0.8273772438659699,0.4327933656785018,-0.4736736092984604,-0.4989475622371262,0.5446511676720712,-0.5095104222433947,-1.1867703913507321,-0.6244040257055189,-0.983634411462875,0.8273772438659699,0.4327933656785018,-0.4736736092984604,-0.4989475622371262,0.5446511676720712,-0.5095104222433947,-1.1867703913507321,-0.6244040257055189,-0.9615310136485238,-0.6028510702264922,-0.041514488048562906,-0.3895323082701867,-0.47111505417261407,-0.5390408696494091,-0.8062181576987137,-0.9652527308823828,-0.6857573526743163,0.8635041745453002,0.5387118689362969,-0.4194008220350217,-0.571347415835755,0.7925352191037062,-0.11969588642374947,-0.9243700789097029,-0.3576753639798948,-0.07639966350995119,-0.28708333828187355,-0.2322306332310479,0.5281575091431288,0.16061446244642888,-0.15706505182891523,-0.16720298638958608,-0.2900883232983121,-0.2955781683826058,-0.3888554871521795,-0.41265547100857053,-0.2943754514063852,-0.3658086479243954,-0.19836401418550262,-0.33212765423625973,-0.5649596120861907,-0.4792899144514132,-0.4123594838653976,0.5449215208897721,-0.14575511629852972,-0.7634324030510985,-0.337529114616601,-0.7538678336953983,-0.9118592256168716,-0.564416590908148,-1.0134650870965427,-0.7566855024551713,-0.4271559153457235,1.3555735383351193,-1.3555735383351195,-0.4820426798824101,-0.3075623426146228,0.6158384251930635,-0.13085598064755344,-0.2359813632291101,-0.2662958158485814,-0.19611613513818404,-0.19300937626135234,-0.12168146174384352,-0.06715342778730747,-0.03352007615769955,0.5449249778098338,-0.21680296415038888,1.9535138126504805,-1.175735064194511,-0.40583972495671383,-0.16278112867447064,-1.2316448970959013,-0.1699069165076462,-0.2081478487327801,1.4322604033532795,1.3555735383351193,-1.3555735383351195,1.3555735383351193,-1.3555735383351195,1.3555735383351193,-1.3555735383351195,1.3555735383351193,-1.3555735383351195,-0.4820426798824101,-0.3075623426146228,0.6158384251930635,-0.4820426798824101,-0.3075623426146228,0.6158384251930635,-0.4820426798824101,-0.3075623426146228,0.6158384251930635,-0.13085598064755344,-0.2359813632291101,-0.2662958158485814,-0.19611613513818404,-0.19300937626135234,-0.12168146174384352,-0.06715342778730747,-0.03352007615769955,0.5449249778098338,-0.13085598064755344,-0.2359813632291101,-0.2662958158485814,-0.19611613513818404,-0.19300937626135234,-0.12168146174384352,-0.06715342778730747,-0.03352007615769955,0.5449249778098338,-0.21680296415038888,1.9535138126504805,-1.175735064194511,-0.40583972495671383,-0.16278112867447064
1,-0.9797465284136146,-0.3693648410115938,0.4327933656785018,0.7676298785983874,-0.11646779040628442,-1.9290897323389384,0.96425644365423,-1.5315413136505371,0.48939774987729867,-0.9797465284136146,-0.3693648410115938,0.4327933656785018,0.7676298785983874,-0.11646779040628442,-1.9290897323389384,0.96425644365423,-1.5315413136505371,0.48939774987729867,-0.9598976780617235,-0.8627118057888225,-0.03978139481653041,0.05538933982004261,-0.3371507887266456,-1.1971137342629519,-0.39800196708091673,-1.0679505131647973,-0.3301326862486919,-0.5892568139740777,0.2247862474698217,0.5195090584504164,0.028469648884860296,-1.6737199957449633,0.42799519961826915,-1.3511866656994136,0.2263602181326639,-0.07639966350995119,0.2184329747796864,0.008135739352004802,-0.3769638058499603,0.770770541893495,-0.3694246287326534,0.048706956904792466,0.07498045644575013,0.07418983295400972,-0.3608699531827717,1.4694387837410756,-0.2943754514063852,0.26748572765974243,-0.16209288333514058,-0.581087045423871,0.35434580885804934,-0.5019144239909011,-0.11768590425252776,-1.8438380824646854,-1.2224214812491774,-1.107608862589304,-0.8425095909336368,0.9989187709831968,-1.086381470456385,1.0640991990364888,-1.0507990843927357,-0.855906515359889,0.08106764742915833,-0.7376951317802901,0.7376951317802901,-0.4820426798824101,-0.3075623426146228,0.6158384251930635,-0.13085598064755344,-0.2359813632291101,-0.2662958158485814,-0.19611613513818404,-0.19300937626135234,8.218178723930356,-0.06715342778730747,-0.03352007615769955,-1.8351149988007645,4.612483062299524,-0.5118980953829163,-1.175735064194511,-0.40583972495671383,-0.16278112867447064,-1.2316448970959013,-0.1699069165076462,-0.2081478487327801,1.4322604033532795,-0.7376951317802901,0.7376951317802901,-0.7376951317802901,0.7376951317802901,-0.7376951317802901,0.7376951317802901,-0.7376951317802901,0.7376951317802901,-0.4820426798824101,-0.3075623426146228,0.6158384251930635,-0.4820426798824101,-0.3075623426146228,0.6158384251930635,-0.4820426798824101,-0.3075623426146228,0.6158384251930635,-0.13085598064755344,-0.2359813632291101,-0.2662958158485814,-0.19611613513818404,-0.19300937626135234,8.218178723930356,-0.06715342778730747,-0.03352007615769955,-1.8351149988007645,-0.13085598064755344,-0.2359813632291101,-0.2662958158485814,-0.19611613513818404,-0.19300937626135234,8.218178723930356,-0.06715342778730747,-0.03352007615769955,-1.8351149988007645,4.612483062299524,-0.5118980953829163,-1.175735064194511,-0.40583972495671383,-0.16278112867447064
1,-0.9758586453643542,-1.5661069258891576,-0.47454519624983954,-0.4736736092984604,-0.09633727609939802,-1.8194778495589943,-1.3133832581875537,1.2266260647479035,-0.6244040257055189,-0.9758586453643542,-1.5661069258891576,-0.47454519624983954,-0.4736736092984604,-0.09633727609939802,-1.8194778495589943,-1.3133832581875537,1.2266260647479035,-0.6244040257055189,-0.9582559014641389,-1.1252935961737949,-0.3760014818308347,-0.3895323082701867,-0.32913397240832476,-1.1675768987872328,-1.0252900965444005,-0.23785444912041076,-0.6839289482196858,-1.4609134070857044,-0.4030649954631285,-0.4194008220350217,-0.4552537904059585,-1.6548120390977903,-1.2628331395795704,-0.2130091009268516,-0.7470324187216006,-0.2328872501475753,-0.28708333828187355,-0.32078666523533045,-0.39610534423349997,-0.38113017778990566,-0.3694246287326534,-0.2751579580367754,-0.2900883232983121,-0.2955781683826058,-0.3888554871521795,-0.41265547100857053,-0.2943754514063852,-0.3658086479243954,-0.15902690257745447,-0.5351481101452046,-0.4999772539223228,0.19621329894187,-0.3293528417209272,-1.83504312030046,-1.2441732358926583,-0.931108114108173,-0.8414475920349679,-1.177626087863427,-0.5479237594157019,-0.7504145872216218,1.3385767425636153,-0.06213841212214652,-0.4271559153457235,1.3555735383351193,-1.3555735383351195,2.0745051044939435,-0.3075623426146228,-1.6238025415294657,-0.13085598064755344,4.237622777986573,-0.2662958158485814,-0.19611613513818404,-0.19300937626135234,-0.12168146174384352,-0.06715342778730747,-0.03352007615769955,-1.8351149988007645,-0.21680296415038888,-0.5118980953829163,-1.175735064194511,2.4640269015229057,-0.16278112867447064,0.8119223343984152,-0.1699069165076462,-0.2081478487327801,-0.6981970580620328,1.3555735383351193,-1.3555735383351195,1.3555735383351193,-1.3555735383351195,1.3555735383351193,-1.3555735383351195,1.3555735383351193,-1.3555735383351195,2.0745051044939435,-0.3075623426146228,-1.6238025415294657,2.0745051044939435,-0.3075623426146228,-1.6238025415294657,2.0745051044939435,-0.3075623426146228,-1.6238025415294657,-0.13085598064755344,4.237622777986573,-0.2662958158485814,-0.19611613513818404,-0.19300937626135234,-0.12168146174384352,-0.06715342778730747,-0.03352007615769955,-1.8351149988007645,-0.13085598064755344,4.237622777986573,-0.2662958158485814,-0.19611613513818404,-0.19300937626135234,-0.12168146174384352,-0.06715342778730747,-0.03352007615769955,-1.8351149988007645,-0.21680296415038888,-0.5118980953829163,-1.175735064194511,2.4640269015229057,-0.16278112867447064
1,-0.9719707623150938,-1.5661069258891576,-0.47454519624983954,-0.4736736092984604,2.299193926420085,-1.8194778495589943,-1.3133832581875537,1.5713969870477085,0.48939774987729867,-0.9719707623150938,-1.5661069258891576,-0.47454519624983954,-0.4736736092984604,2.299193926420085,-1.8194778495589943,-1.3133832581875537,1.5713969870477085,0.48939774987729867,-0.9566056838557696,-1.1239330687624738,-0.3760014818308347,-0.3895323082701867,0.5179279183116342,-1.1673536812188197,-1.0245728476283211,-0.12930342536076023,-0.3246474728848005,-1.4609134070857044,-0.4030649954631285,-0.4194008220350217,1.847269780618339,-1.6548120390977903,-1.2628331395795704,-0.07073690533028135,-0.3576753639798948,-0.2328872501475753,-0.28708333828187355,-0.32078666523533045,-0.39610534423349997,-0.38113017778990566,-0.3694246287326534,-0.2751579580367754,-0.2900883232983121,-0.2955781683826058,-0.3888554871521795,-0.41265547100857053,-0.2943754514063852,-0.3658086479243954,1.0319041513562033,-0.24123771777094136,0.37384051630720977,3.745029223850123,1.376433654347939,-1.83504312030046,-1.2441732358926583,-0.9090455205480316,-0.772417663621493,-1.177626087863427,-0.4806165455356165,-0.5168837696280381,1.973254696598896,1.823060833067492,0.08106764742915833,1.3555735383351193,-1.3555735383351195,2.0745051044939435,-0.3075623426146228,-1.6238025415294657,-0.13085598064755344,4.237622777986573,-0.2662958158485814,-0.19611613513818404,-0.19300937626135234,-0.12168146174384352,-0.06715342778730747,-0.03352007615769955,-1.8351149988007645,-0.21680296415038888,1.9535138126504805,-1.175735064194511,-0.40583972495671383,-0.16278112867447064,0.8119223343984152,-0.1699069165076462,-0.2081478487327801,-0.6981970580620328,1.3555735383351193,-1.3555735383351195,1.3555735383351193,-1.3555735383351195,1.3555735383351193,-1.3555735383351195,1.3555735383351193,-1.3555735383351195,2.0745051044939435,-0.3075623426146228,-1.6238025415294657,2.0745051044939435,-0.3075623426146228,-1.6238025415294657,2.0745051044939435,-0.3075623426146228,-1.6238025415294657,-0.13085598064755344,4.237622777986573,-0.2662958158485814,-0.19611613513818404,-0.19300937626135234,-0.12168146174384352,-0.06715342778730747,-0.03352007615769955,-1.8351149988007645,-0.13085598064755344,4.237622777986573,-0.2662958158485814,-0.19611613513818404,-0.19300937626135234,-0.12168146174384352,-0.06715342778730747,-0.03352007615769955,-1.8351149988007645,-0.21680296415038888,1.9535138126504805,-1.175735064194511,-0.40583972495671383,-0.16278112867447064
0,-0.9680828792658335,0.8273772438659699,-0.47454519624983954,-0.4736736092984604,-0.4989475622371262,0.5446511676720712,-1.5366812681720423,0.5370842201482933,-0.6244040257055189,-0.9680828792658335,0.8273772438659699,-0.47454519624983954,-0.4736736092984604,-0.4989475622371262,0.5446511676720712,-1.5366812681720423,0.5370842201482933,-0.6244040257055189,-0.9549470252366159,-0.586524741290639,-0.3760014818308347,-0.3895323082701867,-0.47009934893771366,-0.5251120933804269,-1.086376853786415,-0.4389931107927044,-0.6821005437650554,0.8635041745453002,-0.4030649954631285,-0.4194008220350217,-0.571347415835755,0.7925352191037062,-1.1494148220340843,1.209712855038851,-0.3576753639798948,-0.2328872501475753,-0.28708333828187355,-0.32078666523533045,-0.39610534423349997,-0.38113017778990566,-0.3694246287326534,-0.2751579580367754,-0.2900883232983121,-0.2955781683826058,-0.3888554871521795,-0.41265547100857053,-0.2943754514063852,-0.3658086479243954,-0.19836401418550262,-0.33212765423625973,-0.6695812087300181,-0.36616736675397343,-0.4123594838653976,0.5449215208897721,-1.0298513550494233,0.9574498946399291,-0.337529114616601,-1.2286533543751765,-0.8612299054415861,-0.8020806973086978,0.29322481827021163,-0.26058043793158214,-0.4271559153457235,-0.7376951317802901,0.7376951317802901,-0.4820426798824101,3.2513733362117265,-1.6238025415294657,-0.13085598064755344,-0.2359813632291101,-0.2662958158485814,-0.19611613513818404,-0.19300937626135234,-0.12168146174384352,-0.06715342778730747,-0.03352007615769955,0.5449249778098338,-0.21680296415038888,-0.5118980953829163,0.8505317485662419,-0.40583972495671383,-0.16278112867447064,0.8119223343984152,-0.1699069165076462,-0.2081478487327801,-0.6981970580620328,-0.7376951317802901,0.7376951317802901,-0.7376951317802901,0.7376951317802901,-0.7376951317802901,0.7376951317802901,-0.7376951317802901,0.7376951317802901,-0.4820426798824101,3.2513733362117265,-1.6238025415294657,-0.4820426798824101,3.2513733362117265,-1.6238025415294657,-0.4820426798824101,3.2513733362117265,-1.6238025415294657,-0.13085598064755344,-0.2359813632291101,-0.2662958158485814,-0.19611613513818404,-0.19300937626135234,-0.12168146174384352,-0.06715342778730747,-0.03352007615769955,0.5449249778098338,-0.13085598064755344,-0.2359813632291101,-0.2662958158485814,-0.19611613513818404,-0.19300937626135234,-0.12168146174384352,-0.06715342778730747,-0.03352007615769955,0.5449249778098338,-0.21680296415038888,-0.5118980953829163,0.8505317485662419,-0.40583972495671383,-0.16278112867447064
0,-0.9641949962165731,0.8273772438659699,-0.47454519624983954,0.7676298785983874,-0.4788170479302398,0.5446511676720712,0.96425644365423,1.2266260647479035,-0.6244040257055189,-0.9641949962165731,0.8273772438659699,-0.47454519624983954,0.7676298785983874,-0.4788170479302398,0.5446511676720712,0.96425644365423,1.2266260647479035,-0.6244040257055189,-0.9532799256066777,-0.5824431590566757,-0.3760014818308347,0.06456298204870714,-0.46266293561076444,-0.5216298993131813,-0.3821844069139279,-0.22508374044280482,-0.68118634153774,0.8635041745453002,-0.4030649954631285,0.9889639986931354,-0.5133006031208568,0.7925352191037062,1.3577269342345568,2.0633460286182723,-0.3576753639798948,-0.2328872501475753,-0.28708333828187355,-0.32078666523533045,-0.39610534423349997,-0.38113017778990566,-0.3694246287326534,-0.2751579580367754,0.07498045644575013,-0.18180339874057028,0.9624460102277982,1.4694387837410756,1.4171320670477043,-0.15471052272968278,-0.1974962837823839,-0.29359822464770086,-0.374366355591566,-0.2950617653441542,-0.40820915175817407,0.5449215208897721,1.1227307914744915,1.64580281371634,-0.337529114616601,0.9989187709831968,1.8822836089980008,-0.22342026433344614,1.3385767425636153,-0.06213841212214652,-0.4271559153457235,-0.7376951317802901,0.7376951317802901,-0.4820426798824101,-0.3075623426146228,0.6158384251930635,-0.13085598064755344,-0.2359813632291101,-0.2662958158485814,-0.19611613513818404,-0.19300937626135234,-0.12168146174384352,-0.06715342778730747,-0.03352007615769955,0.5449249778098338,-0.21680296415038888,-0.5118980953829163,0.8505317485662419,-0.40583972495671383,-0.16278112867447064,-1.2316448970959013,-0.1699069165076462,-0.2081478487327801,1.4322604033532795,-0.7376951317802901,0.7376951317802901,-0.7376951317802901,0.7376951317802901,-0.7376951317802901,0.7376951317802901,-0.7376951317802901,0.7376951317802901,-0.4820426798824101,-0.3075623426146228,0.6158384251930635,-0.4820426798824101,-0.3075623426146228,0.6158384251930635,-0.4820426798824101,-0.3075623426146228,0.6158384251930635,-0.13085598064755344,-0.2359813632291101,-0.2662958158485814,-0.19611613513818404,-0.19300937626135234,-0.12168146174384352,-0.06715342778730747,-0.03352007615769955,0.5449249778098338,-0.13085598064755344,-0.2359813632291101,-0.2662958158485814,-0.19611613513818404,-0.19300937626135234,-0.12168146174384352,-0.06715342778730747,-0.03352007615769955,0.5449249778098338,-0.21680296415038888,-0.5118980953829163,0.8505317485662419,-0.40583972495671383,-0.16278112867447064
1,-0.9603071131673128,0.8273772438659699,-0.47454519624983954,-0.4736736092984604,-0.4989475622371262,0.5446511676720712,-1.5500791487711116,-0.497228546751122,-0.6244040257055189,-0.9603071131673128,0.8273772438659699,-0.47454519624983954,-0.4736736092984604,-0.4989475622371262,0.5446511676720712,-1.5500791487711116,-0.497228546751122,-0.6244040257055189,-0.951604384965955,-0.5783615768227124,-0.3760014818308347,-0.3895323082701867,-0.4695914963202635,-0.5181477052459357,-1.0893664488260024,-0.7502791348093494,-0.6802721393104249,0.8635041745453002,-0.4030649954631285,-0.4194008220350217,-0.571347415835755,0.7925352191037062,-1.1628459385855234,-0.07073690533028135,-0.3576753639798948,-0.2328872501475753,-0.28708333828187355,-0.32078666523533045,-0.39610534423349997,-0.38113017778990566,-0.3694246287326534,-0.2751579580367754,-0.2900883232983121,-0.2955781683826058,-0.3888554871521795,-0.41265547100857053,-0.2943754514063852,-0.3658086479243954,-0.19836401418550262,-0.33212765423625973,-0.6709458382514594,-0.4340408953724373,-0.4123594838653976,0.5449215208897721,-1.0413830451200872,-0.07507948397468743,-0.337529114616601,-1.2307930204368625,-0.9791664394969569,-0.8051806639139224,-0.714793108726999,-0.5582434766457356,-0.4271559153457235,1.3555735383351193,-1.3555735383351195,-0.4820426798824101,3.2513733362117265,-1.6238025415294657,-0.13085598064755344,-0.2359813632291101,-0.2662958158485814,-0.19611613513818404,-0.19300937626135234,-0.12168146174384352,-0.06715342778730747,-0.03352007615769955,0.5449249778098338,-0.21680296415038888,1.9535138126504805,-1.175735064194511,-0.40583972495671383,-0.16278112867447064,0.8119223343984152,-0.1699069165076462,-0.2081478487327801,-0.6981970580620328,1.3555735383351193,-1.3555735383351195,1.3555735383351193,-1.3555735383351195,1.3555735383351193,-1.3555735383351195,1.3555735383351193,-1.3555735383351195,-0.4820426798824101,3.2513733362117265,-1.6238025415294657,-0.4820426798824101,3.2513733362117265,-1.6238025415294657,-0.4820426798824101,3.2513733362117265,-1.6238025415294657,-0.13085598064755344,-0.2359813632291101,-0.2662958158485814,-0.19611613513818404,-0.19300937626135234,-0.12168146174384352,-0.06715342778730747,-0.03352007615769955,0.5449249778098338,-0.13085598064755344,-0.2359813632291101,-0.2662958158485814,-0.19611613513818404,-0.19300937626135234,-0.12168146174384352,-0.06715342778730747,-0.03352007615769955,0.5449249778098338,-0.21680296415038888,1.9535138126504805,-1.175735064194511,-0.40583972495671383,-0.16278112867447064
0,-0.9564192301180523,-0.3693648410115938,-0.47454519624983954,-0.4736736092984604,-0.37816447639580775,0.5446511676720712,-0.5095104222433947,-0.497228546751122,-0.6244040257055189,-0.9564192301180523,-0.3693648410115938,-0.47454519624983954,-0.4736736092984604,-0.37816447639580775,0.5446511676720712,-0.5095104222433947,-0.497228546751122,-0.6244040257055189,-0.9499204033144478,-0.8463854768529693,-0.3760014818308347,-0.3895323082701867,-0.4258073456586648,-0.5146655111786901,-0.7931997725050967,-0.7486827962246486,-0.6793579370831097,-0.5892568139740777,-0.4030649954631285,-0.4194008220350217,-0.4746027279775913,-0.04105904351514409,-0.5569533474872684,-0.4975534921199921,-0.5523538913507477,-0.2328872501475753,-0.28708333828187355,-0.32078666523533045,-0.39610534423349997,-0.38113017778990566,-0.3694246287326534,-0.2751579580367754,-0.2900883232983121,-0.2955781683826058,-0.3888554871521795,-0.41265547100857053,-0.2943754514063852,-0.3658086479243954,-0.19142217096055295,-0.10095107670490644,-0.45072062643411087,-0.3758635851280397,-0.38745749122205647,0.5449215208897721,-0.14575511629852972,-0.07507948397468743,-0.337529114616601,-0.7538678336953983,-0.5628147359378447,-0.564416590908148,-0.714793108726999,-0.5582434766457356,-0.4271559153457235,1.3555735383351193,-1.3555735383351195,-0.4820426798824101,-0.3075623426146228,0.6158384251930635,-0.13085598064755344,-0.2359813632291101,-0.2662958158485814,-0.19611613513818404,-0.19300937626135234,-0.12168146174384352,-0.06715342778730747,-0.03352007615769955,0.5449249778098338,-0.21680296415038888,1.9535138126504805,-1.175735064194511,-0.40583972495671383,-0.16278112867447064,0.8119223343984152,-0.1699069165076462,-0.2081478487327801,-0.6981970580620328,1.3555735383351193,-1.3555735383351195,1.3555735383351193,-1.3555735383351195,1.3555735383351193,-1.3555735383351195,1.3555735383351193,-1.3555735383351195,-0.4820426798824101,-0.3075623426146228,0.6158384251930635,-0.4820426798824101,-0.3075623426146228,0.6158384251930635,-0.4820426798824101,-0.3075623426146228,0.6158384251930635,-0.13085598064755344,-0.2359813632291101,-0.2662958158485814,-0.19611613513818404,-0.19300937626135234,-0.12168146174384352,-0.06715342778730747,-0.03352007615769955,0.5449249778098338,-0.13085598064755344,-0.2359813632291101,-0.2662958158485814,-0.19611613513818404,-0.19300937626135234,-0.12168146174384352,-0.06715342778730747,-0.03352007615769955,0.5449249778098338,-0.21680296415038888,1.9535138126504805,-1.175735064194511,-0.40583972495671383,-0.16278112867447064
0,-0.952531347068792,0.8273772438659699,-0.47454519624983954,-0.4736736092984604,-0.45868653362335343,0.5446511676720712,0.96425644365423,-0.1524576244513169,-0.6244040257055189,-0.952531347068792,0.8273772438659699,-0.47454519624983954,-0.4736736092984604,-0.45868653362335343,0.5446511676720712,0.96425644365423,-0.1524576244513169,-0.6244040257055189,-0.9482279806521561,-0.5701984123547857,-0.3760014818308347,-0.3895323082701867,-0.4545010185446006,-0.5111833171114446,-0.37032123678868634,-0.6401317724649981,-0.6784437348557945,0.8635041745453002,-0.4030649954631285,-0.4194008220350217,-0.4552537904059585,0.7925352191037062,1.3577269342345568,0.3560796814594294,-0.3576753639798948,-0.2328872501475753,-0.28708333828187355,-0.32078666523533045,-0.39610534423349997,-0.38113017778990566,-0.3694246287326534,-0.2751579580367754,-0.2900883232983121,-0.2955781683826058,-0.3888554871521795,-0.41265547100857053,-0.2943754514063852,-0.3658086479243954,-0.1965128559921827,-0.255068795059142,-0.33388234645547626,-0.385559803502106,-0.40405881965095053,0.5449215208897721,1.1227307914744915,0.2690969755635181,-0.337529114616601,0.9989187709831968,0.3979510692708079,-0.22342026433344614,-0.45345512765364804,-0.4590224637410178,-0.4271559153457235,-0.7376951317802901,0.7376951317802901,-0.4820426798824101,-0.3075623426146228,0.6158384251930635,-0.13085598064755344,-0.2359813632291101,-0.2662958158485814,-0.19611613513818404,-0.19300937626135234,-0.12168146174384352,-0.06715342778730747,-0.03352007615769955,0.5449249778098338,-0.21680296415038888,-0.5118980953829163,0.8505317485662419,-0.40583972495671383,-0.16278112867447064,0.8119223343984152,-0.1699069165076462,-0.2081478487327801,-0.6981970580620328,-0.7376951317802901,0.7376951317802901,-0.7376951317802901,0.7376951317802901,-0.7376951317802901,0.7376951317802901,-0.7376951317802901,0.7376951317802901,-0.4820426798824101,-0.3075623426146228,0.6158384251930635,-0.4820426798824101,-0.3075623426146228,0.6158384251930635,-0.4820426798824101,-0.3075623426146228,0.6158384251930635,-0.13085598064755344,-0.2359813632291101,-0.2662958158485814,-0.19611613513818404,-0.19300937626135234,-0.12168146174384352,-0.06715342778730747,-0.03352007615769955,0.5449249778098338,-0.13085598064755344,-0.2359813632291101,-0.2662958158485814,-0.19611613513818404,-0.19300937626135234,-0.12168146174384352,-0.06715342778730747,-0.03352007615769955,0.5449249778098338,-0.21680296415038888,-0.5118980953829163,0.8505317485662419,-0.40583972495671383,-0.16278112867447064
0,-0.9486434640195316,0.8273772438659699,6.784163299176891,2.0089333664952354,0.7491443247898313,0.5446511676720712,0.96425644365423,-0.1524576244513169,4.944604852208569,-0.9486434640195316,0.8273772438659699,6.784163299176891,2.0089333664952354,0.7491443247898313,0.5446511676720712,0.96425644365423,-0.1524576244513169,4.944604852208569,-0.9465271169790799,-0.5661168301208225,2.4246771811336796,0.53700555682493,-0.014519275897931032,-0.507701123044199,-0.36636684674693915,-0.6380033210187305,1.1691589665482847,0.8635041745453002,7.131149919732275,2.3973288194212925,3.027554972487937,0.7925352191037062,1.3577269342345568,0.3560796814594294,5.482680457145692,9.782318294660367,7.801177670703085,6.662489001388096,6.99799748277953,8.8340755796773,6.426081832186968,9.224879546915881,1.1701867956779368,1.6670366079425074,2.313747507607776,3.351533038490722,1.4171320670477043,4.278350106359282,0.07421902978085455,2.056696980254391,2.0951582017099084,0.3901376664231953,2.708690260766689,0.5449215208897721,1.1227307914744915,0.2690969755635181,5.046805301634443,0.9989187709831968,0.3979510692708079,6.214177052516229,-0.45345512765364804,3.5098180524476947,7.196197526277503,-0.7376951317802901,0.7376951317802901,-0.4820426798824101,-0.3075623426146228,0.6158384251930635,-0.13085598064755344,-0.2359813632291101,-0.2662958158485814,-0.19611613513818404,-0.19300937626135234,-0.12168146174384352,-0.06715342778730747,-0.03352007615769955,0.5449249778098338,-0.21680296415038888,-0.5118980953829163,0.8505317485662419,-0.40583972495671383,-0.16278112867447064,-1.2316448970959013,5.885575587824865,-0.2081478487327801,-0.6981970580620328,-0.7376951317802901,0.7376951317802901,-0.7376951317802901,0.7376951317802901,-0.7376951317802901,0.7376951317802901,-0.7376951317802901,0.7376951317802901,-0.4820426798824101,-0.3075623426146228,0.6158384251930635,-0.4820426798824101,-0.3075623426146228,0.6158384251930635,-0.4820426798824101,-0.3075623426146228,0.6158384251930635,-0.13085598064755344,-0.2359813632291101,-0.2662958158485814,-0.19611613513818404,-0.19300937626135234,-0.12168146174384352,-0.06715342778730747,-0.03352007615769955,0.5449249778098338,-0.13085598064755344,-0.2359813632291101,-0.2662958158485814,-0.19611613513818404,-0.19300937626135234,-0.12168146174384352,-0.06715342778730747,-0.03352007615769955,0.5449249778098338,-0.21680296415038888,-0.5118980953829163,0.8505317485662419,-0.40583972495671383,-0.16278112867447064
0,-0.9447555809702712,0.8273772438659699,-0.47454519624983954,-0.4736736092984604,-0.5190780765440126,0.5446511676720712,0.96425644365423,0.5370842201482933,-0.6244040257055189,-0.9447555809702712,0.8273772438659699,-0.47454519624983954,-0.4736736092984604,-0.5190780765440126,0.5446511676720712,0.96425644365423,0.5370842201482933,-0.6244040257055189,-0.9448178122952192,-0.5620352478868592,-0.3760014818308347,-0.3895323082701867,-0.4759396540383909,-0.5042189289769534,-0.36241245670519195,-0.41983704777629555,-0.676615330401164,0.8635041745453002,-0.4030649954631285,-0.4194008220350217,-0.6293942285506533,0.7925352191037062,1.3577269342345568,1.209712855038851,-0.3576753639798948,-0.2328872501475753,-0.28708333828187355,-0.32078666523533045,-0.39610534423349997,-0.38113017778990566,-0.3694246287326534,-0.2751579580367754,-0.2900883232983121,-0.2955781683826058,-0.3888554871521795,-0.41265547100857053,-0.2943754514063852,-0.3658086479243954,-0.19911604720153883,-0.3706570838248186,-0.4553343738637455,-0.385559803502106,-0.4165098159726211,0.5449215208897721,1.1227307914744915,0.9574498946399291,-0.337529114616601,0.9989187709831968,1.1401173391344044,-0.22342026433344614,0.29322481827021163,-0.26058043793158214,-0.4271559153457235,-0.7376951317802901,0.7376951317802901,-0.4820426798824101,-0.3075623426146228,0.6158384251930635,-0.13085598064755344,-0.2359813632291101,-0.2662958158485814,-0.19611613513818404,-0.19300937626135234,-0.12168146174384352,-0.06715342778730747,-0.03352007615769955,0.5449249778098338,-0.21680296415038888,-0.5118980953829163,0.8505317485662419,-0.40583972495671383,-0.16278112867447064,0.8119223343984152,-0.1699069165076462,-0.2081478487327801,-0.6981970580620328,-0.7376951317802901,0.7376951317802901,-0.7376951317802901,0.7376951317802901,-0.7376951317802901,0.7376951317802901,-0.7376951317802901,0.7376951317802901,-0.4820426798824101,-0.3075623426146228,0.6158384251930635,-0.4820426798824101,-0.3075623426146228,0.6158384251930635,-0.4820426798824101,-0.3075623426146228,0.6158384251930635,-0.13085598064755344,-0.2359813632291101,-0.2662958158485814,-0.19611613513818404,-0.19300937626135234,-0.12168146174384352,-0.06715342778730747,-0.03352007615769955,0.5449249778098338,-0.13085598064755344,-0.2359813632291101,-0.2662958158485814,-0.19611613513818404,-0.19300937626135234,-0.12168146174384352,-0.06715342778730747,-0.03352007615769955,0.5449249778098338,-0.21680296415038888,-0.5118980953829163,0.8505317485662419,-0.40583972495671383,-0.16278112867447064
0,-0.9408676979210109,0.8273772438659699,-0.47454519624983954,-0.4736736092984604,-0.4989475622371262,0.5446511676720712,-1.1168810094012038,1.2266260647479035,-0.6244040257055189,-0.9408676979210109,0.8273772438659699,-0.47454519624983954,-0.4736736092984604,-0.4989475622371262,0.5446511676720712,-1.1168810094012038,1.2266260647479035,-0.6244040257055189,-0.943100066600574,-0.5579536656528958,-0.3760014818308347,-0.3895323082701867,-0.468321864776638,-0.5007367349097079,-0.9618611724879321,-0.19954232308759293,-0.6757011281738488,0.8635041745453002,-0.4030649954631285,-0.4194008220350217,-0.571347415835755,0.7925352191037062,-0.7285731700889909,2.0633460286182723,-0.3576753639798948,-0.2328872501475753,-0.28708333828187355,-0.32078666523533045,-0.39610534423349997,-0.38113017778990566,-0.3694246287326534,-0.2751579580367754,-0.2900883232983121,-0.2955781683826058,-0.3888554871521795,-0.41265547100857053,-0.2943754514063852,-0.3658086479243954,-0.19836401418550262,-0.33212765423625973,-0.626822817058193,-0.32091834767499755,-0.4123594838653976,0.5449215208897721,-0.6685250661686233,1.64580281371634,-0.337529114616601,-1.1087392780725651,-0.33825880998393143,-0.7049484103449949,1.3385767425636153,-0.06213841212214652,-0.4271559153457235,-0.7376951317802901,0.7376951317802901,2.0745051044939435,-0.3075623426146228,-1.6238025415294657,-0.13085598064755344,-0.2359813632291101,-0.2662958158485814,-0.19611613513818404,-0.19300937626135234,-0.12168146174384352,-0.06715342778730747,-0.03352007615769955,0.5449249778098338,-0.21680296415038888,-0.5118980953829163,0.8505317485662419,-0.40583972495671383,-0.16278112867447064,0.8119223343984152,-0.1699069165076462,-0.2081478487327801,-0.6981970580620328,-0.7376951317802901,0.7376951317802901,-0.7376951317802901,0.7376951317802901,-0.7376951317802901,0.7376951317802901,-0.7376951317802901,0.7376951317802901,2.0745051044939435,-0.3075623426146228,-1.6238025415294657,2.0745051044939435,-0.3075623426146228,-1.6238025415294657,2.0745051044939435,-0.3075623426146228,-1.6238025415294657,-0.13085598064755344,-0.2359813632291101,-0.2662958158485814,-0.19611613513818404,-0.19300937626135234,-0.12168146174384352,-0.06715342778730747,-0.03352007615769955,0.5449249778098338,-0.13085598064755344,-0.2359813632291101,-0.2662958158485814,-0.19611613513818404,-0.19300937626135234,-0.12168146174384352,-0.06715342778730747,-0.03352007615769955,0.5449249778098338,-0.21680296415038888,-0.5118980953829163,0.8505317485662419,-0.40583972495671383,-0.16278112867447064
1,-0.9369798148717504,0.8273772438659699,-0.47454519624983954,-0.4736736092984604,-0.4788170479302398,0.5446511676720712,0.96425644365423,-1.1867703913507321,-0.6244040257055189,-0.9369798148717504,0.8273772438659699,-0.47454519624983954,-0.4736736092984604,-0.4788170479302398,0.5446511676720712,0.96425644365423,-1.1867703913507321,-0.6244040257055189,-0.9413738798951443,-0.5538720834189326,-0.3760014818308347,-0.3895323082701867,-0.46063152514096367,-0.49725454084246234,-0.3545036766216975,-0.9588673765435799,-0.6747869259465334,0.8635041745453002,-0.4030649954631285,-0.4194008220350217,-0.5133006031208568,0.7925352191037062,1.3577269342345568,-0.9243700789097029,-0.3576753639798948,-0.2328872501475753,-0.28708333828187355,-0.32078666523533045,-0.39610534423349997,-0.38113017778990566,-0.3694246287326534,-0.2751579580367754,-0.2900883232983121,-0.2955781683826058,-0.3888554871521795,-0.41265547100857053,-0.2943754514063852,-0.3658086479243954,-0.1974962837823839,-0.29359822464770086,-0.374366355591566,-0.47605784166005777,-0.40820915175817407,0.5449215208897721,1.1227307914744915,-0.7634324030510985,-0.337529114616601,0.9989187709831968,-0.7152983355245868,-0.22342026433344614,-1.0134650870965427,-0.7566855024551713,-0.4271559153457235,-0.7376951317802901,0.7376951317802901,-0.4820426798824101,-0.3075623426146228,0.6158384251930635,-0.13085598064755344,-0.2359813632291101,-0.2662958158485814,-0.19611613513818404,-0.19300937626135234,-0.12168146174384352,-0.06715342778730747,-0.03352007615769955,0.5449249778098338,-0.21680296415038888,-0.5118980953829163,0.8505317485662419,-0.40583972495671383,-0.16278112867447064,0.8119223343984152,-0.1699069165076462,-0.2081478487327801,-0.6981970580620328,-0.7376951317802901,0.7376951317802901,-0.7376951317802901,0.7376951317802901,-0.7376951317802901,0.7376951317802901,-0.7376951317802901,0.7376951317802901,-0.4820426798824101,-0.3075623426146228,0.6158384251930635,-0.4820426798824101,-0.3075623426146228,0.6158384251930635,-0.4820426798824101,-0.3075623426146228,0.6158384251930635,-0.13085598064755344,-0.2359813632291101,-0.2662958158485814,-0.19611613513818404,-0.19300937626135234,-0.12168146174384352,-0.06715342778730747,-0.03352007615769955,0.5449249778098338,-0.13085598064755344,-0.2359813632291101,-0.2662958158485814,-0.19611613513818404,-0.19300937626135234,-0.12168146174384352,-0.06715342778730747,-0.03352007615769955,0.5449249778098338,-0.21680296415038888,-0.5118980953829163,0.8505317485662419,-0.40583972495671383,-0.16278112867447064
0,-0.9330919318224901,0.8273772438659699,-0.47454519624983954,0.7676298785983874,-0.438556019316467,-1.9689485988043727,-0.5095104222433947,-1.5315413136505371,-0.0675031379141101,-0.9330919318224901,0.8273772438659699,-0.47454519624983954,0.7676298785983874,-0.438556019316467,-1.9689485988043727,-0.5095104222433947,-1.5315413136505371,-0.0675031379141101,-0.9396392521789301,-0.5497905011849693,-0.3760014818308347,0.08291026650603618,-0.4453959466174579,-1.2075671846975629,-0.7820411566248533,-1.0679505131647973,-0.48554706489228094,0.8635041745453002,-0.4030649954631285,0.9889639986931354,-0.3972069776910602,-1.6959162926786013,-0.11969588642374947,-1.3511866656994136,0.2263602181326639,-0.2328872501475753,-0.28708333828187355,-0.32078666523533045,-0.39610534423349997,-0.38113017778990566,-0.3694246287326534,-0.2751579580367754,0.07498045644575013,-0.15335970633006138,-0.382192264778511,0.4725028221561908,-0.2943754514063852,0.056387602465029836,-0.19541373081489902,-0.5999337881022982,-0.5078401192601508,-0.5019144239909011,-0.35840516647149184,-1.8448049704827396,-1.2664632877057758,-1.107608862589304,-0.8706525617483611,-0.7538678336953983,-1.086381470456385,-0.26165318579788244,-1.0507990843927357,-0.855906515359889,-0.23657207930514282,1.3555735383351193,-1.3555735383351195,-0.4820426798824101,-0.3075623426146228,0.6158384251930635,-0.13085598064755344,-0.2359813632291101,-0.2662958158485814,-0.19611613513818404,-0.19300937626135234,-0.12168146174384352,14.891272611835431,-0.03352007615769955,-1.8351149988007645,-0.21680296415038888,1.9535138126504805,-1.175735064194511,-0.40583972495671383,-0.16278112867447064,-1.2316448970959013,-0.1699069165076462,-0.2081478487327801,1.4322604033532795,1.3555735383351193,-1.3555735383351195,1.3555735383351193,-1.3555735383351195,1.3555735383351193,-1.3555735383351195,1.3555735383351193,-1.3555735383351195,-0.4820426798824101,-0.3075623426146228,0.6158384251930635,-0.4820426798824101,-0.3075623426146228,0.6158384251930635,-0.4820426798824101,-0.3075623426146228,0.6158384251930635,-0.13085598064755344,-0.2359813632291101,-0.2662958158485814,-0.19611613513818404,-0.19300937626135234,-0.12168146174384352,14.891272611835431,-0.03352007615769955,-1.8351149988007645,-0.13085598064755344,-0.2359813632291101,-0.2662958158485814,-0.19611613513818404,-0.19300937626135234,-0.12168146174384352,14.891272611835431,-0.03352007615769955,-1.8351149988007645,-0.21680296415038888,1.9535138126504805,-1.175735064194511,-0.40583972495671383,-0.16278112867447064
0,-0.9292040487732297,0.8273772438659699,0.4327933656785018,-0.4736736092984604,-0.33790344778203496,0.5446511676720712,0.96425644365423,0.5370842201482933,-0.0675031379141101,-0.9292040487732297,0.8273772438659699,0.4327933656785018,-0.4736736092984604,-0.33790344778203496,0.5446511676720712,0.96425644365423,0.5370842201482933,-0.0675031379141101,-0.9378961834519314,-0.5457089189510059,-0.01725118280010796,-0.3895323082701867,-0.4074883762434972,-0.4902901527079712,-0.34659489653820313,-0.40706633909868956,-0.4837186604376505,0.8635041745453002,0.5387118689362969,-0.4194008220350217,-0.10697291411656897,0.7925352191037062,1.3577269342345568,1.209712855038851,0.2263602181326639,-0.07639966350995119,-0.28708333828187355,-0.1310237395118678,0.5281575091431288,0.770770541893495,0.9047328326897756,-0.05924801474239681,-0.2900883232983121,-0.2955781683826058,-0.3888554871521795,-0.41265547100857053,-0.2943754514063852,-0.3658086479243954,-0.1881826441222431,-0.023892217527788678,-0.09097829163893781,-0.2110278727689132,-0.31690184539925664,0.5449215208897721,1.1227307914744915,0.9574498946399291,0.20090432700850336,0.9989187709831968,1.1401173391344044,0.42033946735152133,0.29322481827021163,0.33474563949672476,-0.23657207930514282,-0.7376951317802901,0.7376951317802901,-0.4820426798824101,-0.3075623426146228,0.6158384251930635,-0.13085598064755344,-0.2359813632291101,-0.2662958158485814,-0.19611613513818404,-0.19300937626135234,-0.12168146174384352,-0.06715342778730747,-0.03352007615769955,0.5449249778098338,-0.21680296415038888,-0.5118980953829163,0.8505317485662419,-0.40583972495671383,-0.16278112867447064,-1.2316448970959013,-0.1699069165076462,-0.2081478487327801,1.4322604033532795,-0.7376951317802901,0.7376951317802901,-0.7376951317802901,0.7376951317802901,-0.7376951317802901,0.7376951317802901,-0.7376951317802901,0.7376951317802901,-0.4820426798824101,-0.3075623426146228,0.6158384251930635,-0.4820426798824101,-0.3075623426146228,0.6158384251930635,-0.4820426798824101,-0.3075623426146228,0.6158384251930635,-0.13085598064755344,-0.2359813632291101,-0.2662958158485814,-0.19611613513818404,-0.19300937626135234,-0.12168146174384352,-0.06715342778730747,-0.03352007615769955,0.5449249778098338,-0.13085598064755344,-0.2359813632291101,-0.2662958158485814,-0.19611613513818404,-0.19300937626135234,-0.12168146174384352,-0.06715342778730747,-0.03352007615769955,0.5449249778098338,-0.21680296415038888,-0.5118980953829163,0.8505317485662419,-0.40583972495671383,-0.16278112867447064
1,-0.9253161657239694,0.8273772438659699,-0.47454519624983954,-0.4736736092984604,-0.2775119048613757,0.5446511676720712,-1.1168810094012038,-0.1524576244513169,-0.0675031379141101,-0.9253161657239694,0.8273772438659699,-0.47454519624983954,-0.4736736092984604,-0.2775119048613757,0.5446511676720712,-1.1168810094012038,-0.1524576244513169,-0.0675031379141101,-0.9361446737141482,-0.5416273367170427,-0.3760014818308347,-0.3895323082701867,-0.384308531775592,-0.4868079586407256,-0.9578750457684824,-0.6252326123411245,-0.48189025598302004,0.8635041745453002,-0.4030649954631285,-0.4194008220350217,0.0671675240281258,0.7925352191037062,-0.7285731700889909,0.3560796814594294,0.2263602181326639,-0.2328872501475753,-0.28708333828187355,-0.32078666523533045,-0.39610534423349997,-0.38113017778990566,-0.3694246287326534,-0.2751579580367754,-0.2900883232983121,-0.2955781683826058,-0.3888554871521795,-0.41265547100857053,-0.2943754514063852,-0.3658086479243954,-0.1824556234616596,0.09169607123788796,-0.5145982845091931,-0.26920518301331076,-0.29199985275591556,0.5449215208897721,-0.6685250661686233,0.2690969755635181,0.20090432700850336,-1.1087392780725651,-0.7123201402201582,-0.5427168246715761,-0.45345512765364804,-0.06213841212214652,-0.23657207930514282,-0.7376951317802901,0.7376951317802901,2.0745051044939435,-0.3075623426146228,-1.6238025415294657,-0.13085598064755344,-0.2359813632291101,-0.2662958158485814,-0.19611613513818404,-0.19300937626135234,-0.12168146174384352,-0.06715342778730747,-0.03352007615769955,0.5449249778098338,-0.21680296415038888,-0.5118980953829163,0.8505317485662419,-0.40583972495671383,-0.16278112867447064,0.8119223343984152,-0.1699069165076462,-0.2081478487327801,-0.6981970580620328,-0.7376951317802901,0.7376951317802901,-0.7376951317802901,0.7376951317802901,-0.7376951317802901,0.7376951317802901,-0.7376951317802901,0.7376951317802901,2.0745051044939435,-0.3075623426146228,-1.6238025415294657,2.0745051044939435,-0.3075623426146228,-1.6238025415294657,2.0745051044939435,-0.3075623426146228,-1.6238025415294657,-0.13085598064755344,-0.2359813632291101,-0.2662958158485814,-0.19611613513818404,-0.19300937626135234,-0.12168146174384352,-0.06715342778730747,-0.03352007615769955,0.5449249778098338,-0.13085598064755344,-0.2359813632291101,-0.2662958158485814,-0.19611613513818404,-0.19300937626135234,-0.12168146174384352,-0.06715342778730747,-0.03352007615769955,0.5449249778098338,-0.21680296415038888,-0.5118980953829163,0.8505317485662419,-0.40583972495671383,-0.16278112867447064
1,-0.921428282674709,0.8273772438659699,-0.47454519624983954,-0.4736736092984604,-0.4989475622371262,0.5446511676720712,-1.5500791487711116,-1.5315413136505371,-0.6244040257055189,-0.921428282674709,0.8273772438659699,-0.47454519624983954,-0.4736736092984604,-0.4989475622371262,0.5446511676720712,-1.5500791487711116,-1.5315413136505371,-0.6244040257055189,-0.9343847229655805,-0.5375457544830794,-0.3760014818308347,-0.3895323082701867,-0.46705223323301254,-0.4833257645734801,-1.0855580475016873,-1.0679505131647973,-0.6711301170372725,0.8635041745453002,-0.4030649954631285,-0.4194008220350217,-0.571347415835755,0.7925352191037062,-1.1628459385855234,-1.3511866656994136,-0.3576753639798948,-0.2328872501475753,-0.28708333828187355,-0.32078666523533045,-0.39610534423349997,-0.38113017778990566,-0.3694246287326534,-0.2751579580367754,-0.2900883232983121,-0.2955781683826058,-0.3888554871521795,-0.41265547100857053,-0.2943754514063852,-0.3658086479243954,-0.19836401418550262,-0.33212765423625973,-0.6709458382514594,-0.5019144239909011,-0.4123594838653976,0.5449215208897721,-1.0413830451200872,-1.107608862589304,-0.337529114616601,-1.2307930204368625,-1.086381470456385,-0.8051806639139224,-1.0507990843927357,-0.855906515359889,-0.4271559153457235,1.3555735383351193,-1.3555735383351195,-0.4820426798824101,3.2513733362117265,-1.6238025415294657,-0.13085598064755344,-0.2359813632291101,-0.2662958158485814,-0.19611613513818404,-0.19300937626135234,-0.12168146174384352,-0.06715342778730747,-0.03352007615769955,0.5449249778098338,-0.21680296415038888,1.9535138126504805,-1.175735064194511,-0.40583972495671383,-0.16278112867447064,0.8119223343984152,-0.1699069165076462,-0.2081478487327801,-0.6981970580620328,1.3555735383351193,-1.3555735383351195,1.3555735383351193,-1.3555735383351195,1.3555735383351193,-1.3555735383351195,1.3555735383351193,-1.3555735383351195,-0.4820426798824101,3.2513733362117265,-1.6238025415294657,-0.4820426798824101,3.2513733362117265,-1.6238025415294657,-0.4820426798824101,3.2513733362117265,-1.6238025415294657,-0.13085598064755344,-0.2359813632291101,-0.2662958158485814,-0.19611613513818404,-0.19300937626135234,-0.12168146174384352,-0.06715342778730747,-0.03352007615769955,0.5449249778098338,-0.13085598064755344,-0.2359813632291101,-0.2662958158485814,-0.19611613513818404,-0.19300937626135234,-0.12168146174384352,-0.06715342778730747,-0.03352007615769955,0.5449249778098338,-0.21680296415038888,1.9535138126504805,-1.175735064194511,-0.40583972495671383,-0.16278112867447064
1,-0.9175403996254486,-1.5661069258891576,-0.47454519624983954,-0.4736736092984604,-0.01581521887185237,-1.9265985531848488,-1.1168810094012038,0.8818551424480984,-0.6244040257055189,-0.9175403996254486,-1.5661069258891576,-0.47454519624983954,-0.4736736092984604,-0.01581521887185237,-1.9265985531848488,-1.1168810094012038,0.8818551424480984,-0.6244040257055189,-0.9326163312062283,-1.1048856850039783,-0.3760014818308347,-0.3895323082701867,-0.28397136464221845,-1.1952387066882812,-0.9558819824087574,-0.2857446066614331,-0.6702159148099573,-1.4609134070857044,-0.4030649954631285,-0.4194008220350217,-0.3778580401194275,-1.6901616971772877,-1.1971699031058678,-0.35528129652342183,-0.7470324187216006,-0.2328872501475753,-0.28708333828187355,-0.32078666523533045,-0.39610534423349997,-0.38113017778990566,-0.3694246287326534,-0.2751579580367754,-0.2900883232983121,-0.2955781683826058,-0.3888554871521795,-0.41265547100857053,-0.2943754514063852,-0.3658086479243954,-0.1456060056758851,-0.5759193901733345,-0.38196929149673853,0.1994453717332254,-0.31275151329203316,-1.8437381397128192,-1.2589233365057262,-1.0553374870775845,-0.8642805683563481,-1.1087392780725651,-0.4317741425429881,-0.7049484103449949,0.7785667831207204,-0.16135942502686434,-0.4271559153457235,-0.7376951317802901,0.7376951317802901,2.0745051044939435,-0.3075623426146228,-1.6238025415294657,7.64198926981712,-0.2359813632291101,-0.2662958158485814,-0.19611613513818404,-0.19300937626135234,-0.12168146174384352,-0.06715342778730747,-0.03352007615769955,-1.8351149988007645,-0.21680296415038888,-0.5118980953829163,0.8505317485662419,-0.40583972495671383,-0.16278112867447064,0.8119223343984152,-0.1699069165076462,-0.2081478487327801,-0.6981970580620328,-0.7376951317802901,0.7376951317802901,-0.7376951317802901,0.7376951317802901,-0.7376951317802901,0.7376951317802901,-0.7376951317802901,0.7376951317802901,2.0745051044939435,-0.3075623426146228,-1.6238025415294657,2.0745051044939435,-0.3075623426146228,-1.6238025415294657,2.0745051044939435,-0.3075623426146228,-1.6238025415294657,7.64198926981712,-0.2359813632291101,-0.2662958158485814,-0.19611613513818404,-0.19300937626135234,-0.12168146174384352,-0.06715342778730747,-0.03352007615769955,-1.8351149988007645,7.64198926981712,-0.2359813632291101,-0.2662958158485814,-0.19611613513818404,-0.19300937626135234,-0.12168146174384352,-0.06715342778730747,-0.03352007615769955,-1.8351149988007645,-0.21680296415038888,-0.5118980953829163,0.8505317485662419,-0.40583972495671383,-0.16278112867447064
0,-0.9136525165761882,0.8273772438659699,-0.47454519624983954,-0.4736736092984604,-0.4989475622371262,0.5446511676720712,0.96425644365423,-0.497228546751122,-0.6244040257055189,-0.9136525165761882,0.8273772438659699,-0.47454519624983954,-0.4736736092984604,-0.4989475622371262,0.5446511676720712,0.96425644365423,-0.497228546751122,-0.6244040257055189,-0.9308394984360917,-0.5293825900151528,-0.3760014818308347,-0.3895323082701867,-0.4665443806155623,-0.47636137643898896,-0.33077733637121437,-0.7311230717929404,-0.6693017125826421,0.8635041745453002,-0.4030649954631285,-0.4194008220350217,-0.571347415835755,0.7925352191037062,1.3577269342345568,-0.07073690533028135,-0.3576753639798948,-0.2328872501475753,-0.28708333828187355,-0.32078666523533045,-0.39610534423349997,-0.38113017778990566,-0.3694246287326534,-0.2751579580367754,-0.2900883232983121,-0.2955781683826058,-0.3888554871521795,-0.41265547100857053,-0.2943754514063852,-0.3658086479243954,-0.19836401418550262,-0.33212765423625973,-0.41485036472765574,-0.4340408953724373,-0.4123594838653976,0.5449215208897721,1.1227307914744915,-0.07507948397468743,-0.337529114616601,0.9989187709831968,0.026867934339009688,-0.22342026433344614,-0.714793108726999,-0.5582434766457356,-0.4271559153457235,-0.7376951317802901,0.7376951317802901,-0.4820426798824101,-0.3075623426146228,0.6158384251930635,-0.13085598064755344,-0.2359813632291101,-0.2662958158485814,-0.19611613513818404,-0.19300937626135234,-0.12168146174384352,-0.06715342778730747,-0.03352007615769955,0.5449249778098338,-0.21680296415038888,-0.5118980953829163,0.8505317485662419,-0.40583972495671383,-0.16278112867447064,0.8119223343984152,-0.1699069165076462,-0.2081478487327801,-0.6981970580620328,-0.7376951317802901,0.7376951317802901,-0.7376951317802901,0.7376951317802901,-0.7376951317802901,0.7376951317802901,-0.7376951317802901,0.7376951317802901,-0.4820426798824101,-0.3075623426146228,0.6158384251930635,-0.4820426798824101,-0.3075623426146228,0.6158384251930635,-0.4820426798824101,-0.3075623426146228,0.6158384251930635,-0.13085598064755344,-0.2359813632291101,-0.2662958158485814,-0.19611613513818404,-0.19300937626135234,-0.12168146174384352,-0.06715342778730747,-0.03352007615769955,0.5449249778098338,-0.13085598064755344,-0.2359813632291101,-0.2662958158485814,-0.19611613513818404,-0.19300937626135234,-0.12168146174384352,-0.06715342778730747,-0.03352007615769955,0.5449249778098338,-0.21680296415038888,-0.5118980953829163,0.8505317485662419,-0.40583972495671383,-0.16278112867447064
1,-0.9097646335269278,-0.3693648410115938,-0.47454519624983954,-0.4736736092984604,-0.2171203619407165,0.5446511676720712,-0.5095104222433947,0.5370842201482933,-0.0675031379141101,-0.9097646335269278,-0.3693648410115938,-0.47454519624983954,-0.4736736092984604,-0.2171203619407165,0.5446511676720712,-0.5095104222433947,0.5370842201482933,-0.0675031379141101,-0.9290542246551705,-0.8137328189812628,-0.3760014818308347,-0.3895323082701867,-0.3586256994073966,-0.4728791823717434,-0.77088254074461,-0.39110295325168215,-0.4745766381644982,-0.5892568139740777,-0.4030649954631285,-0.4194008220350217,-0.16501972683146723,-0.04105904351514409,-0.5569533474872684,0.3560796814594294,-0.1629968366090419,-0.2328872501475753,-0.28708333828187355,-0.32078666523533045,-0.39610534423349997,-0.38113017778990566,-0.3694246287326534,-0.2751579580367754,-0.2900883232983121,-0.2955781683826058,-0.3888554871521795,-0.41265547100857053,-0.2943754514063852,-0.3658086479243954,-0.1756873263173337,0.20728436000356462,-0.29840197889800435,-0.09467325228011798,-0.2670978601125744,0.5449215208897721,-0.14575511629852972,0.9574498946399291,0.20090432700850336,-0.7538678336953983,-0.03924800141930428,-0.26165318579788244,0.29322481827021163,0.33474563949672476,-0.23657207930514282,1.3555735383351193,-1.3555735383351195,-0.4820426798824101,-0.3075623426146228,0.6158384251930635,-0.13085598064755344,-0.2359813632291101,-0.2662958158485814,-0.19611613513818404,-0.19300937626135234,-0.12168146174384352,-0.06715342778730747,-0.03352007615769955,0.5449249778098338,-0.21680296415038888,1.9535138126504805,-1.175735064194511,-0.40583972495671383,-0.16278112867447064,0.8119223343984152,-0.1699069165076462,-0.2081478487327801,-0.6981970580620328,1.3555735383351193,-1.3555735383351195,1.3555735383351193,-1.3555735383351195,1.3555735383351193,-1.3555735383351195,1.3555735383351193,-1.3555735383351195,-0.4820426798824101,-0.3075623426146228,0.6158384251930635,-0.4820426798824101,-0.3075623426146228,0.6158384251930635,-0.4820426798824101,-0.3075623426146228,0.6158384251930635,-0.13085598064755344,-0.2359813632291101,-0.2662958158485814,-0.19611613513818404,-0.19300937626135234,-0.12168146174384352,-0.06715342778730747,-0.03352007615769955,0.5449249778098338,-0.13085598064755344,-0.2359813632291101,-0.2662958158485814,-0.19611613513818404,-0.19300937626135234,-0.12168146174384352,-0.06715342778730747,-0.03352007615769955,0.5449249778098338,-0.21680296415038888,1.9535138126504805,-1.175735064194511,-0.40583972495671383,-0.16278112867447064
0,-0.9058767504776675,0.8273772438659699,-0.47454519624983954,-0.4736736092984604,-0.4989475622371262,0.5446511676720712,0.96425644365423,-0.841999469050927,-0.6244040257055189,-0.9058767504776675,0.8273772438659699,-0.47454519624983954,-0.4736736092984604,-0.4989475622371262,0.5446511676720712,0.96425644365423,-0.841999469050927,-0.6244040257055189,-0.9272605098634649,-0.5212194255472261,-0.3760014818308347,-0.3895323082701867,-0.4660365279981121,-0.46939698830449783,-0.32286855628771993,-0.8412704341372917,-0.6674733081280116,0.8635041745453002,-0.4030649954631285,-0.4194008220350217,-0.571347415835755,0.7925352191037062,1.3577269342345568,-0.4975534921199921,-0.3576753639798948,-0.2328872501475753,-0.28708333828187355,-0.32078666523533045,-0.39610534423349997,-0.38113017778990566,-0.3694246287326534,-0.2751579580367754,-0.2900883232983121,-0.2955781683826058,-0.3888554871521795,-0.41265547100857053,-0.2943754514063852,-0.3658086479243954,-0.19836401418550262,-0.33212765423625973,-0.41485036472765574,-0.45666540491192525,-0.4123594838653976,0.5449215208897721,1.1227307914744915,-0.41925594351289297,-0.337529114616601,0.9989187709831968,-0.34421520059278854,-0.22342026433344614,-0.9014630952079639,-0.6574644895504534,-0.4271559153457235,-0.7376951317802901,0.7376951317802901,-0.4820426798824101,-0.3075623426146228,0.6158384251930635,-0.13085598064755344,-0.2359813632291101,-0.2662958158485814,-0.19611613513818404,-0.19300937626135234,-0.12168146174384352,-0.06715342778730747,-0.03352007615769955,0.5449249778098338,-0.21680296415038888,-0.5118980953829163,0.8505317485662419,-0.40583972495671383,-0.16278112867447064,0.8119223343984152,-0.1699069165076462,-0.2081478487327801,-0.6981970580620328,-0.7376951317802901,0.7376951317802901,-0.7376951317802901,0.7376951317802901,-0.7376951317802901,0.7376951317802901,-0.7376951317802901,0.7376951317802901,-0.4820426798824101,-0.3075623426146228,0.6158384251930635,-0.4820426798824101,-0.3075623426146228,0.6158384251930635,-0.4820426798824101,-0.3075623426146228,0.6158384251930635,-0.13085598064755344,-0.2359813632291101,-0.2662958158485814,-0.19611613513818404,-0.19300937626135234,-0.12168146174384352,-0.06715342778730747,-0.03352007615769955,0.5449249778098338,-0.13085598064755344,-0.2359813632291101,-0.2662958158485814,-0.19611613513818404,-0.19300937626135234,-0.12168146174384352,-0.06715342778730747,-0.03352007615769955,0.5449249778098338,-0.21680296415038888,-0.5118980953829163,0.8505317485662419,-0.40583972495671383,-0.16278112867447064
0,-0.9019888674284071,-0.3693648410115938,-0.47454519624983954,-0.4736736092984604,-0.37816447639580775,0.5446511676720712,0.96425644365423,0.19231329784848822,-0.6244040257055189,-0.9019888674284071,-0.3693648410115938,-0.47454519624983954,-0.4736736092984604,-0.37816447639580775,0.5446511676720712,0.96425644365423,0.19231329784848822,-0.6244040257055189,-0.9254583540609747,-0.8082907093359785,-0.3760014818308347,-0.3895323082701867,-0.4192052616318123,-0.4659147942372523,-0.31891416624597274,-0.4985897512881989,-0.6665591059006964,-0.5892568139740777,-0.4030649954631285,-0.4194008220350217,-0.4746027279775913,-0.04105904351514409,0.42799519961826915,0.0715352902662889,-0.5523538913507477,-0.2328872501475753,-0.28708333828187355,-0.32078666523533045,-0.39610534423349997,-0.38113017778990566,-0.3694246287326534,-0.2751579580367754,-0.2900883232983121,-0.2955781683826058,-0.3888554871521795,-0.41265547100857053,-0.2943754514063852,-0.3658086479243954,-0.19142217096055295,-0.10095107670490644,-0.17194630991111728,-0.2918296925527987,-0.38745749122205647,0.5449215208897721,1.1227307914744915,0.6132734351017236,-0.337529114616601,0.9989187709831968,0.7690342042026062,-0.22342026433344614,-0.1174491519879112,-0.3598014508363,-0.4271559153457235,-0.7376951317802901,0.7376951317802901,-0.4820426798824101,-0.3075623426146228,0.6158384251930635,-0.13085598064755344,-0.2359813632291101,-0.2662958158485814,-0.19611613513818404,-0.19300937626135234,-0.12168146174384352,-0.06715342778730747,-0.03352007615769955,0.5449249778098338,-0.21680296415038888,-0.5118980953829163,0.8505317485662419,-0.40583972495671383,-0.16278112867447064,0.8119223343984152,-0.1699069165076462,-0.2081478487327801,-0.6981970580620328,-0.7376951317802901,0.7376951317802901,-0.7376951317802901,0.7376951317802901,-0.7376951317802901,0.7376951317802901,-0.7376951317802901,0.7376951317802901,-0.4820426798824101,-0.3075623426146228,0.6158384251930635,-0.4820426798824101,-0.3075623426146228,0.6158384251930635,-0.4820426798824101,-0.3075623426146228,0.6158384251930635,-0.13085598064755344,-0.2359813632291101,-0.2662958158485814,-0.19611613513818404,-0.19300937626135234,-0.12168146174384352,-0.06715342778730747,-0.03352007615769955,0.5449249778098338,-0.13085598064755344,-0.2359813632291101,-0.2662958158485814,-0.19611613513818404,-0.19300937626135234,-0.12168146174384352,-0.06715342778730747,-0.03352007615769955,0.5449249778098338,-0.21680296415038888,-0.5118980953829163,0.8505317485662419,-0.40583972495671383,-0.16278112867447064
0,-0.8981009843791468,0.8273772438659699,0.4327933656785018,-0.4736736092984604,-0.4989475622371262,0.5446511676720712,-1.5366812681720423,1.2266260647479035,-0.6244040257055189,-0.8981009843791468,0.8273772438659699,0.4327933656785018,-0.4736736092984604,-0.4989475622371262,0.5446511676720712,-1.5366812681720423,1.2266260647479035,-0.6244040257055189,-0.9236477572477,-0.5130562610792996,-0.0033864369438479903,-0.3895323082701867,-0.46552867538066195,-0.4624326001700067,-1.0791789752834595,-0.15271639126970446,-0.6656449036733811,0.8635041745453002,0.5387118689362969,-0.4194008220350217,-0.571347415835755,0.7925352191037062,-1.1494148220340843,2.0633460286182723,-0.3576753639798948,-0.07639966350995119,-0.28708333828187355,-0.2322306332310479,0.5281575091431288,-0.26464583535001124,1.3294519864972518,-0.16720298638958608,-0.2900883232983121,-0.2955781683826058,-0.3888554871521795,-0.41265547100857053,-0.2943754514063852,-0.3658086479243954,-0.19836401418550262,-0.33212765423625973,-0.6695812087300181,-0.32091834767499755,-0.4123594838653976,0.5449215208897721,-1.0298513550494233,1.64580281371634,-0.337529114616601,-1.2286533543751765,-0.7861793837699864,-0.8020806973086978,1.3385767425636153,-0.06213841212214652,-0.4271559153457235,-0.7376951317802901,0.7376951317802901,-0.4820426798824101,3.2513733362117265,-1.6238025415294657,-0.13085598064755344,-0.2359813632291101,-0.2662958158485814,-0.19611613513818404,-0.19300937626135234,-0.12168146174384352,-0.06715342778730747,-0.03352007615769955,0.5449249778098338,-0.21680296415038888,-0.5118980953829163,0.8505317485662419,-0.40583972495671383,-0.16278112867447064,-1.2316448970959013,-0.1699069165076462,-0.2081478487327801,1.4322604033532795,-0.7376951317802901,0.7376951317802901,-0.7376951317802901,0.7376951317802901,-0.7376951317802901,0.7376951317802901,-0.7376951317802901,0.7376951317802901,-0.4820426798824101,3.2513733362117265,-1.6238025415294657,-0.4820426798824101,3.2513733362117265,-1.6238025415294657,-0.4820426798824101,3.2513733362117265,-1.6238025415294657,-0.13085598064755344,-0.2359813632291101,-0.2662958158485814,-0.19611613513818404,-0.19300937626135234,-0.12168146174384352,-0.06715342778730747,-0.03352007615769955,0.5449249778098338,-0.13085598064755344,-0.2359813632291101,-0.2662958158485814,-0.19611613513818404,-0.19300937626135234,-0.12168146174384352,-0.06715342778730747,-0.03352007615769955,0.5449249778098338,-0.21680296415038888,-0.5118980953829163,0.8505317485662419,-0.40583972495671383,-0.16278112867447064
1,-0.8942131013298863,-1.5661069258891576,0.4327933656785018,-0.4736736092984604,1.6348869542928333,-1.8668102534866975,-1.3133832581875537,0.19231329784848822,0.48939774987729867,-0.8942131013298863,-1.5661069258891576,0.4327933656785018,-0.4736736092984604,1.6348869542928333,-1.8668102534866975,-1.3133832581875537,0.19231329784848822,0.48939774987729867,-0.9218287194236409,-1.0967225205360518,-0.001653343711815494,-0.3895323082701867,0.36528193158089084,-1.1769829437085204,-1.0102278693067341,-0.49326862267252974,-0.2697953392458867,-1.4609134070857044,-0.0891393739966534,-0.4194008220350217,1.2087548407544582,-1.6704316554584984,-1.2628331395795704,-0.6398256877165623,-0.3576753639798948,-0.07639966350995119,-0.28708333828187355,1.1087607085480882,-0.35417626015527026,-0.17219794452469814,0.6923732557860374,0.048706956904792466,-0.2900883232983121,-0.2955781683826058,-0.3888554871521795,-0.41265547100857053,-0.2943754514063852,-0.3658086479243954,0.5374713676591627,-0.4043228378834608,0.1315213027141461,1.3242067031249123,0.9655507757328107,-1.8399449636419904,-1.2523121374645567,-1.0295412238380346,-0.8026846322335551,-1.177626087863427,-0.7498454010559581,-0.5168837696280381,-0.1174491519879112,0.6324086782108782,0.08106764742915833,1.3555735383351193,-1.3555735383351195,2.0745051044939435,-0.3075623426146228,-1.6238025415294657,-0.13085598064755344,-0.2359813632291101,-0.2662958158485814,5.099019513592785,-0.19300937626135234,-0.12168146174384352,-0.06715342778730747,-0.03352007615769955,-1.8351149988007645,-0.21680296415038888,1.9535138126504805,-1.175735064194511,-0.40583972495671383,-0.16278112867447064,-1.2316448970959013,-0.1699069165076462,-0.2081478487327801,1.4322604033532795,1.3555735383351193,-1.3555735383351195,1.3555735383351193,-1.3555735383351195,1.3555735383351193,-1.3555735383351195,1.3555735383351193,-1.3555735383351195,2.0745051044939435,-0.3075623426146228,-1.6238025415294657,2.0745051044939435,-0.3075623426146228,-1.6238025415294657,2.0745051044939435,-0.3075623426146228,-1.6238025415294657,-0.13085598064755344,-0.2359813632291101,-0.2662958158485814,5.099019513592785,-0.19300937626135234,-0.12168146174384352,-0.06715342778730747,-0.03352007615769955,-1.8351149988007645,-0.13085598064755344,-0.2359813632291101,-0.2662958158485814,5.099019513592785,-0.19300937626135234,-0.12168146174384352,-0.06715342778730747,-0.03352007615769955,-1.8351149988007645,-0.21680296415038888,1.9535138126504805,-1.175735064194511,-0.40583972495671383,-0.16278112867447064
1,-0.8903252182806259,0.8273772438659699,-0.47454519624983954,-0.4736736092984604,-0.4989475622371262,0.5446511676720712,-0.5095104222433947,-0.1524576244513169,-0.6244040257055189,-0.8903252182806259,0.8273772438659699,-0.47454519624983954,-0.4736736092984604,-0.4989475622371262,0.5446511676720712,-0.5095104222433947,-0.1524576244513169,-0.6244040257055189,-0.9200012405887972,-0.5048930966113729,-0.3760014818308347,-0.3895323082701867,-0.46502082276321177,-0.4554682120355156,-0.7615836941777406,-0.6060765493247156,-0.6638164992187507,0.8635041745453002,-0.4030649954631285,-0.4194008220350217,-0.571347415835755,0.7925352191037062,-0.11969588642374947,0.3560796814594294,-0.3576753639798948,-0.2328872501475753,-0.28708333828187355,-0.32078666523533045,-0.39610534423349997,-0.38113017778990566,-0.3694246287326534,-0.2751579580367754,-0.2900883232983121,-0.2955781683826058,-0.3888554871521795,-0.41265547100857053,-0.2943754514063852,-0.3658086479243954,-0.19836401418550262,-0.33212765423625973,-0.5649596120861907,-0.41141638583294937,-0.4123594838653976,0.5449215208897721,-0.14575511629852972,0.2690969755635181,-0.337529114616601,-0.7538678336953983,-0.3882924910983312,-0.564416590908148,-0.45345512765364804,-0.4590224637410178,-0.4271559153457235,1.3555735383351193,-1.3555735383351195,-0.4820426798824101,-0.3075623426146228,0.6158384251930635,-0.13085598064755344,-0.2359813632291101,-0.2662958158485814,-0.19611613513818404,-0.19300937626135234,-0.12168146174384352,-0.06715342778730747,-0.03352007615769955,0.5449249778098338,-0.21680296415038888,1.9535138126504805,-1.175735064194511,-0.40583972495671383,-0.16278112867447064,0.8119223343984152,-0.1699069165076462,-0.2081478487327801,-0.6981970580620328,1.3555735383351193,-1.3555735383351195,1.3555735383351193,-1.3555735383351195,1.3555735383351193,-1.3555735383351195,1.3555735383351193,-1.3555735383351195,-0.4820426798824101,-0.3075623426146228,0.6158384251930635,-0.4820426798824101,-0.3075623426146228,0.6158384251930635,-0.4820426798824101,-0.3075623426146228,0.6158384251930635,-0.13085598064755344,-0.2359813632291101,-0.2662958158485814,-0.19611613513818404,-0.19300937626135234,-0.12168146174384352,-0.06715342778730747,-0.03352007615769955,0.5449249778098338,-0.13085598064755344,-0.2359813632291101,-0.2662958158485814,-0.19611613513818404,-0.19300937626135234,-0.12168146174384352,-0.06715342778730747,-0.03352007615769955,0.5449249778098338,-0.21680296415038888,1.9535138126504805,-1.175735064194511,-0.40583972495671383,-0.16278112867447064
0,-0.8864373352313656,-0.3693648410115938,0.4327933656785018,-0.4736736092984604,-0.09633727609939802,0.5446511676720712,0.96425644365423,1.2266260647479035,-0.0675031379141101,-0.8864373352313656,-0.3693648410115938,0.4327933656785018,-0.4736736092984604,-0.09633727609939802,0.5446511676720712,0.96425644365423,1.2266260647479035,-0.0675031379141101,-0.918165320743169,-0.7974064900454096,0.0018128427522494984,-0.3895323082701867,-0.3066070813057127,-0.45198601796827004,-0.303096606078984,-0.1399456825920985,-0.46360621143671543,-0.5892568139740777,0.2247862474698217,-0.4194008220350217,0.0671675240281258,-0.04105904351514409,0.42799519961826915,0.9251684638457104,-0.1629968366090419,-0.07639966350995119,-0.28708333828187355,0.020786601066902312,0.5281575091431288,0.770770541893495,1.3294519864972518,-0.05924801474239681,-0.2900883232983121,-0.2955781683826058,-0.3888554871521795,-0.41265547100857053,-0.2943754514063852,-0.3658086479243954,-0.15902690257745447,0.4384609375349179,0.3948298179941391,0.19621329894187,-0.2172938748258922,0.5449215208897721,1.1227307914744915,1.64580281371634,0.20090432700850336,0.9989187709831968,1.8822836089980008,0.42033946735152133,1.3385767425636153,0.7316296911155961,-0.23657207930514282,-0.7376951317802901,0.7376951317802901,-0.4820426798824101,-0.3075623426146228,0.6158384251930635,-0.13085598064755344,-0.2359813632291101,-0.2662958158485814,-0.19611613513818404,-0.19300937626135234,-0.12168146174384352,-0.06715342778730747,-0.03352007615769955,0.5449249778098338,-0.21680296415038888,-0.5118980953829163,0.8505317485662419,-0.40583972495671383,-0.16278112867447064,-1.2316448970959013,-0.1699069165076462,-0.2081478487327801,1.4322604033532795,-0.7376951317802901,0.7376951317802901,-0.7376951317802901,0.7376951317802901,-0.7376951317802901,0.7376951317802901,-0.7376951317802901,0.7376951317802901,-0.4820426798824101,-0.3075623426146228,0.6158384251930635,-0.4820426798824101,-0.3075623426146228,0.6158384251930635,-0.4820426798824101,-0.3075623426146228,0.6158384251930635,-0.13085598064755344,-0.2359813632291101,-0.2662958158485814,-0.19611613513818404,-0.19300937626135234,-0.12168146174384352,-0.06715342778730747,-0.03352007615769955,0.5449249778098338,-0.13085598064755344,-0.2359813632291101,-0.2662958158485814,-0.19611613513818404,-0.19300937626135234,-0.12168146174384352,-0.06715342778730747,-0.03352007615769955,0.5449249778098338,-0.21680296415038888,-0.5118980953829163,0.8505317485662419,-0.40583972495671383,-0.16278112867447064
1,-0.8825494521821052,-1.5661069258891576,-0.47454519624983954,-0.4736736092984604,0.8900579249380361,-1.8668102534866975,-1.3133832581875537,0.5370842201482933,-0.0675031379141101,-0.8825494521821052,-1.5661069258891576,-0.47454519624983954,-0.4736736092984604,0.8900579249380361,-1.8668102534866975,-1.3133832581875537,0.5370842201482933,-0.0675031379141101,-0.9163209598867563,-1.0926409383020885,-0.3760014818308347,-0.3895323082701867,0.08364138001779886,-1.176509035640197,-1.0080761225584962,-0.36875421306587175,-0.461777806982085,-1.4609134070857044,-0.4030649954631285,-0.4194008220350217,0.49284415060404635,-1.6704316554584984,-1.2628331395795704,-0.4975534921199921,-0.5523538913507477,-0.2328872501475753,-0.28708333828187355,-0.32078666523533045,-0.39610534423349997,-0.38113017778990566,-0.3694246287326534,-0.2751579580367754,-0.2900883232983121,-0.2955781683826058,-0.3888554871521795,-0.41265547100857053,-0.2943754514063852,-0.3658086479243954,0.13293545372522053,-0.46899452344532194,-0.14016993676898584,0.9719107688671713,0.18943867168201264,-1.8399449636419904,-1.2523121374645567,-1.0139276960877806,-0.8271106069029386,-1.177626087863427,-0.6825381871758727,-0.6336491784248299,0.29322481827021163,0.33474563949672476,-0.23657207930514282,1.3555735383351193,-1.3555735383351195,2.0745051044939435,-0.3075623426146228,-1.6238025415294657,-0.13085598064755344,-0.2359813632291101,-0.2662958158485814,5.099019513592785,-0.19300937626135234,-0.12168146174384352,-0.06715342778730747,-0.03352007615769955,-1.8351149988007645,-0.21680296415038888,1.9535138126504805,-1.175735064194511,-0.40583972495671383,-0.16278112867447064,0.8119223343984152,-0.1699069165076462,-0.2081478487327801,-0.6981970580620328,1.3555735383351193,-1.3555735383351195,1.3555735383351193,-1.3555735383351195,1.3555735383351193,-1.3555735383351195,1.3555735383351193,-1.3555735383351195,2.0745051044939435,-0.3075623426146228,-1.6238025415294657,2.0745051044939435,-0.3075623426146228,-1.6238025415294657,2.0745051044939435,-0.3075623426146228,-1.6238025415294657,-0.13085598064755344,-0.2359813632291101,-0.2662958158485814,5.099019513592785,-0.19300937626135234,-0.12168146174384352,-0.06715342778730747,-0.03352007615769955,-1.8351149988007645,-0.13085598064755344,-0.2359813632291101,-0.2662958158485814,5.099019513592785,-0.19300937626135234,-0.12168146174384352,-0.06715342778730747,-0.03352007615769955,-1.8351149988007645,-0.21680296415038888,1.9535138126504805,-1.175735064194511,-0.40583972495671383,-0.16278112867447064
0,-0.8786615691328449,-0.3693648410115938,-0.47454519624983954,-0.4736736092984604,-0.438556019316467,0.5446511676720712,0.96425644365423,0.19231329784848822,-0.6244040257055189,-0.8786615691328449,-0.3693648410115938,-0.47454519624983954,-0.4736736092984604,-0.438556019316467,0.5446511676720712,0.96425644365423,0.19231329784848822,-0.6244040257055189,-0.9144681580195592,-0.7919643804001252,-0.3760014818308347,-0.3895323082701867,-0.440317420442956,-0.4450216298337789,-0.2951878259954896,-0.4826263654411914,-0.661073892536805,-0.5892568139740777,-0.4030649954631285,-0.4194008220350217,-0.5906963534073878,-0.04105904351514409,0.42799519961826915,0.0715352902662889,-0.5523538913507477,-0.2328872501475753,-0.28708333828187355,-0.32078666523533045,-0.39610534423349997,-0.38113017778990566,-0.3694246287326534,-0.2751579580367754,-0.2900883232983121,-0.2955781683826058,-0.3888554871521795,-0.41265547100857053,-0.2943754514063852,-0.3658086479243954,-0.19541373081489902,-0.21653936547058308,-0.2933983373193865,-0.34031078442313006,-0.39990848754372704,0.5449215208897721,1.1227307914744915,0.6132734351017236,-0.337529114616601,0.9989187709831968,0.7690342042026062,-0.22342026433344614,-0.1174491519879112,-0.3598014508363,-0.4271559153457235,-0.7376951317802901,0.7376951317802901,-0.4820426798824101,-0.3075623426146228,0.6158384251930635,-0.13085598064755344,-0.2359813632291101,-0.2662958158485814,-0.19611613513818404,-0.19300937626135234,-0.12168146174384352,-0.06715342778730747,-0.03352007615769955,0.5449249778098338,-0.21680296415038888,-0.5118980953829163,0.8505317485662419,-0.40583972495671383,-0.16278112867447064,0.8119223343984152,-0.1699069165076462,-0.2081478487327801,-0.6981970580620328,-0.7376951317802901,0.7376951317802901,-0.7376951317802901,0.7376951317802901,-0.7376951317802901,0.7376951317802901,-0.7376951317802901,0.7376951317802901,-0.4820426798824101,-0.3075623426146228,0.6158384251930635,-0.4820426798824101,-0.3075623426146228,0.6158384251930635,-0.4820426798824101,-0.3075623426146228,0.6158384251930635,-0.13085598064755344,-0.2359813632291101,-0.2662958158485814,-0.19611613513818404,-0.19300937626135234,-0.12168146174384352,-0.06715342778730747,-0.03352007615769955,0.5449249778098338,-0.13085598064755344,-0.2359813632291101,-0.2662958158485814,-0.19611613513818404,-0.19300937626135234,-0.12168146174384352,-0.06715342778730747,-0.03352007615769955,0.5449249778098338,-0.21680296415038888,-0.5118980953829163,0.8505317485662419,-0.40583972495671383,-0.16278112867447064
1,-0.8747736860835844,0.8273772438659699,-0.47454519624983954,-0.4736736092984604,-0.4788170479302398,0.5446511676720712,0.96425644365423,-1.5315413136505371,-0.6244040257055189,-0.8747736860835844,0.8273772438659699,-0.47454519624983954,-0.4736736092984604,-0.4788170479302398,0.5446511676720712,0.96425644365423,-1.5315413136505371,-0.6244040257055189,-0.9126069151415775,-0.4885667676755197,-0.3760014818308347,-0.3895323082701867,-0.4559883012099905,-0.4415394357665334,-0.29123343595374235,-1.0679505131647973,-0.6601596903094898,0.8635041745453002,-0.4030649954631285,-0.4194008220350217,-0.5133006031208568,0.7925352191037062,1.3577269342345568,-1.3511866656994136,-0.3576753639798948,-0.2328872501475753,-0.28708333828187355,-0.32078666523533045,-0.39610534423349997,-0.38113017778990566,-0.3694246287326534,-0.2751579580367754,-0.2900883232983121,-0.2955781683826058,-0.3888554871521795,-0.41265547100857053,-0.2943754514063852,-0.3658086479243954,-0.1974962837823839,-0.29359822464770086,-0.374366355591566,-0.5019144239909011,-0.40820915175817407,0.5449215208897721,1.1227307914744915,-1.107608862589304,-0.337529114616601,0.9989187709831968,-1.086381470456385,-0.22342026433344614,-1.0507990843927357,-0.855906515359889,-0.4271559153457235,-0.7376951317802901,0.7376951317802901,-0.4820426798824101,-0.3075623426146228,0.6158384251930635,-0.13085598064755344,-0.2359813632291101,-0.2662958158485814,-0.19611613513818404,-0.19300937626135234,-0.12168146174384352,-0.06715342778730747,-0.03352007615769955,0.5449249778098338,-0.21680296415038888,-0.5118980953829163,0.8505317485662419,-0.40583972495671383,-0.16278112867447064,0.8119223343984152,-0.1699069165076462,-0.2081478487327801,-0.6981970580620328,-0.7376951317802901,0.7376951317802901,-0.7376951317802901,0.7376951317802901,-0.7376951317802901,0.7376951317802901,-0.7376951317802901,0.7376951317802901,-0.4820426798824101,-0.3075623426146228,0.6158384251930635,-0.4820426798824101,-0.3075623426146228,0.6158384251930635,-0.4820426798824101,-0.3075623426146228,0.6158384251930635,-0.13085598064755344,-0.2359813632291101,-0.2662958158485814,-0.19611613513818404,-0.19300937626135234,-0.12168146174384352,-0.06715342778730747,-0.03352007615769955,0.5449249778098338,-0.13085598064755344,-0.2359813632291101,-0.2662958158485814,-0.19611613513818404,-0.19300937626135234,-0.12168146174384352,-0.06715342778730747,-0.03352007615769955,0.5449249778098338,-0.21680296415038888,-0.5118980953829163,0.8505317485662419,-0.40583972495671383,-0.16278112867447064
0,-0.8708858030343241,-0.3693648410115938,-0.47454519624983954,-0.4736736092984604,-0.37816447639580775,0.5446511676720712,0.96425644365423,-0.1524576244513169,-0.6244040257055189,-0.8708858030343241,-0.3693648410115938,-0.47454519624983954,-0.4736736092984604,-0.37816447639580775,0.5446511676720712,0.96425644365423,-0.1524576244513169,-0.6244040257055189,-0.9107372312528114,-0.7865222707548408,-0.3760014818308347,-0.3895323082701867,-0.4154326421878966,-0.4380572416992878,-0.28727904591199516,-0.5954342920933773,-0.6592454880821745,-0.5892568139740777,-0.4030649954631285,-0.4194008220350217,-0.4746027279775913,-0.04105904351514409,0.42799519961826915,-0.2130091009268516,-0.5523538913507477,-0.2328872501475753,-0.28708333828187355,-0.32078666523533045,-0.39610534423349997,-0.38113017778990566,-0.3694246287326534,-0.2751579580367754,-0.2900883232983121,-0.2955781683826058,-0.3888554871521795,-0.41265547100857053,-0.2943754514063852,-0.3658086479243954,-0.19142217096055295,-0.10095107670490644,-0.17194630991111728,-0.3338466388404192,-0.38745749122205647,0.5449215208897721,1.1227307914744915,0.2690969755635181,-0.337529114616601,0.9989187709831968,0.3979510692708079,-0.22342026433344614,-0.45345512765364804,-0.4590224637410178,-0.4271559153457235,-0.7376951317802901,0.7376951317802901,-0.4820426798824101,-0.3075623426146228,0.6158384251930635,-0.13085598064755344,-0.2359813632291101,-0.2662958158485814,-0.19611613513818404,-0.19300937626135234,-0.12168146174384352,-0.06715342778730747,-0.03352007615769955,0.5449249778098338,-0.21680296415038888,-0.5118980953829163,0.8505317485662419,-0.40583972495671383,-0.16278112867447064,0.8119223343984152,-0.1699069165076462,-0.2081478487327801,-0.6981970580620328,-0.7376951317802901,0.7376951317802901,-0.7376951317802901,0.7376951317802901,-0.7376951317802901,0.7376951317802901,-0.7376951317802901,0.7376951317802901,-0.4820426798824101,-0.3075623426146228,0.6158384251930635,-0.4820426798824101,-0.3075623426146228,0.6158384251930635,-0.4820426798824101,-0.3075623426146228,0.6158384251930635,-0.13085598064755344,-0.2359813632291101,-0.2662958158485814,-0.19611613513818404,-0.19300937626135234,-0.12168146174384352,-0.06715342778730747,-0.03352007615769955,0.5449249778098338,-0.13085598064755344,-0.2359813632291101,-0.2662958158485814,-0.19611613513818404,-0.19300937626135234,-0.12168146174384352,-0.06715342778730747,-0.03352007615769955,0.5449249778098338,-0.21680296415038888,-0.5118980953829163,0.8505317485662419,-0.40583972495671383,-0.16278112867447064
0,-0.8669979199850637,0.8273772438659699,-0.47454519624983954,-0.4736736092984604,-0.4788170479302398,0.5446511676720712,0.96425644365423,1.5713969870477085,-0.6244040257055189,-0.8669979199850637,0.8273772438659699,-0.47454519624983954,-0.4736736092984604,-0.4788170479302398,0.5446511676720712,0.96425644365423,1.5713969870477085,-0.6244040257055189,-0.9088591063532607,-0.4804036032075931,-0.3760014818308347,-0.3895323082701867,-0.4554078982186188,-0.43457504763204224,-0.28332465587024797,0.0,-0.6583312858548593,0.8635041745453002,-0.4030649954631285,-0.4194008220350217,-0.5133006031208568,0.7925352191037062,1.3577269342345568,2.490162615407983,-0.3576753639798948,-0.2328872501475753,-0.28708333828187355,-0.32078666523533045,-0.39610534423349997,-0.38113017778990566,-0.3694246287326534,-0.2751579580367754,-0.2900883232983121,-0.2955781683826058,-0.3888554871521795,-0.41265547100857053,-0.2943754514063852,-0.3658086479243954,-0.1974962837823839,-0.29359822464770086,-0.374366355591566,-0.26920518301331076,-0.40820915175817407,0.5449215208897721,1.1227307914744915,1.9899792732545456,-0.337529114616601,0.9989187709831968,2.2533667439297993,-0.22342026433344614,1.973254696598896,0.0370826007825713,-0.4271559153457235,-0.7376951317802901,0.7376951317802901,-0.4820426798824101,-0.3075623426146228,0.6158384251930635,-0.13085598064755344,-0.2359813632291101,-0.2662958158485814,-0.19611613513818404,-0.19300937626135234,-0.12168146174384352,-0.06715342778730747,-0.03352007615769955,0.5449249778098338,-0.21680296415038888,-0.5118980953829163,0.8505317485662419,-0.40583972495671383,-0.16278112867447064,0.8119223343984152,-0.1699069165076462,-0.2081478487327801,-0.6981970580620328,-0.7376951317802901,0.7376951317802901,-0.7376951317802901,0.7376951317802901,-0.7376951317802901,0.7376951317802901,-0.7376951317802901,0.7376951317802901,-0.4820426798824101,-0.3075623426146228,0.6158384251930635,-0.4820426798824101,-0.3075623426146228,0.6158384251930635,-0.4820426798824101,-0.3075623426146228,0.6158384251930635,-0.13085598064755344,-0.2359813632291101,-0.2662958158485814,-0.19611613513818404,-0.19300937626135234,-0.12168146174384352,-0.06715342778730747,-0.03352007615769955,0.5449249778098338,-0.13085598064755344,-0.2359813632291101,-0.2662958158485814,-0.19611613513818404,-0.19300937626135234,-0.12168146174384352,-0.06715342778730747,-0.03352007615769955,0.5449249778098338,-0.21680296415038888,-0.5118980953829163,0.8505317485662419,-0.40583972495671383,-0.16278112867447064
0,-0.8631100369358033,0.8273772438659699,-0.47454519624983954,-0.4736736092984604,-0.4989475622371262,0.5446511676720712,0.96425644365423,-0.497228546751122,-0.6244040257055189,-0.8631100369358033,0.8273772438659699,-0.47454519624983954,-0.4736736092984604,-0.4989475622371262,0.5446511676720712,0.96425644365423,-0.497228546751122,-0.6244040257055189,-0.9069725404429256,-0.4763220209736298,-0.3760014818308347,-0.3895323082701867,-0.46324333860213607,-0.43109285356479665,-0.2793702658285008,-0.7103706701918309,-0.6574170836275441,0.8635041745453002,-0.4030649954631285,-0.4194008220350217,-0.571347415835755,0.7925352191037062,1.3577269342345568,-0.07073690533028135,-0.3576753639798948,-0.2328872501475753,-0.28708333828187355,-0.32078666523533045,-0.39610534423349997,-0.38113017778990566,-0.3694246287326534,-0.2751579580367754,-0.2900883232983121,-0.2955781683826058,-0.3888554871521795,-0.41265547100857053,-0.2943754514063852,-0.3658086479243954,-0.19836401418550262,-0.33212765423625973,-0.41485036472765574,-0.4340408953724373,-0.4123594838653976,0.5449215208897721,1.1227307914744915,-0.07507948397468743,-0.337529114616601,0.9989187709831968,0.026867934339009688,-0.22342026433344614,-0.714793108726999,-0.5582434766457356,-0.4271559153457235,-0.7376951317802901,0.7376951317802901,-0.4820426798824101,-0.3075623426146228,0.6158384251930635,-0.13085598064755344,-0.2359813632291101,-0.2662958158485814,-0.19611613513818404,-0.19300937626135234,-0.12168146174384352,-0.06715342778730747,-0.03352007615769955,0.5449249778098338,-0.21680296415038888,-0.5118980953829163,0.8505317485662419,-0.40583972495671383,-0.16278112867447064,0.8119223343984152,-0.1699069165076462,-0.2081478487327801,-0.6981970580620328,-0.7376951317802901,0.7376951317802901,-0.7376951317802901,0.7376951317802901,-0.7376951317802901,0.7376951317802901,-0.7376951317802901,0.7376951317802901,-0.4820426798824101,-0.3075623426146228,0.6158384251930635,-0.4820426798824101,-0.3075623426146228,0.6158384251930635,-0.4820426798824101,-0.3075623426146228,0.6158384251930635,-0.13085598064755344,-0.2359813632291101,-0.2662958158485814,-0.19611613513818404,-0.19300937626135234,-0.12168146174384352,-0.06715342778730747,-0.03352007615769955,0.5449249778098338,-0.13085598064755344,-0.2359813632291101,-0.2662958158485814,-0.19611613513818404,-0.19300937626135234,-0.12168146174384352,-0.06715342778730747,-0.03352007615769955,0.5449249778098338,-0.21680296415038888,-0.5118980953829163,0.8505317485662419,-0.40583972495671383,-0.16278112867447064
1,-0.859222153886543,-1.5661069258891576,0.4327933656785018,-0.4736736092984604,1.1718851252344458,-1.747233654090395,0.96425644365423,0.8818551424480984,-0.0675031379141101,-0.859222153886543,-1.5661069258891576,0.4327933656785018,-0.4736736092984604,1.1718851252344458,-1.747233654090395,0.96425644365423,0.8818551424480984,-0.0675031379141101,-0.905077533521806,-1.084477773834162,0.013944495376476972,-0.3895323082701867,0.21444970419818393,-1.1384727619825918,-0.2754158757867536,-0.22987275619690706,-0.4508073802543022,-1.4609134070857044,-0.0891393739966534,-0.4194008220350217,0.7637292766069049,-1.6309715720209197,-0.5017365349980186,-0.35528129652342183,-0.5523538913507477,-0.07639966350995119,-0.28708333828187355,0.8177908891054455,-0.31042417242146536,0.770770541893495,1.1170924095935137,-0.05924801474239681,-0.2900883232983121,-0.2955781683826058,-0.3888554871521795,-0.41265547100857053,-0.2943754514063852,-0.3658086479243954,0.26737581751507916,-0.2803751068007398,2.945322393567793,1.5342914345630148,0.3056479706842712,-1.8243260033503432,-1.050018544785101,-0.8842675308574113,-0.7761346597668339,0.9989187709831968,1.5112004740662026,0.42033946735152133,0.7785667831207204,0.5331876653061604,-0.23657207930514282,-0.7376951317802901,0.7376951317802901,-0.4820426798824101,-0.3075623426146228,0.6158384251930635,-0.13085598064755344,-0.2359813632291101,3.755222352305419,-0.19611613513818404,-0.19300937626135234,-0.12168146174384352,-0.06715342778730747,-0.03352007615769955,-1.8351149988007645,-0.21680296415038888,-0.5118980953829163,0.8505317485662419,-0.40583972495671383,-0.16278112867447064,-1.2316448970959013,-0.1699069165076462,-0.2081478487327801,1.4322604033532795,-0.7376951317802901,0.7376951317802901,-0.7376951317802901,0.7376951317802901,-0.7376951317802901,0.7376951317802901,-0.7376951317802901,0.7376951317802901,-0.4820426798824101,-0.3075623426146228,0.6158384251930635,-0.4820426798824101,-0.3075623426146228,0.6158384251930635,-0.4820426798824101,-0.3075623426146228,0.6158384251930635,-0.13085598064755344,-0.2359813632291101,3.755222352305419,-0.19611613513818404,-0.19300937626135234,-0.12168146174384352,-0.06715342778730747,-0.03352007615769955,-1.8351149988007645,-0.13085598064755344,-0.2359813632291101,3.755222352305419,-0.19611613513818404,-0.19300937626135234,-0.12168146174384352,-0.06715342778730747,-0.03352007615769955,-1.8351149988007645,-0.21680296415038888,-0.5118980953829163,0.8505317485662419,-0.40583972495671383,-0.16278112867447064
0,-0.8553342708372826,0.8273772438659699,-0.47454519624983954,-0.4736736092984604,-0.45868653362335343,0.5446511676720712,0.96425644365423,-0.841999469050927,-0.6244040257055189,-0.8553342708372826,0.8273772438659699,-0.47454519624983954,-0.4736736092984604,-0.45868653362335343,0.5446511676720712,0.96425644365423,-0.841999469050927,-0.6244040257055189,-0.9031740855899019,-0.4681588565057032,-0.3760014818308347,-0.3895323082701867,-0.44633910147843686,-0.4241284654303055,-0.2714614857450064,-0.8274354997365521,-0.6555886791729136,0.8635041745453002,-0.4030649954631285,-0.4194008220350217,-0.4552537904059585,0.7925352191037062,1.3577269342345568,-0.4975534921199921,-0.3576753639798948,-0.2328872501475753,-0.28708333828187355,-0.32078666523533045,-0.39610534423349997,-0.38113017778990566,-0.3694246287326534,-0.2751579580367754,-0.2900883232983121,-0.2955781683826058,-0.3888554871521795,-0.41265547100857053,-0.2943754514063852,-0.3658086479243954,-0.1965128559921827,-0.255068795059142,-0.33388234645547626,-0.4437371137465036,-0.40405881965095053,0.5449215208897721,1.1227307914744915,-0.41925594351289297,-0.337529114616601,0.9989187709831968,-0.34421520059278854,-0.22342026433344614,-0.9014630952079639,-0.6574644895504534,-0.4271559153457235,-0.7376951317802901,0.7376951317802901,-0.4820426798824101,-0.3075623426146228,0.6158384251930635,-0.13085598064755344,-0.2359813632291101,-0.2662958158485814,-0.19611613513818404,-0.19300937626135234,-0.12168146174384352,-0.06715342778730747,-0.03352007615769955,0.5449249778098338,-0.21680296415038888,-0.5118980953829163,0.8505317485662419,-0.40583972495671383,-0.16278112867447064,0.8119223343984152,-0.1699069165076462,-0.2081478487327801,-0.6981970580620328,-0.7376951317802901,0.7376951317802901,-0.7376951317802901,0.7376951317802901,-0.7376951317802901,0.7376951317802901,-0.7376951317802901,0.7376951317802901,-0.4820426798824101,-0.3075623426146228,0.6158384251930635,-0.4820426798824101,-0.3075623426146228,0.6158384251930635,-0.4820426798824101,-0.3075623426146228,0.6158384251930635,-0.13085598064755344,-0.2359813632291101,-0.2662958158485814,-0.19611613513818404,-0.19300937626135234,-0.12168146174384352,-0.06715342778730747,-0.03352007615769955,0.5449249778098338,-0.13085598064755344,-0.2359813632291101,-0.2662958158485814,-0.19611613513818404,-0.19300937626135234,-0.12168146174384352,-0.06715342778730747,-0.03352007615769955,0.5449249778098338,-0.21680296415038888,-0.5118980953829163,0.8505317485662419,-0.40583972495671383,-0.16278112867447064
1,-0.8514463877880222,-0.3693648410115938,-0.47454519624983954,-0.4736736092984604,-0.438556019316467,0.5446511676720712,0.96425644365423,-1.1867703913507321,-0.6244040257055189,-0.8514463877880222,-0.3693648410115938,-0.47454519624983954,-0.4736736092984604,-0.438556019316467,0.5446511676720712,0.96425644365423,-1.1867703913507321,-0.6244040257055189,-0.9012621966472132,-0.7729169966416298,-0.3760014818308347,-0.3895323082701867,-0.437778157355705,-0.42064627136306,-0.2675070957032592,-0.9471608935891077,-0.6546744769455984,-0.5892568139740777,-0.4030649954631285,-0.4194008220350217,-0.5906963534073878,-0.04105904351514409,0.42799519961826915,-1.0666422745062731,-0.5523538913507477,-0.2328872501475753,-0.28708333828187355,-0.32078666523533045,-0.39610534423349997,-0.38113017778990566,-0.3694246287326534,-0.2751579580367754,-0.2900883232983121,-0.2955781683826058,-0.3888554871521795,-0.41265547100857053,-0.2943754514063852,-0.3658086479243954,-0.19541373081489902,-0.21653936547058308,-0.2933983373193865,-0.46959369607734697,-0.39990848754372704,0.5449215208897721,1.1227307914744915,-0.7634324030510985,-0.337529114616601,0.9989187709831968,-0.7152983355245868,-0.22342026433344614,-1.0134650870965427,-0.7566855024551713,-0.4271559153457235,-0.7376951317802901,0.7376951317802901,-0.4820426798824101,-0.3075623426146228,0.6158384251930635,-0.13085598064755344,-0.2359813632291101,-0.2662958158485814,-0.19611613513818404,-0.19300937626135234,-0.12168146174384352,-0.06715342778730747,-0.03352007615769955,0.5449249778098338,-0.21680296415038888,-0.5118980953829163,0.8505317485662419,-0.40583972495671383,-0.16278112867447064,0.8119223343984152,-0.1699069165076462,-0.2081478487327801,-0.6981970580620328,-0.7376951317802901,0.7376951317802901,-0.7376951317802901,0.7376951317802901,-0.7376951317802901,0.7376951317802901,-0.7376951317802901,0.7376951317802901,-0.4820426798824101,-0.3075623426146228,0.6158384251930635,-0.4820426798824101,-0.3075623426146228,0.6158384251930635,-0.4820426798824101,-0.3075623426146228,0.6158384251930635,-0.13085598064755344,-0.2359813632291101,-0.2662958158485814,-0.19611613513818404,-0.19300937626135234,-0.12168146174384352,-0.06715342778730747,-0.03352007615769955,0.5449249778098338,-0.13085598064755344,-0.2359813632291101,-0.2662958158485814,-0.19611613513818404,-0.19300937626135234,-0.12168146174384352,-0.06715342778730747,-0.03352007615769955,0.5449249778098338,-0.21680296415038888,-0.5118980953829163,0.8505317485662419,-0.40583972495671383,-0.16278112867447064
0,-0.8475585047387618,0.8273772438659699,-0.47454519624983954,-0.4736736092984604,-0.4989475622371262,0.5446511676720712,0.96425644365423,-0.841999469050927,-0.6244040257055189,-0.8475585047387618,0.8273772438659699,-0.47454519624983954,-0.4736736092984604,-0.4989475622371262,0.5446511676720712,0.96425644365423,-0.841999469050927,-0.6244040257055189,-0.89934186669374,-0.45999569203777657,-0.3760014818308347,-0.3895323082701867,-0.4622276333672357,-0.4171640772958144,-0.26355270566151195,-0.8253070482902843,-0.6537602747182832,0.8635041745453002,-0.4030649954631285,-0.4194008220350217,-0.571347415835755,0.7925352191037062,1.3577269342345568,-0.4975534921199921,-0.3576753639798948,-0.2328872501475753,-0.28708333828187355,-0.32078666523533045,-0.39610534423349997,-0.38113017778990566,-0.3694246287326534,-0.2751579580367754,-0.2900883232983121,-0.2955781683826058,-0.3888554871521795,-0.41265547100857053,-0.2943754514063852,-0.3658086479243954,-0.19836401418550262,-0.33212765423625973,-0.41485036472765574,-0.45666540491192525,-0.4123594838653976,0.5449215208897721,1.1227307914744915,-0.41925594351289297,-0.337529114616601,0.9989187709831968,-0.34421520059278854,-0.22342026433344614,-0.9014630952079639,-0.6574644895504534,-0.4271559153457235,-0.7376951317802901,0.7376951317802901,-0.4820426798824101,-0.3075623426146228,0.6158384251930635,-0.13085598064755344,-0.2359813632291101,-0.2662958158485814,-0.19611613513818404,-0.19300937626135234,-0.12168146174384352,-0.06715342778730747,-0.03352007615769955,0.5449249778098338,-0.21680296415038888,-0.5118980953829163,0.8505317485662419,-0.40583972495671383,-0.16278112867447064,0.8119223343984152,-0.1699069165076462,-0.2081478487327801,-0.6981970580620328,-0.7376951317802901,0.7376951317802901,-0.7376951317802901,0.7376951317802901,-0.7376951317802901,0.7376951317802901,-0.7376951317802901,0.7376951317802901,-0.4820426798824101,-0.3075623426146228,0.6158384251930635,-0.4820426798824101,-0.3075623426146228,0.6158384251930635,-0.4820426798824101,-0.3075623426146228,0.6158384251930635,-0.13085598064755344,-0.2359813632291101,-0.2662958158485814,-0.19611613513818404,-0.19300937626135234,-0.12168146174384352,-0.06715342778730747,-0.03352007615769955,0.5449249778098338,-0.13085598064755344,-0.2359813632291101,-0.2662958158485814,-0.19611613513818404,-0.19300937626135234,-0.12168146174384352,-0.06715342778730747,-0.03352007615769955,0.5449249778098338,-0.21680296415038888,-0.5118980953829163,0.8505317485662419,-0.40583972495671383,-0.16278112867447064
0,-0.8436706216895015,-0.3693648410115938,-0.47454519624983954,-0.4736736092984604,-0.37816447639580775,0.5446511676720712,0.96425644365423,-1.1867703913507321,-0.6244040257055189,-0.8436706216895015,-0.3693648410115938,-0.47454519624983954,-0.4736736092984604,-0.37816447639580775,0.5446511676720712,0.96425644365423,-1.1867703913507321,-0.6244040257055189,-0.8974130957294825,-0.7674748869963454,-0.3760014818308347,-0.3895323082701867,-0.41213160017447037,-0.41368188322856886,-0.25959831561976476,-0.9460966678659739,-0.6528460724909679,-0.5892568139740777,-0.4030649954631285,-0.4194008220350217,-0.4746027279775913,-0.04105904351514409,0.42799519961826915,-1.0666422745062731,-0.5523538913507477,-0.2328872501475753,-0.28708333828187355,-0.32078666523533045,-0.39610534423349997,-0.38113017778990566,-0.3694246287326534,-0.2751579580367754,-0.2900883232983121,-0.2955781683826058,-0.3888554871521795,-0.41265547100857053,-0.2943754514063852,-0.3658086479243954,-0.19142217096055295,-0.10095107670490644,-0.17194630991111728,-0.45989747770328065,-0.38745749122205647,0.5449215208897721,1.1227307914744915,-0.7634324030510985,-0.337529114616601,0.9989187709831968,-0.7152983355245868,-0.22342026433344614,-1.0134650870965427,-0.7566855024551713,-0.4271559153457235,-0.7376951317802901,0.7376951317802901,-0.4820426798824101,-0.3075623426146228,0.6158384251930635,-0.13085598064755344,-0.2359813632291101,-0.2662958158485814,-0.19611613513818404,-0.19300937626135234,-0.12168146174384352,-0.06715342778730747,-0.03352007615769955,0.5449249778098338,-0.21680296415038888,-0.5118980953829163,0.8505317485662419,-0.40583972495671383,-0.16278112867447064,0.8119223343984152,-0.1699069165076462,-0.2081478487327801,-0.6981970580620328,-0.7376951317802901,0.7376951317802901,-0.7376951317802901,0.7376951317802901,-0.7376951317802901,0.7376951317802901,-0.7376951317802901,0.7376951317802901,-0.4820426798824101,-0.3075623426146228,0.6158384251930635,-0.4820426798824101,-0.3075623426146228,0.6158384251930635,-0.4820426798824101,-0.3075623426146228,0.6158384251930635,-0.13085598064755344,-0.2359813632291101,-0.2662958158485814,-0.19611613513818404,-0.19300937626135234,-0.12168146174384352,-0.06715342778730747,-0.03352007615769955,0.5449249778098338,-0.13085598064755344,-0.2359813632291101,-0.2662958158485814,-0.19611613513818404,-0.19300937626135234,-0.12168146174384352,-0.06715342778730747,-0.03352007615769955,0.5449249778098338,-0.21680296415038888,-0.5118980953829163,0.8505317485662419,-0.40583972495671383,-0.16278112867447064
0,-0.8397827386402411,0.8273772438659699,2.2474704895351842,0.7676298785983874,-0.13659830471317083,0.5446511676720712,-0.5095104222433947,0.8818551424480984,1.6031995254601163,-0.8397827386402411,0.8273772438659699,2.2474704895351842,0.7676298785983874,-0.13659830471317083,0.5446511676720712,-0.5095104222433947,0.8818551424480984,1.6031995254601163,-0.8954758837544403,-0.45183252756985,0.8198328482715878,0.1379521198780233,-0.3115405067323717,-0.4101996891613233,-0.7374066931038801,-0.21124880604206506,0.1891341788663586,0.8635041745453002,2.4222655977351475,0.9889639986931354,0.4734952130324136,0.7925352191037062,-0.11969588642374947,1.6365294418285616,1.9784669644703399,1.1755010295910417,1.2294656009028064,0.6280279633819829,2.3766832158963864,1.244103742919098,4.090126486245849,1.3441666166710637,0.07498045644575013,0.059967986748755274,0.9624460102277982,0.4725028221561908,1.2031936272409431,0.6896819780491676,-0.16504316670574418,0.36140207835780014,-0.2222426551299511,0.06369831449629769,0.07737970478697764,0.5449215208897721,-0.14575511629852972,1.3016263541781348,1.8162046518838164,-0.7538678336953983,0.13527424342020916,0.6466370295329145,0.7785667831207204,2.6168289363052346,1.097514772978922,1.3555735383351193,-1.3555735383351195,-0.4820426798824101,-0.3075623426146228,0.6158384251930635,-0.13085598064755344,-0.2359813632291101,-0.2662958158485814,-0.19611613513818404,-0.19300937626135234,-0.12168146174384352,-0.06715342778730747,-0.03352007615769955,0.5449249778098338,-0.21680296415038888,1.9535138126504805,-1.175735064194511,-0.40583972495671383,-0.16278112867447064,-1.2316448970959013,-0.1699069165076462,4.804277373453898,-0.6981970580620328,1.3555735383351193,-1.3555735383351195,1.3555735383351193,-1.3555735383351195,1.3555735383351193,-1.3555735383351195,1.3555735383351193,-1.3555735383351195,-0.4820426798824101,-0.3075623426146228,0.6158384251930635,-0.4820426798824101,-0.3075623426146228,0.6158384251930635,-0.4820426798824101,-0.3075623426146228,0.6158384251930635,-0.13085598064755344,-0.2359813632291101,-0.2662958158485814,-0.19611613513818404,-0.19300937626135234,-0.12168146174384352,-0.06715342778730747,-0.03352007615769955,0.5449249778098338,-0.13085598064755344,-0.2359813632291101,-0.2662958158485814,-0.19611613513818404,-0.19300937626135234,-0.12168146174384352,-0.06715342778730747,-0.03352007615769955,0.5449249778098338,-0.21680296415038888,1.9535138126504805,-1.175735064194511,-0.40583972495671383,-0.16278112867447064
1,-0.8358948555909808,-1.5661069258891576,0.4327933656785018,-0.4736736092984604,1.030971525086241,-1.747233654090395,-0.5095104222433947,0.5370842201482933,-0.0675031379141101,-0.8358948555909808,-1.5661069258891576,0.4327933656785018,-0.4736736092984604,1.030971525086241,-1.747233654090395,-0.5095104222433947,0.5370842201482933,-0.0675031379141101,-0.8935302307686137,-1.0763146093662352,0.02434305476867195,-0.3895323082701867,0.17538132784147992,-1.1365359203120529,-0.7355469237905062,-0.3304420870330539,-0.43983695352651947,-1.4609134070857044,-0.0891393739966534,-0.4194008220350217,0.6282867136054756,-1.6309715720209197,-0.9942108085507874,-0.4975534921199921,-0.5523538913507477,-0.07639966350995119,-0.28708333828187355,0.7292348571011629,-0.31042417242146536,0.16061446244642888,0.9047328326897756,-0.05924801474239681,-0.2900883232983121,-0.2955781683826058,-0.3888554871521795,-0.41265547100857053,-0.2943754514063852,-0.3658086479243954,0.19732104963662875,-0.30537743882171786,0.882067539506821,1.107657826104099,0.2475433211831419,-1.8243260033503432,-1.1676099405747105,-0.9161734353905387,-0.7761346597668339,-0.7538678336953983,-0.03924800141930428,-0.26165318579788244,0.29322481827021163,0.33474563949672476,-0.23657207930514282,1.3555735383351193,-1.3555735383351195,-0.4820426798824101,-0.3075623426146228,0.6158384251930635,-0.13085598064755344,-0.2359813632291101,3.755222352305419,-0.19611613513818404,-0.19300937626135234,-0.12168146174384352,-0.06715342778730747,-0.03352007615769955,-1.8351149988007645,-0.21680296415038888,-0.5118980953829163,-1.175735064194511,2.4640269015229057,-0.16278112867447064,-1.2316448970959013,-0.1699069165076462,-0.2081478487327801,1.4322604033532795,1.3555735383351193,-1.3555735383351195,1.3555735383351193,-1.3555735383351195,1.3555735383351193,-1.3555735383351195,1.3555735383351193,-1.3555735383351195,-0.4820426798824101,-0.3075623426146228,0.6158384251930635,-0.4820426798824101,-0.3075623426146228,0.6158384251930635,-0.4820426798824101,-0.3075623426146228,0.6158384251930635,-0.13085598064755344,-0.2359813632291101,3.755222352305419,-0.19611613513818404,-0.19300937626135234,-0.12168146174384352,-0.06715342778730747,-0.03352007615769955,-1.8351149988007645,-0.13085598064755344,-0.2359813632291101,3.755222352305419,-0.19611613513818404,-0.19300937626135234,-0.12168146174384352,-0.06715342778730747,-0.03352007615769955,-1.8351149988007645,-0.21680296415038888,-0.5118980953829163,-1.175735064194511,2.4640269015229057,-0.16278112867447064
0,-0.8320069725417203,0.8273772438659699,-0.47454519624983954,-0.4736736092984604,-0.4989475622371262,0.5446511676720712,0.96425644365423,0.19231329784848822,-0.6244040257055189,-0.8320069725417203,0.8273772438659699,-0.47454519624983954,-0.4736736092984604,-0.4989475622371262,0.5446511676720712,0.96425644365423,0.19231329784848822,-0.6244040257055189,-0.8915761367720025,-0.4436693631019234,-0.3760014818308347,-0.3895323082701867,-0.4612119281323353,-0.4032353010268322,-0.2477351454945232,-0.45069959374717655,-0.6501034658090223,0.8635041745453002,-0.4030649954631285,-0.4194008220350217,-0.571347415835755,0.7925352191037062,1.3577269342345568,0.7828962682491402,-0.3576753639798948,-0.2328872501475753,-0.28708333828187355,-0.32078666523533045,-0.39610534423349997,-0.38113017778990566,-0.3694246287326534,-0.2751579580367754,-0.2900883232983121,-0.2955781683826058,-0.3888554871521795,-0.41265547100857053,-0.2943754514063852,-0.3658086479243954,-0.19836401418550262,-0.33212765423625973,-0.41485036472765574,-0.3887918762934614,-0.4123594838653976,0.5449215208897721,1.1227307914744915,0.6132734351017236,-0.337529114616601,0.9989187709831968,0.7690342042026062,-0.22342026433344614,-0.1174491519879112,-0.3598014508363,-0.4271559153457235,-0.7376951317802901,0.7376951317802901,-0.4820426798824101,-0.3075623426146228,0.6158384251930635,-0.13085598064755344,-0.2359813632291101,-0.2662958158485814,-0.19611613513818404,-0.19300937626135234,-0.12168146174384352,-0.06715342778730747,-0.03352007615769955,0.5449249778098338,-0.21680296415038888,-0.5118980953829163,0.8505317485662419,-0.40583972495671383,-0.16278112867447064,0.8119223343984152,-0.1699069165076462,-0.2081478487327801,-0.6981970580620328,-0.7376951317802901,0.7376951317802901,-0.7376951317802901,0.7376951317802901,-0.7376951317802901,0.7376951317802901,-0.7376951317802901,0.7376951317802901,-0.4820426798824101,-0.3075623426146228,0.6158384251930635,-0.4820426798824101,-0.3075623426146228,0.6158384251930635,-0.4820426798824101,-0.3075623426146228,0.6158384251930635,-0.13085598064755344,-0.2359813632291101,-0.2662958158485814,-0.19611613513818404,-0.19300937626135234,-0.12168146174384352,-0.06715342778730747,-0.03352007615769955,0.5449249778098338,-0.13085598064755344,-0.2359813632291101,-0.2662958158485814,-0.19611613513818404,-0.19300937626135234,-0.12168146174384352,-0.06715342778730747,-0.03352007615769955,0.5449249778098338,-0.21680296415038888,-0.5118980953829163,0.8505317485662419,-0.40583972495671383,-0.16278112867447064
0,-0.8281190894924599,-0.3693648410115938,-0.47454519624983954,-0.4736736092984604,-0.37816447639580775,0.5446511676720712,0.96425644365423,1.5713969870477085,-0.6244040257055189,-0.8281190894924599,-0.3693648410115938,-0.47454519624983954,-0.4736736092984604,-0.37816447639580775,0.5446511676720712,0.96425644365423,1.5713969870477085,-0.6244040257055189,-0.8896136017646069,-0.7565906677057765,-0.3760014818308347,-0.3895323082701867,-0.4102452904525125,-0.3997531069595866,-0.243780755452776,0.047890157541022306,-0.649189263581707,-0.5892568139740777,-0.4030649954631285,-0.4194008220350217,-0.4746027279775913,-0.04105904351514409,0.42799519961826915,1.209712855038851,-0.5523538913507477,-0.2328872501475753,-0.28708333828187355,-0.32078666523533045,-0.39610534423349997,-0.38113017778990566,-0.3694246287326534,-0.2751579580367754,-0.2900883232983121,-0.2955781683826058,-0.3888554871521795,-0.41265547100857053,-0.2943754514063852,-0.3658086479243954,-0.19142217096055295,-0.10095107670490644,-0.17194630991111728,-0.1237619074023168,-0.38745749122205647,0.5449215208897721,1.1227307914744915,1.9899792732545456,-0.337529114616601,0.9989187709831968,2.2533667439297993,-0.22342026433344614,1.973254696598896,0.0370826007825713,-0.4271559153457235,-0.7376951317802901,0.7376951317802901,-0.4820426798824101,-0.3075623426146228,0.6158384251930635,-0.13085598064755344,-0.2359813632291101,-0.2662958158485814,-0.19611613513818404,-0.19300937626135234,-0.12168146174384352,-0.06715342778730747,-0.03352007615769955,0.5449249778098338,-0.21680296415038888,-0.5118980953829163,0.8505317485662419,-0.40583972495671383,-0.16278112867447064,0.8119223343984152,-0.1699069165076462,-0.2081478487327801,-0.6981970580620328,-0.7376951317802901,0.7376951317802901,-0.7376951317802901,0.7376951317802901,-0.7376951317802901,0.7376951317802901,-0.7376951317802901,0.7376951317802901,-0.4820426798824101,-0.3075623426146228,0.6158384251930635,-0.4820426798824101,-0.3075623426146228,0.6158384251930635,-0.4820426798824101,-0.3075623426146228,0.6158384251930635,-0.13085598064755344,-0.2359813632291101,-0.2662958158485814,-0.19611613513818404,-0.19300937626135234,-0.12168146174384352,-0.06715342778730747,-0.03352007615769955,0.5449249778098338,-0.13085598064755344,-0.2359813632291101,-0.2662958158485814,-0.19611613513818404,-0.19300937626135234,-0.12168146174384352,-0.06715342778730747,-0.03352007615769955,0.5449249778098338,-0.21680296415038888,-0.5118980953829163,0.8505317485662419,-0.40583972495671383,-0.16278112867447064
1,-0.8242312064431996,0.8273772438659699,3.1548090514635256,2.0089333664952354,-0.01581521887185237,0.5446511676720712,-0.5095104222433947,-1.5315413136505371,2.717001301042934,-0.8242312064431996,0.8273772438659699,3.1548090514635256,2.0089333664952354,-0.01581521887185237,0.5446511676720712,-0.5095104222433947,-1.5315413136505371,2.717001301042934,-0.8876426257464268,-0.43550619863399676,1.246173783351582,0.6837838324835622,-0.2569826255434368,-0.39627091289234107,-0.7299676158503846,-1.0679505131647973,0.6352648657961907,0.8635041745453002,3.364042462134573,2.3973288194212925,0.8217760893218031,0.7925352191037062,-0.11969588642374947,-1.3511866656994136,3.1465381286954575,2.2709141360544107,3.757047166210606,1.2479201874119608,3.3009460692730155,1.7858483831554324,-0.3694246287326534,2.7475812480845243,1.1701867956779368,0.5861762963431696,2.313747507607776,1.3576611153209521,-0.2943754514063852,2.589565104801581,-0.1456060056758851,0.5925786558891535,-0.10800366947787121,-0.5019144239909011,0.45921025865154136,0.5449215208897721,-0.14575511629852972,-1.107608862589304,2.8930715351340255,-0.7538678336953983,-1.086381470456385,1.2521638397534456,-1.0507990843927357,-0.855906515359889,2.6221854613035673,1.3555735383351193,-1.3555735383351195,-0.4820426798824101,-0.3075623426146228,0.6158384251930635,-0.13085598064755344,-0.2359813632291101,-0.2662958158485814,-0.19611613513818404,-0.19300937626135234,-0.12168146174384352,-0.06715342778730747,-0.03352007615769955,0.5449249778098338,-0.21680296415038888,1.9535138126504805,-1.175735064194511,-0.40583972495671383,-0.16278112867447064,-1.2316448970959013,5.885575587824865,-0.2081478487327801,-0.6981970580620328,1.3555735383351193,-1.3555735383351195,1.3555735383351193,-1.3555735383351195,1.3555735383351193,-1.3555735383351195,1.3555735383351193,-1.3555735383351195,-0.4820426798824101,-0.3075623426146228,0.6158384251930635,-0.4820426798824101,-0.3075623426146228,0.6158384251930635,-0.4820426798824101,-0.3075623426146228,0.6158384251930635,-0.13085598064755344,-0.2359813632291101,-0.2662958158485814,-0.19611613513818404,-0.19300937626135234,-0.12168146174384352,-0.06715342778730747,-0.03352007615769955,0.5449249778098338,-0.13085598064755344,-0.2359813632291101,-0.2662958158485814,-0.19611613513818404,-0.19300937626135234,-0.12168146174384352,-0.06715342778730747,-0.03352007615769955,0.5449249778098338,-0.21680296415038888,1.9535138126504805,-1.175735064194511,-0.40583972495671383,-0.16278112867447064
0,-0.8203433233939392,-0.3693648410115938,-0.47454519624983954,-0.4736736092984604,-0.438556019316467,0.5446511676720712,0.96425644365423,-0.497228546751122,-0.6244040257055189,-0.8203433233939392,-0.3693648410115938,-0.47454519624983954,-0.4736736092984604,-0.438556019316467,0.5446511676720712,0.96425644365423,-0.497228546751122,-0.6244040257055189,-0.8856632087174622,-0.7511485580604922,-0.3760014818308347,-0.3895323082701867,-0.4348761423988468,-0.3927887188250955,-0.2358719753692816,-0.6928109457601227,-0.6473608591270766,-0.5892568139740777,-0.4030649954631285,-0.4194008220350217,-0.5906963534073878,-0.04105904351514409,0.42799519961826915,-0.4975534921199921,-0.5523538913507477,-0.2328872501475753,-0.28708333828187355,-0.32078666523533045,-0.39610534423349997,-0.38113017778990566,-0.3694246287326534,-0.2751579580367754,-0.2900883232983121,-0.2955781683826058,-0.3888554871521795,-0.41265547100857053,-0.2943754514063852,-0.3658086479243954,-0.19541373081489902,-0.21653936547058308,-0.2933983373193865,-0.4049522402502385,-0.39990848754372704,0.5449215208897721,1.1227307914744915,-0.07507948397468743,-0.337529114616601,0.9989187709831968,0.026867934339009688,-0.22342026433344614,-0.714793108726999,-0.5582434766457356,-0.4271559153457235,-0.7376951317802901,0.7376951317802901,-0.4820426798824101,-0.3075623426146228,0.6158384251930635,-0.13085598064755344,-0.2359813632291101,-0.2662958158485814,-0.19611613513818404,-0.19300937626135234,-0.12168146174384352,-0.06715342778730747,-0.03352007615769955,0.5449249778098338,-0.21680296415038888,-0.5118980953829163,0.8505317485662419,-0.40583972495671383,-0.16278112867447064,0.8119223343984152,-0.1699069165076462,-0.2081478487327801,-0.6981970580620328,-0.7376951317802901,0.7376951317802901,-0.7376951317802901,0.7376951317802901,-0.7376951317802901,0.7376951317802901,-0.7376951317802901,0.7376951317802901,-0.4820426798824101,-0.3075623426146228,0.6158384251930635,-0.4820426798824101,-0.3075623426146228,0.6158384251930635,-0.4820426798824101,-0.3075623426146228,0.6158384251930635,-0.13085598064755344,-0.2359813632291101,-0.2662958158485814,-0.19611613513818404,-0.19300937626135234,-0.12168146174384352,-0.06715342778730747,-0.03352007615769955,0.5449249778098338,-0.13085598064755344,-0.2359813632291101,-0.2662958158485814,-0.19611613513818404,-0.19300937626135234,-0.12168146174384352,-0.06715342778730747,-0.03352007615769955,0.5449249778098338,-0.21680296415038888,-0.5118980953829163,0.8505317485662419,-0.40583972495671383,-0.16278112867447064
0,-0.8164554403446789,0.8273772438659699,-0.47454519624983954,-0.4736736092984604,-0.4989475622371262,0.5446511676720712,-0.5095104222433947,-0.841999469050927,-0.6244040257055189,-0.8164554403446789,0.8273772438659699,-0.47454519624983954,-0.4736736092984604,-0.4989475622371262,0.5446511676720712,-0.5095104222433947,-0.841999469050927,-0.6244040257055189,-0.8836753506777131,-0.42734303416607017,-0.3760014818308347,-0.3895323082701867,-0.46019622289743495,-0.38930652475784994,-0.7262480772236368,-0.8167932425052137,-0.6464466568997613,0.8635041745453002,-0.4030649954631285,-0.4194008220350217,-0.571347415835755,0.7925352191037062,-0.11969588642374947,-0.4975534921199921,-0.3576753639798948,-0.2328872501475753,-0.28708333828187355,-0.32078666523533045,-0.39610534423349997,-0.38113017778990566,-0.3694246287326534,-0.2751579580367754,-0.2900883232983121,-0.2955781683826058,-0.3888554871521795,-0.41265547100857053,-0.2943754514063852,-0.3658086479243954,-0.19836401418550262,-0.33212765423625973,-0.5649596120861907,-0.45666540491192525,-0.4123594838653976,0.5449215208897721,-0.14575511629852972,-0.41925594351289297,-0.337529114616601,-0.7538678336953983,-0.7373369807773581,-0.564416590908148,-0.9014630952079639,-0.6574644895504534,-0.4271559153457235,1.3555735383351193,-1.3555735383351195,-0.4820426798824101,-0.3075623426146228,0.6158384251930635,-0.13085598064755344,-0.2359813632291101,-0.2662958158485814,-0.19611613513818404,-0.19300937626135234,-0.12168146174384352,-0.06715342778730747,-0.03352007615769955,0.5449249778098338,-0.21680296415038888,1.9535138126504805,-1.175735064194511,-0.40583972495671383,-0.16278112867447064,0.8119223343984152,-0.1699069165076462,-0.2081478487327801,-0.6981970580620328,1.3555735383351193,-1.3555735383351195,1.3555735383351193,-1.3555735383351195,1.3555735383351193,-1.3555735383351195,1.3555735383351193,-1.3555735383351195,-0.4820426798824101,-0.3075623426146228,0.6158384251930635,-0.4820426798824101,-0.3075623426146228,0.6158384251930635,-0.4820426798824101,-0.3075623426146228,0.6158384251930635,-0.13085598064755344,-0.2359813632291101,-0.2662958158485814,-0.19611613513818404,-0.19300937626135234,-0.12168146174384352,-0.06715342778730747,-0.03352007615769955,0.5449249778098338,-0.13085598064755344,-0.2359813632291101,-0.2662958158485814,-0.19611613513818404,-0.19300937626135234,-0.12168146174384352,-0.06715342778730747,-0.03352007615769955,0.5449249778098338,-0.21680296415038888,1.9535138126504805,-1.175735064194511,-0.40583972495671383,-0.16278112867447064
0,-0.8125675572954184,-0.3693648410115938,0.4327933656785018,-0.4736736092984604,-0.11646779040628442,0.5446511676720712,0.96425644365423,1.2266260647479035,-0.0675031379141101,-0.8125675572954184,-0.3693648410115938,0.4327933656785018,-0.4736736092984604,-0.11646779040628442,0.5446511676720712,0.96425644365423,1.2266260647479035,-0.0675031379141101,-0.8816790516271795,-0.7457064484152078,0.03474161416086693,-0.3895323082701867,-0.29659512970455176,-0.38582433069060434,-0.2279631952857872,-0.059064527633927506,-0.4288665267987367,-0.5892568139740777,0.2247862474698217,-0.4194008220350217,0.028469648884860296,-0.04105904351514409,0.42799519961826915,0.9251684638457104,-0.1629968366090419,-0.07639966350995119,-0.28708333828187355,0.008135739352004802,0.5281575091431288,0.770770541893495,1.3294519864972518,-0.05924801474239681,-0.2900883232983121,-0.2955781683826058,-0.3888554871521795,-0.41265547100857053,-0.2943754514063852,-0.3658086479243954,-0.16209288333514058,0.399931507946359,0.35434580885804934,0.1703567166110266,-0.22559453904033924,0.5449215208897721,1.1227307914744915,1.64580281371634,0.20090432700850336,0.9989187709831968,1.8822836089980008,0.42033946735152133,1.3385767425636153,0.7316296911155961,-0.23657207930514282,-0.7376951317802901,0.7376951317802901,-0.4820426798824101,-0.3075623426146228,0.6158384251930635,-0.13085598064755344,-0.2359813632291101,-0.2662958158485814,-0.19611613513818404,-0.19300937626135234,-0.12168146174384352,-0.06715342778730747,-0.03352007615769955,0.5449249778098338,-0.21680296415038888,-0.5118980953829163,0.8505317485662419,-0.40583972495671383,-0.16278112867447064,-1.2316448970959013,-0.1699069165076462,-0.2081478487327801,1.4322604033532795,-0.7376951317802901,0.7376951317802901,-0.7376951317802901,0.7376951317802901,-0.7376951317802901,0.7376951317802901,-0.7376951317802901,0.7376951317802901,-0.4820426798824101,-0.3075623426146228,0.6158384251930635,-0.4820426798824101,-0.3075623426146228,0.6158384251930635,-0.4820426798824101,-0.3075623426146228,0.6158384251930635,-0.13085598064755344,-0.2359813632291101,-0.2662958158485814,-0.19611613513818404,-0.19300937626135234,-0.12168146174384352,-0.06715342778730747,-0.03352007615769955,0.5449249778098338,-0.13085598064755344,-0.2359813632291101,-0.2662958158485814,-0.19611613513818404,-0.19300937626135234,-0.12168146174384352,-0.06715342778730747,-0.03352007615769955,0.5449249778098338,-0.21680296415038888,-0.5118980953829163,0.8505317485662419,-0.40583972495671383,-0.16278112867447064
1,-0.808679674246158,-0.3693648410115938,-0.47454519624983954,2.0089333664952354,-0.11646779040628442,0.5446511676720712,-0.5095104222433947,-1.5315413136505371,0.48939774987729867,-0.808679674246158,-0.3693648410115938,-0.47454519624983954,2.0089333664952354,-0.11646779040628442,0.5446511676720712,-0.5095104222433947,-1.5315413136505371,0.48939774987729867,-0.8796743115658614,-0.7429853935925655,-0.3760014818308347,0.7021311169408914,-0.29565197484357286,-0.3823421366233588,-0.722528538596889,-1.0679505131647973,-0.20945799224308156,-0.5892568139740777,-0.4030649954631285,1.4584189389358544,0.028469648884860296,-0.04105904351514409,-0.5569533474872684,-1.3511866656994136,0.2263602181326639,-0.2328872501475753,-0.28708333828187355,-0.32078666523533045,-0.39610534423349997,-0.38113017778990566,-0.3694246287326534,-0.2751579580367754,1.1701867956779368,0.44395783429062524,2.313747507607776,1.3576611153209521,-0.2943754514063852,0.9007801032438802,-0.16209288333514058,0.399931507946359,-0.20320282418793778,-0.5019144239909011,-0.11768590425252776,0.5449215208897721,-0.14575511629852972,-1.107608862589304,0.7393377686336078,-0.7538678336953983,-1.086381470456385,0.04111021931238319,-1.0507990843927357,-0.855906515359889,0.08106764742915833,1.3555735383351193,-1.3555735383351195,-0.4820426798824101,-0.3075623426146228,0.6158384251930635,-0.13085598064755344,-0.2359813632291101,-0.2662958158485814,-0.19611613513818404,-0.19300937626135234,-0.12168146174384352,-0.06715342778730747,-0.03352007615769955,0.5449249778098338,-0.21680296415038888,1.9535138126504805,-1.175735064194511,-0.40583972495671383,-0.16278112867447064,-1.2316448970959013,-0.1699069165076462,-0.2081478487327801,1.4322604033532795,1.3555735383351193,-1.3555735383351195,1.3555735383351193,-1.3555735383351195,1.3555735383351193,-1.3555735383351195,1.3555735383351193,-1.3555735383351195,-0.4820426798824101,-0.3075623426146228,0.6158384251930635,-0.4820426798824101,-0.3075623426146228,0.6158384251930635,-0.4820426798824101,-0.3075623426146228,0.6158384251930635,-0.13085598064755344,-0.2359813632291101,-0.2662958158485814,-0.19611613513818404,-0.19300937626135234,-0.12168146174384352,-0.06715342778730747,-0.03352007615769955,0.5449249778098338,-0.13085598064755344,-0.2359813632291101,-0.2662958158485814,-0.19611613513818404,-0.19300937626135234,-0.12168146174384352,-0.06715342778730747,-0.03352007615769955,0.5449249778098338,-0.21680296415038888,1.9535138126504805,-1.175735064194511,-0.40583972495671383,-0.16278112867447064
0,-0.8047917911968977,-0.3693648410115938,-0.47454519624983954,-0.4736736092984604,-0.438556019316467,0.5446511676720712,0.96425644365423,-1.1867703913507321,-0.6244040257055189,-0.8047917911968977,-0.3693648410115938,-0.47454519624983954,-0.4736736092984604,-0.438556019316467,0.5446511676720712,0.96425644365423,-1.1867703913507321,-0.6244040257055189,-0.8776611304937588,-0.7402643387699234,-0.3760014818308347,-0.3895323082701867,-0.4334251349204177,-0.37885994255611327,-0.2200544152022928,-0.9407755392503048,-0.6437040502178156,-0.5892568139740777,-0.4030649954631285,-0.4194008220350217,-0.5906963534073878,-0.04105904351514409,0.42799519961826915,-1.0666422745062731,-0.5523538913507477,-0.2328872501475753,-0.28708333828187355,-0.32078666523533045,-0.39610534423349997,-0.38113017778990566,-0.3694246287326534,-0.2751579580367754,-0.2900883232983121,-0.2955781683826058,-0.3888554871521795,-0.41265547100857053,-0.2943754514063852,-0.3658086479243954,-0.19541373081489902,-0.21653936547058308,-0.2933983373193865,-0.46959369607734697,-0.39990848754372704,0.5449215208897721,1.1227307914744915,-0.7634324030510985,-0.337529114616601,0.9989187709831968,-0.7152983355245868,-0.22342026433344614,-1.0134650870965427,-0.7566855024551713,-0.4271559153457235,-0.7376951317802901,0.7376951317802901,-0.4820426798824101,-0.3075623426146228,0.6158384251930635,-0.13085598064755344,-0.2359813632291101,-0.2662958158485814,-0.19611613513818404,-0.19300937626135234,-0.12168146174384352,-0.06715342778730747,-0.03352007615769955,0.5449249778098338,-0.21680296415038888,-0.5118980953829163,0.8505317485662419,-0.40583972495671383,-0.16278112867447064,0.8119223343984152,-0.1699069165076462,-0.2081478487327801,-0.6981970580620328,-0.7376951317802901,0.7376951317802901,-0.7376951317802901,0.7376951317802901,-0.7376951317802901,0.7376951317802901,-0.7376951317802901,0.7376951317802901,-0.4820426798824101,-0.3075623426146228,0.6158384251930635,-0.4820426798824101,-0.3075623426146228,0.6158384251930635,-0.4820426798824101,-0.3075623426146228,0.6158384251930635,-0.13085598064755344,-0.2359813632291101,-0.2662958158485814,-0.19611613513818404,-0.19300937626135234,-0.12168146174384352,-0.06715342778730747,-0.03352007615769955,0.5449249778098338,-0.13085598064755344,-0.2359813632291101,-0.2662958158485814,-0.19611613513818404,-0.19300937626135234,-0.12168146174384352,-0.06715342778730747,-0.03352007615769955,0.5449249778098338,-0.21680296415038888,-0.5118980953829163,0.8505317485662419,-0.40583972495671383,-0.16278112867447064
0,-0.8009039081476373,-0.3693648410115938,-0.47454519624983954,-0.4736736092984604,-0.3982949907026942,0.5446511676720712,0.96425644365423,0.5370842201482933,-0.6244040257055189,-0.8009039081476373,-0.3693648410115938,-0.47454519624983954,-0.4736736092984604,-0.3982949907026942,0.5446511676720712,0.96425644365423,0.5370842201482933,-0.6244040257055189,-0.8756395084108717,-0.7375432839472812,-0.3760014818308347,-0.3895323082701867,-0.41565029330966097,-0.3753777484888677,-0.2161000251605456,-0.3017079925084405,-0.6427898479905004,-0.5892568139740777,-0.4030649954631285,-0.4194008220350217,-0.5133006031208568,-0.04105904351514409,0.42799519961826915,0.3560796814594294,-0.5523538913507477,-0.2328872501475753,-0.28708333828187355,-0.32078666523533045,-0.39610534423349997,-0.38113017778990566,-0.3694246287326534,-0.2751579580367754,-0.2900883232983121,-0.2955781683826058,-0.3888554871521795,-0.41265547100857053,-0.2943754514063852,-0.3658086479243954,-0.19286838829908412,-0.1394805062934653,-0.21243031904720702,-0.26920518301331076,-0.39160782332928,0.5449215208897721,1.1227307914744915,0.9574498946399291,-0.337529114616601,0.9989187709831968,1.1401173391344044,-0.22342026433344614,0.29322481827021163,-0.26058043793158214,-0.4271559153457235,-0.7376951317802901,0.7376951317802901,-0.4820426798824101,-0.3075623426146228,0.6158384251930635,-0.13085598064755344,-0.2359813632291101,-0.2662958158485814,-0.19611613513818404,-0.19300937626135234,-0.12168146174384352,-0.06715342778730747,-0.03352007615769955,0.5449249778098338,-0.21680296415038888,-0.5118980953829163,0.8505317485662419,-0.40583972495671383,-0.16278112867447064,0.8119223343984152,-0.1699069165076462,-0.2081478487327801,-0.6981970580620328,-0.7376951317802901,0.7376951317802901,-0.7376951317802901,0.7376951317802901,-0.7376951317802901,0.7376951317802901,-0.7376951317802901,0.7376951317802901,-0.4820426798824101,-0.3075623426146228,0.6158384251930635,-0.4820426798824101,-0.3075623426146228,0.6158384251930635,-0.4820426798824101,-0.3075623426146228,0.6158384251930635,-0.13085598064755344,-0.2359813632291101,-0.2662958158485814,-0.19611613513818404,-0.19300937626135234,-0.12168146174384352,-0.06715342778730747,-0.03352007615769955,0.5449249778098338,-0.13085598064755344,-0.2359813632291101,-0.2662958158485814,-0.19611613513818404,-0.19300937626135234,-0.12168146174384352,-0.06715342778730747,-0.03352007615769955,0.5449249778098338,-0.21680296415038888,-0.5118980953829163,0.8505317485662419,-0.40583972495671383,-0.16278112867447064
0,-0.797016025098377,0.8273772438659699,0.4327933656785018,-0.4736736092984604,-0.35803396208892135,0.5446511676720712,-1.3133832581875537,-0.497228546751122,-0.0675031379141101,-0.797016025098377,0.8273772438659699,0.4327933656785018,-0.4736736092984604,-0.35803396208892135,0.5446511676720712,-1.3133832581875537,-0.497228546751122,-0.0675031379141101,-0.8736094453172001,-0.4069351229962537,0.04167398708899691,-0.3895323082701867,-0.39773035095106135,-0.37189555442162214,-0.9922966464047505,-0.6832329142519182,-0.42155290898021486,0.8635041745453002,0.5387118689362969,-0.4194008220350217,-0.16501972683146723,0.7925352191037062,-0.9255628795100984,-0.07073690533028135,0.2263602181326639,-0.07639966350995119,-0.28708333828187355,-0.1436746012267653,0.5281575091431288,-0.17219794452469814,0.2676541019785611,-0.05924801474239681,-0.2900883232983121,-0.2955781683826058,-0.3888554871521795,-0.41265547100857053,-0.2943754514063852,-0.3658086479243954,-0.18986025623493927,-0.06242164711634756,-0.5954363380650448,-0.36616736675397343,-0.32520250961370367,0.5449215208897721,-0.8376565205383595,-0.07507948397468743,0.20090432700850336,-1.177626087863427,-0.8844598288161288,-0.6336491784248299,-0.714793108726999,-0.26058043793158214,-0.23657207930514282,1.3555735383351193,-1.3555735383351195,2.0745051044939435,-0.3075623426146228,-1.6238025415294657,-0.13085598064755344,-0.2359813632291101,-0.2662958158485814,-0.19611613513818404,-0.19300937626135234,-0.12168146174384352,-0.06715342778730747,-0.03352007615769955,0.5449249778098338,-0.21680296415038888,1.9535138126504805,-1.175735064194511,-0.40583972495671383,-0.16278112867447064,-1.2316448970959013,-0.1699069165076462,-0.2081478487327801,1.4322604033532795,1.3555735383351193,-1.3555735383351195,1.3555735383351193,-1.3555735383351195,1.3555735383351193,-1.3555735383351195,1.3555735383351193,-1.3555735383351195,2.0745051044939435,-0.3075623426146228,-1.6238025415294657,2.0745051044939435,-0.3075623426146228,-1.6238025415294657,2.0745051044939435,-0.3075623426146228,-1.6238025415294657,-0.13085598064755344,-0.2359813632291101,-0.2662958158485814,-0.19611613513818404,-0.19300937626135234,-0.12168146174384352,-0.06715342778730747,-0.03352007615769955,0.5449249778098338,-0.13085598064755344,-0.2359813632291101,-0.2662958158485814,-0.19611613513818404,-0.19300937626135234,-0.12168146174384352,-0.06715342778730747,-0.03352007615769955,0.5449249778098338,-0.21680296415038888,1.9535138126504805,-1.175735064194511,-0.40583972495671383,-0.16278112867447064
1,-0.7931281420491166,0.8273772438659699,0.4327933656785018,-0.4736736092984604,-0.33790344778203496,0.5446511676720712,-1.5500791487711116,1.2266260647479035,-0.0675031379141101,-0.7931281420491166,0.8273772438659699,0.4327933656785018,-0.4736736092984604,-0.33790344778203496,0.5446511676720712,-1.5500791487711116,1.2266260647479035,-0.0675031379141101,-0.871570941212744,-0.40285354076229035,0.04340708032102941,-0.3895323082701867,-0.388443903089115,-0.36841336035437655,-1.0729903231314473,-0.037780013171250924,-0.4197245045255844,0.8635041745453002,0.5387118689362969,-0.4194008220350217,-0.10697291411656897,0.7925352191037062,-1.1628459385855234,2.0633460286182723,0.2263602181326639,-0.07639966350995119,-0.28708333828187355,-0.1310237395118678,0.5281575091431288,-0.27019270879953,1.3294519864972518,-0.05924801474239681,-0.2900883232983121,-0.2955781683826058,-0.3888554871521795,-0.41265547100857053,-0.2943754514063852,-0.3658086479243954,-0.1881826441222431,-0.023892217527788678,-0.6397543063328027,-0.11406568902825052,-0.31690184539925664,0.5449215208897721,-1.0413830451200872,1.64580281371634,0.20090432700850336,-1.2307930204368625,-0.8004747212312435,-0.7431813318094311,1.3385767425636153,0.7316296911155961,-0.23657207930514282,1.3555735383351193,-1.3555735383351195,-0.4820426798824101,3.2513733362117265,-1.6238025415294657,-0.13085598064755344,-0.2359813632291101,-0.2662958158485814,-0.19611613513818404,-0.19300937626135234,-0.12168146174384352,-0.06715342778730747,-0.03352007615769955,0.5449249778098338,-0.21680296415038888,1.9535138126504805,-1.175735064194511,-0.40583972495671383,-0.16278112867447064,-1.2316448970959013,-0.1699069165076462,-0.2081478487327801,1.4322604033532795,1.3555735383351193,-1.3555735383351195,1.3555735383351193,-1.3555735383351195,1.3555735383351193,-1.3555735383351195,1.3555735383351193,-1.3555735383351195,-0.4820426798824101,3.2513733362117265,-1.6238025415294657,-0.4820426798824101,3.2513733362117265,-1.6238025415294657,-0.4820426798824101,3.2513733362117265,-1.6238025415294657,-0.13085598064755344,-0.2359813632291101,-0.2662958158485814,-0.19611613513818404,-0.19300937626135234,-0.12168146174384352,-0.06715342778730747,-0.03352007615769955,0.5449249778098338,-0.13085598064755344,-0.2359813632291101,-0.2662958158485814,-0.19611613513818404,-0.19300937626135234,-0.12168146174384352,-0.06715342778730747,-0.03352007615769955,0.5449249778098338,-0.21680296415038888,1.9535138126504805,-1.175735064194511,-0.40583972495671383,-0.16278112867447064
0,-0.7892402589998562,-0.3693648410115938,-0.47454519624983954,-0.4736736092984604,-0.438556019316467,0.5446511676720712,0.96425644365423,0.19231329784848822,-0.6244040257055189,-0.7892402589998562,-0.3693648410115938,-0.47454519624983954,-0.4736736092984604,-0.438556019316467,0.5446511676720712,0.96425644365423,0.19231329784848822,-0.6244040257055189,-0.8695239960975034,-0.7293801194793545,-0.3760014818308347,-0.3895323082701867,-0.43197412744198854,-0.364931166287131,-0.204236855035304,-0.42143338636099625,-0.6400472413085547,-0.5892568139740777,-0.4030649954631285,-0.4194008220350217,-0.5906963534073878,-0.04105904351514409,0.42799519961826915,0.0715352902662889,-0.5523538913507477,-0.2328872501475753,-0.28708333828187355,-0.32078666523533045,-0.39610534423349997,-0.38113017778990566,-0.3694246287326534,-0.2751579580367754,-0.2900883232983121,-0.2955781683826058,-0.3888554871521795,-0.41265547100857053,-0.2943754514063852,-0.3658086479243954,-0.19541373081489902,-0.21653936547058308,-0.2933983373193865,-0.34031078442313006,-0.39990848754372704,0.5449215208897721,1.1227307914744915,0.6132734351017236,-0.337529114616601,0.9989187709831968,0.7690342042026062,-0.22342026433344614,-0.1174491519879112,-0.3598014508363,-0.4271559153457235,-0.7376951317802901,0.7376951317802901,-0.4820426798824101,-0.3075623426146228,0.6158384251930635,-0.13085598064755344,-0.2359813632291101,-0.2662958158485814,-0.19611613513818404,-0.19300937626135234,-0.12168146174384352,-0.06715342778730747,-0.03352007615769955,0.5449249778098338,-0.21680296415038888,-0.5118980953829163,0.8505317485662419,-0.40583972495671383,-0.16278112867447064,0.8119223343984152,-0.1699069165076462,-0.2081478487327801,-0.6981970580620328,-0.7376951317802901,0.7376951317802901,-0.7376951317802901,0.7376951317802901,-0.7376951317802901,0.7376951317802901,-0.7376951317802901,0.7376951317802901,-0.4820426798824101,-0.3075623426146228,0.6158384251930635,-0.4820426798824101,-0.3075623426146228,0.6158384251930635,-0.4820426798824101,-0.3075623426146228,0.6158384251930635,-0.13085598064755344,-0.2359813632291101,-0.2662958158485814,-0.19611613513818404,-0.19300937626135234,-0.12168146174384352,-0.06715342778730747,-0.03352007615769955,0.5449249778098338,-0.13085598064755344,-0.2359813632291101,-0.2662958158485814,-0.19611613513818404,-0.19300937626135234,-0.12168146174384352,-0.06715342778730747,-0.03352007615769955,0.5449249778098338,-0.21680296415038888,-0.5118980953829163,0.8505317485662419,-0.40583972495671383,-0.16278112867447064
0,-0.7853523759505958,0.8273772438659699,-0.47454519624983954,-0.4736736092984604,-0.4989475622371262,0.5446511676720712,0.96425644365423,-0.841999469050927,-0.6244040257055189,-0.7853523759505958,0.8273772438659699,-0.47454519624983954,-0.4736736092984604,-0.4989475622371262,0.5446511676720712,0.96425644365423,-0.841999469050927,-0.6244040257055189,-0.8674686099714783,-0.39469037629436377,-0.3760014818308347,-0.3895323082701867,-0.4581648124276342,-0.3614489722198854,-0.2002824649935568,-0.8082794367201431,-0.6391330390812395,0.8635041745453002,-0.4030649954631285,-0.4194008220350217,-0.571347415835755,0.7925352191037062,1.3577269342345568,-0.4975534921199921,-0.3576753639798948,-0.2328872501475753,-0.28708333828187355,-0.32078666523533045,-0.39610534423349997,-0.38113017778990566,-0.3694246287326534,-0.2751579580367754,-0.2900883232983121,-0.2955781683826058,-0.3888554871521795,-0.41265547100857053,-0.2943754514063852,-0.3658086479243954,-0.19836401418550262,-0.33212765423625973,-0.41485036472765574,-0.45666540491192525,-0.4123594838653976,0.5449215208897721,1.1227307914744915,-0.41925594351289297,-0.337529114616601,0.9989187709831968,-0.34421520059278854,-0.22342026433344614,-0.9014630952079639,-0.6574644895504534,-0.4271559153457235,-0.7376951317802901,0.7376951317802901,-0.4820426798824101,-0.3075623426146228,0.6158384251930635,-0.13085598064755344,-0.2359813632291101,-0.2662958158485814,-0.19611613513818404,-0.19300937626135234,-0.12168146174384352,-0.06715342778730747,-0.03352007615769955,0.5449249778098338,-0.21680296415038888,-0.5118980953829163,0.8505317485662419,-0.40583972495671383,-0.16278112867447064,0.8119223343984152,-0.1699069165076462,-0.2081478487327801,-0.6981970580620328,-0.7376951317802901,0.7376951317802901,-0.7376951317802901,0.7376951317802901,-0.7376951317802901,0.7376951317802901,-0.7376951317802901,0.7376951317802901,-0.4820426798824101,-0.3075623426146228,0.6158384251930635,-0.4820426798824101,-0.3075623426146228,0.6158384251930635,-0.4820426798824101,-0.3075623426146228,0.6158384251930635,-0.13085598064755344,-0.2359813632291101,-0.2662958158485814,-0.19611613513818404,-0.19300937626135234,-0.12168146174384352,-0.06715342778730747,-0.03352007615769955,0.5449249778098338,-0.13085598064755344,-0.2359813632291101,-0.2662958158485814,-0.19611613513818404,-0.19300937626135234,-0.12168146174384352,-0.06715342778730747,-0.03352007615769955,0.5449249778098338,-0.21680296415038888,-0.5118980953829163,0.8505317485662419,-0.40583972495671383,-0.16278112867447064
0,-0.7814644929013355,0.8273772438659699,-0.47454519624983954,-0.4736736092984604,-0.4989475622371262,0.5446511676720712,-1.1168810094012038,0.19231329784848822,-0.6244040257055189,-0.7814644929013355,0.8273772438659699,-0.47454519624983954,-0.4736736092984604,-0.4989475622371262,0.5446511676720712,-1.1168810094012038,0.19231329784848822,-0.6244040257055189,-0.8654047828346687,-0.39060879406040044,-0.3760014818308347,-0.3895323082701867,-0.45791088611890907,-0.3579667781526399,-0.9210033736135714,-0.4161122577453271,-0.6382188368539243,0.8635041745453002,-0.4030649954631285,-0.4194008220350217,-0.571347415835755,0.7925352191037062,-0.7285731700889909,0.7828962682491402,-0.3576753639798948,-0.2328872501475753,-0.28708333828187355,-0.32078666523533045,-0.39610534423349997,-0.38113017778990566,-0.3694246287326534,-0.2751579580367754,-0.2900883232983121,-0.2955781683826058,-0.3888554871521795,-0.41265547100857053,-0.2943754514063852,-0.3658086479243954,-0.19836401418550262,-0.33212765423625973,-0.626822817058193,-0.3887918762934614,-0.4123594838653976,0.5449215208897721,-0.6685250661686233,0.6132734351017236,-0.337529114616601,-1.1087392780725651,-0.6188048076611016,-0.7049484103449949,-0.1174491519879112,-0.3598014508363,-0.4271559153457235,-0.7376951317802901,0.7376951317802901,2.0745051044939435,-0.3075623426146228,-1.6238025415294657,-0.13085598064755344,-0.2359813632291101,-0.2662958158485814,-0.19611613513818404,-0.19300937626135234,-0.12168146174384352,-0.06715342778730747,-0.03352007615769955,0.5449249778098338,-0.21680296415038888,-0.5118980953829163,0.8505317485662419,-0.40583972495671383,-0.16278112867447064,0.8119223343984152,-0.1699069165076462,-0.2081478487327801,-0.6981970580620328,-0.7376951317802901,0.7376951317802901,-0.7376951317802901,0.7376951317802901,-0.7376951317802901,0.7376951317802901,-0.7376951317802901,0.7376951317802901,2.0745051044939435,-0.3075623426146228,-1.6238025415294657,2.0745051044939435,-0.3075623426146228,-1.6238025415294657,2.0745051044939435,-0.3075623426146228,-1.6238025415294657,-0.13085598064755344,-0.2359813632291101,-0.2662958158485814,-0.19611613513818404,-0.19300937626135234,-0.12168146174384352,-0.06715342778730747,-0.03352007615769955,0.5449249778098338,-0.13085598064755344,-0.2359813632291101,-0.2662958158485814,-0.19611613513818404,-0.19300937626135234,-0.12168146174384352,-0.06715342778730747,-0.03352007615769955,0.5449249778098338,-0.21680296415038888,-0.5118980953829163,0.8505317485662419,-0.40583972495671383,-0.16278112867447064
0,-0.7775766098520751,-1.5661069258891576,1.340131927606843,-0.4736736092984604,1.1718851252344458,-1.747233654090395,-1.5366812681720423,1.2266260647479035,0.48939774987729867,-0.7775766098520751,-1.5661069258891576,1.340131927606843,-0.4736736092984604,1.1718851252344458,-1.747233654090395,-1.5366812681720423,1.2266260647479035,0.48939774987729867,-0.8633325146870746,-1.0559066981964187,0.4766803883291535,-0.3895323082701867,0.2830098075539598,-1.1316938161357053,-1.0667826289728137,-0.020752401601109666,-0.18751713878751605,-1.4609134070857044,0.2247862474698217,-0.4194008220350217,0.7637292766069049,-1.6309715720209197,-1.3374504537542322,-0.2130091009268516,-0.3576753639798948,0.39306309640292114,-0.28708333828187355,1.9563684434462212,-0.22474300060943073,-0.14816149291011677,3.028328601727157,0.3725718718463603,-0.2900883232983121,-0.2955781683826058,-0.3888554871521795,-0.41265547100857053,-0.2943754514063852,-0.3658086479243954,0.26737581751507916,-0.2803751068007398,-0.3297884578911526,1.8251779857850026,0.6791778603343879,-1.8243260033503432,-1.2495675800644381,-0.8523616263242837,-0.7262207115293983,-1.2286533543751765,-0.7861793837699864,-0.6718820998892662,1.3385767425636153,1.5253977943533386,0.08106764742915833,-0.7376951317802901,0.7376951317802901,-0.4820426798824101,3.2513733362117265,-1.6238025415294657,-0.13085598064755344,-0.2359813632291101,3.755222352305419,-0.19611613513818404,-0.19300937626135234,-0.12168146174384352,-0.06715342778730747,-0.03352007615769955,-1.8351149988007645,-0.21680296415038888,-0.5118980953829163,-1.175735064194511,-0.40583972495671383,6.1432182473669785,-1.2316448970959013,-0.1699069165076462,-0.2081478487327801,1.4322604033532795,-0.7376951317802901,0.7376951317802901,-0.7376951317802901,0.7376951317802901,-0.7376951317802901,0.7376951317802901,-0.7376951317802901,0.7376951317802901,-0.4820426798824101,3.2513733362117265,-1.6238025415294657,-0.4820426798824101,3.2513733362117265,-1.6238025415294657,-0.4820426798824101,3.2513733362117265,-1.6238025415294657,-0.13085598064755344,-0.2359813632291101,3.755222352305419,-0.19611613513818404,-0.19300937626135234,-0.12168146174384352,-0.06715342778730747,-0.03352007615769955,-1.8351149988007645,-0.13085598064755344,-0.2359813632291101,3.755222352305419,-0.19611613513818404,-0.19300937626135234,-0.12168146174384352,-0.06715342778730747,-0.03352007615769955,-1.8351149988007645,-0.21680296415038888,-0.5118980953829163,-1.175735064194511,-0.40583972495671383,6.1432182473669785
0,-0.7736887268028148,0.8273772438659699,-0.47454519624983954,-0.4736736092984604,-0.4989475622371262,0.5446511676720712,-0.5095104222433947,-0.497228546751122,-0.6244040257055189,-0.7736887268028148,0.8273772438659699,-0.47454519624983954,-0.4736736092984604,-0.4989475622371262,0.5446511676720712,-0.5095104222433947,-0.497228546751122,-0.6244040257055189,-0.8612518055286961,-0.38244562959247386,-0.3760014818308347,-0.3895323082701867,-0.4574030335014589,-0.35100239001814876,-0.7057906147765242,-0.6736548827437138,-0.6363904323992938,0.8635041745453002,-0.4030649954631285,-0.4194008220350217,-0.571347415835755,0.7925352191037062,-0.11969588642374947,-0.07073690533028135,-0.3576753639798948,-0.2328872501475753,-0.28708333828187355,-0.32078666523533045,-0.39610534423349997,-0.38113017778990566,-0.3694246287326534,-0.2751579580367754,-0.2900883232983121,-0.2955781683826058,-0.3888554871521795,-0.41265547100857053,-0.2943754514063852,-0.3658086479243954,-0.19836401418550262,-0.33212765423625973,-0.5649596120861907,-0.4340408953724373,-0.4123594838653976,0.5449215208897721,-0.14575511629852972,-0.07507948397468743,-0.337529114616601,-0.7538678336953983,-0.5628147359378447,-0.564416590908148,-0.714793108726999,-0.5582434766457356,-0.4271559153457235,1.3555735383351193,-1.3555735383351195,-0.4820426798824101,-0.3075623426146228,0.6158384251930635,-0.13085598064755344,-0.2359813632291101,-0.2662958158485814,-0.19611613513818404,-0.19300937626135234,-0.12168146174384352,-0.06715342778730747,-0.03352007615769955,0.5449249778098338,-0.21680296415038888,1.9535138126504805,-1.175735064194511,-0.40583972495671383,-0.16278112867447064,0.8119223343984152,-0.1699069165076462,-0.2081478487327801,-0.6981970580620328,1.3555735383351193,-1.3555735383351195,1.3555735383351193,-1.3555735383351195,1.3555735383351193,-1.3555735383351195,1.3555735383351193,-1.3555735383351195,-0.4820426798824101,-0.3075623426146228,0.6158384251930635,-0.4820426798824101,-0.3075623426146228,0.6158384251930635,-0.4820426798824101,-0.3075623426146228,0.6158384251930635,-0.13085598064755344,-0.2359813632291101,-0.2662958158485814,-0.19611613513818404,-0.19300937626135234,-0.12168146174384352,-0.06715342778730747,-0.03352007615769955,0.5449249778098338,-0.13085598064755344,-0.2359813632291101,-0.2662958158485814,-0.19611613513818404,-0.19300937626135234,-0.12168146174384352,-0.06715342778730747,-0.03352007615769955,0.5449249778098338,-0.21680296415038888,1.9535138126504805,-1.175735064194511,-0.40583972495671383,-0.16278112867447064
1,-0.7698008437535543,-0.3693648410115938,-0.47454519624983954,2.0089333664952354,-0.35803396208892135,0.5446511676720712,-0.5095104222433947,-0.497228546751122,-0.0675031379141101,-0.7698008437535543,-0.3693648410115938,-0.47454519624983954,2.0089333664952354,-0.35803396208892135,0.5446511676720712,-0.5095104222433947,-0.497228546751122,-0.0675031379141101,-0.859162655359533,-0.7157748453661436,-0.3760014818308347,0.7479993280842139,-0.39417538262891,-0.34752019595090317,-0.7039308454631502,-0.672058544159013,-0.40875407779780165,-0.5892568139740777,-0.4030649954631285,1.4584189389358544,-0.43590485283432573,-0.04105904351514409,-0.5569533474872684,-0.4975534921199921,-0.1629968366090419,-0.2328872501475753,-0.28708333828187355,-0.32078666523533045,-0.39610534423349997,-0.38113017778990566,-0.3694246287326534,-0.2751579580367754,1.1701867956779368,0.1026335253645186,2.313747507607776,1.3576611153209521,0.989255187434182,0.4785838528544551,-0.18986025623493927,-0.06242164711634756,-0.43168079549209754,-0.36616736675397343,-0.32520250961370367,0.5449215208897721,-0.14575511629852972,-0.07507948397468743,0.20090432700850336,-0.7538678336953983,-0.5628147359378447,-0.26165318579788244,-0.714793108726999,-0.26058043793158214,-0.23657207930514282,1.3555735383351193,-1.3555735383351195,-0.4820426798824101,-0.3075623426146228,0.6158384251930635,-0.13085598064755344,-0.2359813632291101,-0.2662958158485814,-0.19611613513818404,-0.19300937626135234,-0.12168146174384352,-0.06715342778730747,-0.03352007615769955,0.5449249778098338,-0.21680296415038888,-0.5118980953829163,-1.175735064194511,2.4640269015229057,-0.16278112867447064,-1.2316448970959013,-0.1699069165076462,-0.2081478487327801,1.4322604033532795,1.3555735383351193,-1.3555735383351195,1.3555735383351193,-1.3555735383351195,1.3555735383351193,-1.3555735383351195,1.3555735383351193,-1.3555735383351195,-0.4820426798824101,-0.3075623426146228,0.6158384251930635,-0.4820426798824101,-0.3075623426146228,0.6158384251930635,-0.4820426798824101,-0.3075623426146228,0.6158384251930635,-0.13085598064755344,-0.2359813632291101,-0.2662958158485814,-0.19611613513818404,-0.19300937626135234,-0.12168146174384352,-0.06715342778730747,-0.03352007615769955,0.5449249778098338,-0.13085598064755344,-0.2359813632291101,-0.2662958158485814,-0.19611613513818404,-0.19300937626135234,-0.12168146174384352,-0.06715342778730747,-0.03352007615769955,0.5449249778098338,-0.21680296415038888,-0.5118980953829163,-1.175735064194511,2.4640269015229057,-0.16278112867447064
1,-0.7659129607042939,-1.5661069258891576,0.4327933656785018,0.7676298785983874,0.40692558157276226,-1.8668102534866975,0.96425644365423,0.8818551424480984,-0.0675031379141101,-0.7659129607042939,-1.5661069258891576,0.4327933656785018,0.7676298785983874,0.40692558157276226,-1.8668102534866975,0.96425644365423,0.8818551424480984,-0.0675031379141101,-0.8570650641795854,-1.0518251159624554,0.05553873294525688,0.1815269204641798,-0.05043171098905173,-1.1717699549569636,-0.1805105147848208,-0.14047779545366543,-0.4069256733431712,-1.4609134070857044,-0.0891393739966534,0.0500541182076973,0.028469648884860296,-1.6704316554584984,-0.5017365349980186,-0.35528129652342183,-0.5523538913507477,-0.07639966350995119,0.2184329747796864,0.3370581439393401,-0.35417626015527026,0.770770541893495,1.1170924095935137,-0.05924801474239681,0.07498045644575013,0.44395783429062524,-0.32755384131442905,1.4694387837410756,1.2031936272409431,0.056387602465029836,-0.044775732833491094,-0.5109437248908535,1.4069300463963827,0.6745600720624725,-0.009777269464716258,-1.8399449636419904,-1.163379379720384,-0.9983141683375267,-0.8271106069029386,0.9989187709831968,1.5112004740662026,0.42033946735152133,0.7785667831207204,0.5331876653061604,-0.23657207930514282,-0.7376951317802901,0.7376951317802901,-0.4820426798824101,-0.3075623426146228,0.6158384251930635,-0.13085598064755344,-0.2359813632291101,-0.2662958158485814,5.099019513592785,-0.19300937626135234,-0.12168146174384352,-0.06715342778730747,-0.03352007615769955,-1.8351149988007645,-0.21680296415038888,-0.5118980953829163,0.8505317485662419,-0.40583972495671383,-0.16278112867447064,-1.2316448970959013,-0.1699069165076462,-0.2081478487327801,1.4322604033532795,-0.7376951317802901,0.7376951317802901,-0.7376951317802901,0.7376951317802901,-0.7376951317802901,0.7376951317802901,-0.7376951317802901,0.7376951317802901,-0.4820426798824101,-0.3075623426146228,0.6158384251930635,-0.4820426798824101,-0.3075623426146228,0.6158384251930635,-0.4820426798824101,-0.3075623426146228,0.6158384251930635,-0.13085598064755344,-0.2359813632291101,-0.2662958158485814,5.099019513592785,-0.19300937626135234,-0.12168146174384352,-0.06715342778730747,-0.03352007615769955,-1.8351149988007645,-0.13085598064755344,-0.2359813632291101,-0.2662958158485814,5.099019513592785,-0.19300937626135234,-0.12168146174384352,-0.06715342778730747,-0.03352007615769955,-1.8351149988007645,-0.21680296415038888,-0.5118980953829163,0.8505317485662419,-0.40583972495671383,-0.16278112867447064
0,-0.7620250776550336,-0.3693648410115938,0.4327933656785018,-0.4736736092984604,-0.11646779040628442,0.5446511676720712,0.96425644365423,1.5713969870477085,-0.0675031379141101,-0.7620250776550336,-0.3693648410115938,0.4327933656785018,-0.4736736092984604,-0.11646779040628442,0.5446511676720712,0.96425644365423,1.5713969870477085,-0.0675031379141101,-0.8549590319888534,-0.7103327357208592,0.05727182617728938,-0.3895323082701867,-0.2843341165118257,-0.3405558078164121,-0.1765561247430736,0.12930342536076023,-0.4050972688885407,-0.5892568139740777,0.2247862474698217,-0.4194008220350217,0.028469648884860296,-0.04105904351514409,0.42799519961826915,1.209712855038851,-0.1629968366090419,-0.07639966350995119,-0.28708333828187355,0.008135739352004802,0.5281575091431288,0.770770541893495,1.5418115634009901,-0.05924801474239681,-0.2900883232983121,-0.2955781683826058,-0.3888554871521795,-0.41265547100857053,-0.2943754514063852,-0.3658086479243954,-0.16209288333514058,0.399931507946359,0.35434580885804934,0.2543906091862676,-0.22559453904033924,0.5449215208897721,1.1227307914744915,1.9899792732545456,0.20090432700850336,0.9989187709831968,2.2533667439297993,0.42033946735152133,1.973254696598896,0.9300717169250317,-0.23657207930514282,-0.7376951317802901,0.7376951317802901,-0.4820426798824101,-0.3075623426146228,0.6158384251930635,-0.13085598064755344,-0.2359813632291101,-0.2662958158485814,-0.19611613513818404,-0.19300937626135234,-0.12168146174384352,-0.06715342778730747,-0.03352007615769955,0.5449249778098338,-0.21680296415038888,-0.5118980953829163,-1.175735064194511,-0.40583972495671383,6.1432182473669785,-1.2316448970959013,-0.1699069165076462,-0.2081478487327801,1.4322604033532795,-0.7376951317802901,0.7376951317802901,-0.7376951317802901,0.7376951317802901,-0.7376951317802901,0.7376951317802901,-0.7376951317802901,0.7376951317802901,-0.4820426798824101,-0.3075623426146228,0.6158384251930635,-0.4820426798824101,-0.3075623426146228,0.6158384251930635,-0.4820426798824101,-0.3075623426146228,0.6158384251930635,-0.13085598064755344,-0.2359813632291101,-0.2662958158485814,-0.19611613513818404,-0.19300937626135234,-0.12168146174384352,-0.06715342778730747,-0.03352007615769955,0.5449249778098338,-0.13085598064755344,-0.2359813632291101,-0.2662958158485814,-0.19611613513818404,-0.19300937626135234,-0.12168146174384352,-0.06715342778730747,-0.03352007615769955,0.5449249778098338,-0.21680296415038888,-0.5118980953829163,-1.175735064194511,-0.40583972495671383,6.1432182473669785
0,-0.7581371946057732,0.8273772438659699,-0.47454519624983954,-0.4736736092984604,-0.4989475622371262,0.5446511676720712,0.96425644365423,-0.497228546751122,-0.6244040257055189,-0.7581371946057732,0.8273772438659699,-0.47454519624983954,-0.4736736092984604,-0.4989475622371262,0.5446511676720712,0.96425644365423,-0.497228546751122,-0.6244040257055189,-0.8528445587873368,-0.3661193006566206,-0.3760014818308347,-0.3895323082701867,-0.4563873282665585,-0.3370736137491665,-0.17260173470132642,-0.6672695284049107,-0.6327336234900329,0.8635041745453002,-0.4030649954631285,-0.4194008220350217,-0.571347415835755,0.7925352191037062,1.3577269342345568,-0.07073690533028135,-0.3576753639798948,-0.2328872501475753,-0.28708333828187355,-0.32078666523533045,-0.39610534423349997,-0.38113017778990566,-0.3694246287326534,-0.2751579580367754,-0.2900883232983121,-0.2955781683826058,-0.3888554871521795,-0.41265547100857053,-0.2943754514063852,-0.3658086479243954,-0.19836401418550262,-0.33212765423625973,-0.41485036472765574,-0.4340408953724373,-0.4123594838653976,0.5449215208897721,1.1227307914744915,-0.07507948397468743,-0.337529114616601,0.9989187709831968,0.026867934339009688,-0.22342026433344614,-0.714793108726999,-0.5582434766457356,-0.4271559153457235,-0.7376951317802901,0.7376951317802901,-0.4820426798824101,-0.3075623426146228,0.6158384251930635,-0.13085598064755344,-0.2359813632291101,-0.2662958158485814,-0.19611613513818404,-0.19300937626135234,-0.12168146174384352,-0.06715342778730747,-0.03352007615769955,0.5449249778098338,-0.21680296415038888,-0.5118980953829163,0.8505317485662419,-0.40583972495671383,-0.16278112867447064,0.8119223343984152,-0.1699069165076462,-0.2081478487327801,-0.6981970580620328,-0.7376951317802901,0.7376951317802901,-0.7376951317802901,0.7376951317802901,-0.7376951317802901,0.7376951317802901,-0.7376951317802901,0.7376951317802901,-0.4820426798824101,-0.3075623426146228,0.6158384251930635,-0.4820426798824101,-0.3075623426146228,0.6158384251930635,-0.4820426798824101,-0.3075623426146228,0.6158384251930635,-0.13085598064755344,-0.2359813632291101,-0.2662958158485814,-0.19611613513818404,-0.19300937626135234,-0.12168146174384352,-0.06715342778730747,-0.03352007615769955,0.5449249778098338,-0.13085598064755344,-0.2359813632291101,-0.2662958158485814,-0.19611613513818404,-0.19300937626135234,-0.12168146174384352,-0.06715342778730747,-0.03352007615769955,0.5449249778098338,-0.21680296415038888,-0.5118980953829163,0.8505317485662419,-0.40583972495671383,-0.16278112867447064
0,-0.7542493115565129,0.8273772438659699,0.4327933656785018,0.7676298785983874,-0.438556019316467,-1.9689485988043727,-0.5095104222433947,0.19231329784848822,-0.0675031379141101,-0.7542493115565129,0.8273772438659699,0.4327933656785018,0.7676298785983874,-0.438556019316467,-1.9689485988043727,-0.5095104222433947,0.19231329784848822,-0.0675031379141101,-0.8507216445750357,-0.3620377184226573,0.06073801264135437,0.18840715213567819,-0.42870936061552306,-1.206777337917024,-0.6964917682096547,-0.3974883075904851,-0.4014404599792798,0.8635041745453002,0.5387118689362969,0.9889639986931354,-0.3972069776910602,-1.6959162926786013,-0.11969588642374947,0.7828962682491402,0.2263602181326639,-0.07639966350995119,0.2184329747796864,-0.19427804808635535,-0.3915478350945619,0.16061446244642888,0.6923732557860374,-0.05924801474239681,0.07498045644575013,-0.15335970633006138,-0.382192264778511,0.4725028221561908,0.7753167476274208,0.056387602465029836,-0.19541373081489902,-0.5999337881022982,-0.5078401192601508,-0.34031078442313006,-0.35840516647149184,-1.8448049704827396,-1.2664632877057758,-1.0991232496815573,-0.8706525617483611,-0.7538678336953983,-0.21377024625881774,-0.26165318579788244,-0.1174491519879112,0.13630361368728913,-0.23657207930514282,1.3555735383351193,-1.3555735383351195,-0.4820426798824101,-0.3075623426146228,0.6158384251930635,-0.13085598064755344,-0.2359813632291101,-0.2662958158485814,-0.19611613513818404,-0.19300937626135234,-0.12168146174384352,14.891272611835431,-0.03352007615769955,-1.8351149988007645,-0.21680296415038888,-0.5118980953829163,-1.175735064194511,2.4640269015229057,-0.16278112867447064,-1.2316448970959013,-0.1699069165076462,-0.2081478487327801,1.4322604033532795,1.3555735383351193,-1.3555735383351195,1.3555735383351193,-1.3555735383351195,1.3555735383351193,-1.3555735383351195,1.3555735383351193,-1.3555735383351195,-0.4820426798824101,-0.3075623426146228,0.6158384251930635,-0.4820426798824101,-0.3075623426146228,0.6158384251930635,-0.4820426798824101,-0.3075623426146228,0.6158384251930635,-0.13085598064755344,-0.2359813632291101,-0.2662958158485814,-0.19611613513818404,-0.19300937626135234,-0.12168146174384352,14.891272611835431,-0.03352007615769955,-1.8351149988007645,-0.13085598064755344,-0.2359813632291101,-0.2662958158485814,-0.19611613513818404,-0.19300937626135234,-0.12168146174384352,14.891272611835431,-0.03352007615769955,-1.8351149988007645,-0.21680296415038888,-0.5118980953829163,-1.175735064194511,2.4640269015229057,-0.16278112867447064
0,-0.7503614285072524,-1.5661069258891576,-0.47454519624983954,-0.4736736092984604,-0.11646779040628442,-1.747233654090395,0.96425644365423,1.5713969870477085,-0.6244040257055189,-0.7503614285072524,-1.5661069258891576,-0.47454519624983954,-0.4736736092984604,-0.11646779040628442,-1.747233654090395,0.96425644365423,1.5713969870477085,-0.6244040257055189,-0.8485902893519501,-1.046383006317171,-0.3760014818308347,-0.3895323082701867,-0.2815046519288889,-1.1294341675200765,-0.164692954617832,0.1436704726230669,-0.6309052190354024,-1.4609134070857044,-0.4030649954631285,-0.4194008220350217,-0.4746027279775913,-1.6309715720209197,-0.5017365349980186,-0.07073690533028135,-0.7470324187216006,-0.2328872501475753,-0.28708333828187355,-0.32078666523533045,-0.39610534423349997,-0.38113017778990566,-0.3694246287326534,-0.2751579580367754,-0.2900883232983121,-0.2955781683826058,-0.3888554871521795,-0.41265547100857053,-0.2943754514063852,-0.3658086479243954,-0.16209288333514058,-0.5089678567068249,0.35434580885804934,0.2543906091862676,-0.33350317382815076,-1.8243260033503432,-1.050018544785101,-0.8204557217911562,-0.8260486080042697,0.9989187709831968,2.2533667439297993,-0.22342026433344614,1.973254696598896,0.0370826007825713,-0.4271559153457235,-0.7376951317802901,0.7376951317802901,-0.4820426798824101,-0.3075623426146228,0.6158384251930635,-0.13085598064755344,-0.2359813632291101,3.755222352305419,-0.19611613513818404,-0.19300937626135234,-0.12168146174384352,-0.06715342778730747,-0.03352007615769955,-1.8351149988007645,-0.21680296415038888,-0.5118980953829163,0.8505317485662419,-0.40583972495671383,-0.16278112867447064,0.8119223343984152,-0.1699069165076462,-0.2081478487327801,-0.6981970580620328,-0.7376951317802901,0.7376951317802901,-0.7376951317802901,0.7376951317802901,-0.7376951317802901,0.7376951317802901,-0.7376951317802901,0.7376951317802901,-0.4820426798824101,-0.3075623426146228,0.6158384251930635,-0.4820426798824101,-0.3075623426146228,0.6158384251930635,-0.4820426798824101,-0.3075623426146228,0.6158384251930635,-0.13085598064755344,-0.2359813632291101,3.755222352305419,-0.19611613513818404,-0.19300937626135234,-0.12168146174384352,-0.06715342778730747,-0.03352007615769955,-1.8351149988007645,-0.13085598064755344,-0.2359813632291101,3.755222352305419,-0.19611613513818404,-0.19300937626135234,-0.12168146174384352,-0.06715342778730747,-0.03352007615769955,-1.8351149988007645,-0.21680296415038888,-0.5118980953829163,0.8505317485662419,-0.40583972495671383,-0.16278112867447064
0,-0.746473545457992,0.8273772438659699,0.4327933656785018,-0.4736736092984604,-0.3177729334751485,0.5446511676720712,0.96425644365423,0.19231329784848822,-0.0675031379141101,-0.746473545457992,0.8273772438659699,0.4327933656785018,-0.4736736092984604,-0.3177729334751485,0.5446511676720712,0.96425644365423,0.19231329784848822,-0.0675031379141101,-0.8464504931180801,-0.3538745539547307,0.06420419910541937,-0.3895323082701867,-0.37270047194815903,-0.32662703154742984,-0.16073856457608482,-0.39216717897481596,-0.3977836510700189,0.8635041745453002,0.5387118689362969,-0.4194008220350217,-0.04892610140167071,0.7925352191037062,1.3577269342345568,0.7828962682491402,0.2263602181326639,-0.07639966350995119,-0.28708333828187355,-0.1183728777969703,0.5281575091431288,0.770770541893495,0.6923732557860374,-0.05924801474239681,-0.2900883232983121,-0.2955781683826058,-0.3888554871521795,-0.41265547100857053,-0.2943754514063852,-0.3658086479243954,-0.18638933462246443,0.014637212060770205,-0.05049428250284806,-0.24334860068246741,-0.3086011811848096,0.5449215208897721,1.1227307914744915,0.6132734351017236,0.20090432700850336,0.9989187709831968,0.7690342042026062,0.42033946735152133,-0.1174491519879112,0.13630361368728913,-0.23657207930514282,-0.7376951317802901,0.7376951317802901,-0.4820426798824101,-0.3075623426146228,0.6158384251930635,-0.13085598064755344,-0.2359813632291101,-0.2662958158485814,-0.19611613513818404,-0.19300937626135234,-0.12168146174384352,-0.06715342778730747,-0.03352007615769955,0.5449249778098338,-0.21680296415038888,-0.5118980953829163,0.8505317485662419,-0.40583972495671383,-0.16278112867447064,-1.2316448970959013,-0.1699069165076462,-0.2081478487327801,1.4322604033532795,-0.7376951317802901,0.7376951317802901,-0.7376951317802901,0.7376951317802901,-0.7376951317802901,0.7376951317802901,-0.7376951317802901,0.7376951317802901,-0.4820426798824101,-0.3075623426146228,0.6158384251930635,-0.4820426798824101,-0.3075623426146228,0.6158384251930635,-0.4820426798824101,-0.3075623426146228,0.6158384251930635,-0.13085598064755344,-0.2359813632291101,-0.2662958158485814,-0.19611613513818404,-0.19300937626135234,-0.12168146174384352,-0.06715342778730747,-0.03352007615769955,0.5449249778098338,-0.13085598064755344,-0.2359813632291101,-0.2662958158485814,-0.19611613513818404,-0.19300937626135234,-0.12168146174384352,-0.06715342778730747,-0.03352007615769955,0.5449249778098338,-0.21680296415038888,-0.5118980953829163,0.8505317485662419,-0.40583972495671383,-0.16278112867447064
0,-0.7425856624087317,0.8273772438659699,-0.47454519624983954,2.0089333664952354,-0.23725087624760288,0.5446511676720712,-0.5095104222433947,1.2266260647479035,0.48939774987729867,-0.7425856624087317,0.8273772438659699,-0.47454519624983954,2.0089333664952354,-0.23725087624760288,0.5446511676720712,-0.5095104222433947,1.2266260647479035,0.48939774987729867,-0.8443022558734256,-0.3497929717207674,-0.3760014818308347,0.7801070758845398,-0.33511937825684485,-0.32314483748018424,-0.690912460269533,0.01755972443170818,-0.16283367865000484,0.8635041745453002,-0.4030649954631285,2.3973288194212925,0.18326114945792232,0.7925352191037062,-0.11969588642374947,2.0633460286182723,0.8103958002452226,-0.2328872501475753,-0.28708333828187355,-0.32078666523533045,-0.39610534423349997,-0.38113017778990566,-0.3694246287326534,-0.2751579580367754,1.1701867956779368,0.2732956798275719,2.313747507607776,1.3576611153209521,3.128639585501794,0.9007801032438802,-0.17805912275252483,0.16875493041500572,-0.31744180984001763,0.01521722262596636,-0.1923918821825511,0.5449215208897721,-0.14575511629852972,1.64580281371634,0.7393377686336078,-0.7538678336953983,0.3097964882597226,0.04111021931238319,1.3385767425636153,1.5253977943533386,0.08106764742915833,1.3555735383351193,-1.3555735383351195,-0.4820426798824101,-0.3075623426146228,0.6158384251930635,-0.13085598064755344,-0.2359813632291101,-0.2662958158485814,-0.19611613513818404,-0.19300937626135234,-0.12168146174384352,-0.06715342778730747,-0.03352007615769955,0.5449249778098338,-0.21680296415038888,-0.5118980953829163,-1.175735064194511,2.4640269015229057,-0.16278112867447064,-1.2316448970959013,-0.1699069165076462,-0.2081478487327801,1.4322604033532795,1.3555735383351193,-1.3555735383351195,1.3555735383351193,-1.3555735383351195,1.3555735383351193,-1.3555735383351195,1.3555735383351193,-1.3555735383351195,-0.4820426798824101,-0.3075623426146228,0.6158384251930635,-0.4820426798824101,-0.3075623426146228,0.6158384251930635,-0.4820426798824101,-0.3075623426146228,0.6158384251930635,-0.13085598064755344,-0.2359813632291101,-0.2662958158485814,-0.19611613513818404,-0.19300937626135234,-0.12168146174384352,-0.06715342778730747,-0.03352007615769955,0.5449249778098338,-0.13085598064755344,-0.2359813632291101,-0.2662958158485814,-0.19611613513818404,-0.19300937626135234,-0.12168146174384352,-0.06715342778730747,-0.03352007615769955,0.5449249778098338,-0.21680296415038888,-0.5118980953829163,-1.175735064194511,2.4640269015229057,-0.16278112867447064
1,-0.7386977793594713,0.8273772438659699,-0.47454519624983954,2.0089333664952354,-0.33790344778203496,0.5446511676720712,-1.3133832581875537,0.19231329784848822,0.48939774987729867,-0.7386977793594713,0.8273772438659699,-0.47454519624983954,2.0089333664952354,-0.33790344778203496,0.5446511676720712,-1.3133832581875537,0.19231329784848822,0.48939774987729867,-0.8421455776179865,-0.34571138948680413,-0.3760014818308347,0.784693896998872,-0.38082611382736214,-0.3196626434129387,-0.9815379126635603,-0.3868460503591468,-0.16009107196805916,0.8635041745453002,-0.4030649954631285,2.3973288194212925,-0.10697291411656897,0.7925352191037062,-0.9255628795100984,0.7828962682491402,0.8103958002452226,-0.2328872501475753,-0.28708333828187355,-0.32078666523533045,-0.39610534423349997,-0.38113017778990566,-0.3694246287326534,-0.2751579580367754,1.1701867956779368,0.13107721777502748,2.313747507607776,0.27009461177380517,1.8450089466612265,0.9007801032438802,-0.1881826441222431,-0.023892217527788678,-0.5880933315925277,-0.2595089646392445,-0.2546468637909039,0.5449215208897721,-0.8376565205383595,0.6132734351017236,0.7393377686336078,-1.177626087863427,-0.7498454010559581,-0.5168837696280381,-0.1174491519879112,0.6324086782108782,0.08106764742915833,1.3555735383351193,-1.3555735383351195,2.0745051044939435,-0.3075623426146228,-1.6238025415294657,-0.13085598064755344,-0.2359813632291101,-0.2662958158485814,-0.19611613513818404,-0.19300937626135234,-0.12168146174384352,-0.06715342778730747,-0.03352007615769955,0.5449249778098338,-0.21680296415038888,-0.5118980953829163,-1.175735064194511,2.4640269015229057,-0.16278112867447064,-1.2316448970959013,-0.1699069165076462,-0.2081478487327801,1.4322604033532795,1.3555735383351193,-1.3555735383351195,1.3555735383351193,-1.3555735383351195,1.3555735383351193,-1.3555735383351195,1.3555735383351193,-1.3555735383351195,2.0745051044939435,-0.3075623426146228,-1.6238025415294657,2.0745051044939435,-0.3075623426146228,-1.6238025415294657,2.0745051044939435,-0.3075623426146228,-1.6238025415294657,-0.13085598064755344,-0.2359813632291101,-0.2662958158485814,-0.19611613513818404,-0.19300937626135234,-0.12168146174384352,-0.06715342778730747,-0.03352007615769955,0.5449249778098338,-0.13085598064755344,-0.2359813632291101,-0.2662958158485814,-0.19611613513818404,-0.19300937626135234,-0.12168146174384352,-0.06715342778730747,-0.03352007615769955,0.5449249778098338,-0.21680296415038888,-0.5118980953829163,-1.175735064194511,2.4640269015229057,-0.16278112867447064
1,-0.734809896310211,-1.5661069258891576,-0.47454519624983954,-0.4736736092984604,0.9504494678586953,0.5446511676720712,-1.3133832581875537,-1.5315413136505371,-0.0675031379141101,-0.734809896310211,-1.5661069258891576,-0.47454519624983954,-0.4736736092984604,0.9504494678586953,0.5446511676720712,-1.3133832581875537,-1.5315413136505371,-0.0675031379141101,-0.8399804583517629,-1.0409408966718867,-0.3760014818308347,-0.3895323082701867,0.21637228910710252,-0.3161804493456931,-0.9808206637474809,-1.0679505131647973,-0.3922984377061275,-1.4609134070857044,-0.4030649954631285,-0.4194008220350217,0.5508909633189446,-0.8746533061339944,-1.2628331395795704,-1.3511866656994136,-0.5523538913507477,-0.2328872501475753,-0.28708333828187355,-0.32078666523533045,-0.39610534423349997,-0.38113017778990566,-0.3694246287326534,-0.2751579580367754,-0.2900883232983121,-0.2955781683826058,-0.3888554871521795,-0.41265547100857053,-0.2943754514063852,-0.3658086479243954,0.15983509622190054,2.4419912761399796,-0.11814091735143462,-0.5019144239909011,0.21434066432535376,0.5449215208897721,-0.8376565205383595,-1.107608862589304,0.20090432700850336,-1.177626087863427,-1.086381470456385,-0.6336491784248299,-1.0507990843927357,-0.855906515359889,-0.23657207930514282,1.3555735383351193,-1.3555735383351195,2.0745051044939435,-0.3075623426146228,-1.6238025415294657,-0.13085598064755344,-0.2359813632291101,-0.2662958158485814,-0.19611613513818404,-0.19300937626135234,-0.12168146174384352,-0.06715342778730747,-0.03352007615769955,0.5449249778098338,-0.21680296415038888,-0.5118980953829163,-1.175735064194511,2.4640269015229057,-0.16278112867447064,0.8119223343984152,-0.1699069165076462,-0.2081478487327801,-0.6981970580620328,1.3555735383351193,-1.3555735383351195,1.3555735383351193,-1.3555735383351195,1.3555735383351193,-1.3555735383351195,1.3555735383351193,-1.3555735383351195,2.0745051044939435,-0.3075623426146228,-1.6238025415294657,2.0745051044939435,-0.3075623426146228,-1.6238025415294657,2.0745051044939435,-0.3075623426146228,-1.6238025415294657,-0.13085598064755344,-0.2359813632291101,-0.2662958158485814,-0.19611613513818404,-0.19300937626135234,-0.12168146174384352,-0.06715342778730747,-0.03352007615769955,0.5449249778098338,-0.13085598064755344,-0.2359813632291101,-0.2662958158485814,-0.19611613513818404,-0.19300937626135234,-0.12168146174384352,-0.06715342778730747,-0.03352007615769955,0.5449249778098338,-0.21680296415038888,-0.5118980953829163,-1.175735064194511,2.4640269015229057,-0.16278112867447064
1,-0.7309220132609505,-1.5661069258891576,-0.47454519624983954,-0.4736736092984604,1.0913630680069002,-1.8194778495589943,-0.5095104222433947,0.19231329784848822,0.48939774987729867,-0.7309220132609505,-1.5661069258891576,-0.47454519624983954,-0.4736736092984604,1.0913630680069002,-1.8194778495589943,-0.5095104222433947,0.19231329784848822,0.48939774987729867,-0.8378068980747548,-1.0395803692605656,-0.3760014818308347,-0.3895323082701867,0.2847510165280748,-1.1535141919772027,-0.6853331523294114,-0.3815249217434777,-0.15460585860416778,-1.4609134070857044,-0.4030649954631285,-0.4194008220350217,0.6863335263203739,-1.6548120390977903,-0.9942108085507874,-0.6398256877165623,-0.3576753639798948,-0.2328872501475753,-0.28708333828187355,-0.32078666523533045,-0.39610534423349997,-0.38113017778990566,-0.3694246287326534,-0.2751579580367754,-0.2900883232983121,-0.2955781683826058,-0.3888554871521795,-0.41265547100857053,-0.2943754514063852,-0.3658086479243954,0.22665033726204112,-0.3894278315730909,0.939187032332861,0.8878768762919304,0.6293738750477056,-1.83504312030046,-1.1998205817747205,-0.9972958947885971,-0.772417663621493,-0.7538678336953983,-0.21377024625881774,0.04111021931238319,-0.1174491519879112,0.6324086782108782,0.08106764742915833,1.3555735383351193,-1.3555735383351195,-0.4820426798824101,-0.3075623426146228,0.6158384251930635,-0.13085598064755344,4.237622777986573,-0.2662958158485814,-0.19611613513818404,-0.19300937626135234,-0.12168146174384352,-0.06715342778730747,-0.03352007615769955,-1.8351149988007645,-0.21680296415038888,1.9535138126504805,-1.175735064194511,-0.40583972495671383,-0.16278112867447064,0.8119223343984152,-0.1699069165076462,-0.2081478487327801,-0.6981970580620328,1.3555735383351193,-1.3555735383351195,1.3555735383351193,-1.3555735383351195,1.3555735383351193,-1.3555735383351195,1.3555735383351193,-1.3555735383351195,-0.4820426798824101,-0.3075623426146228,0.6158384251930635,-0.4820426798824101,-0.3075623426146228,0.6158384251930635,-0.4820426798824101,-0.3075623426146228,0.6158384251930635,-0.13085598064755344,4.237622777986573,-0.2662958158485814,-0.19611613513818404,-0.19300937626135234,-0.12168146174384352,-0.06715342778730747,-0.03352007615769955,-1.8351149988007645,-0.13085598064755344,4.237622777986573,-0.2662958158485814,-0.19611613513818404,-0.19300937626135234,-0.12168146174384352,-0.06715342778730747,-0.03352007615769955,-1.8351149988007645,-0.21680296415038888,1.9535138126504805,-1.175735064194511,-0.40583972495671383,-0.16278112867447064
1,-0.7270341302116902,-1.5661069258891576,-0.47454519624983954,-0.4736736092984604,9.666962162740512,0.5446511676720712,-1.3133832581875537,0.5370842201482933,1.0462986376687076,-0.7270341302116902,-1.5661069258891576,-0.47454519624983954,-0.4736736092984604,9.666962162740512,0.5446511676720712,-1.3133832581875537,0.5370842201482933,1.0462986376687076,-0.8356248967869623,-1.0382198418492445,-0.3760014818308347,-0.3895323082701867,4.290257160731658,-0.30921606121120204,-0.9793861659153222,-0.24104712628981226,0.08491512495242241,-1.4609134070857044,-0.4030649954631285,-0.4194008220350217,8.928980931835927,-0.8746533061339944,-1.2628331395795704,-0.4975534921199921,-0.1629968366090419,-0.2328872501475753,-0.28708333828187355,-0.32078666523533045,-0.39610534423349997,-0.38113017778990566,-0.3694246287326534,-0.2751579580367754,-0.2900883232983121,-0.2955781683826058,-0.3888554871521795,-0.41265547100857053,-0.2943754514063852,-0.3658086479243954,14.963489319507703,19.125234287985975,3.061380885248461,9.427013191052955,8.058468346977804,0.5449215208897721,-0.8376565205383595,0.9574498946399291,1.2777712102587122,-1.177626087863427,-0.6825381871758727,-0.4001183608312462,0.29322481827021163,1.5253977943533386,0.52576326485718,1.3555735383351193,-1.3555735383351195,2.0745051044939435,-0.3075623426146228,-1.6238025415294657,-0.13085598064755344,-0.2359813632291101,-0.2662958158485814,-0.19611613513818404,-0.19300937626135234,-0.12168146174384352,-0.06715342778730747,-0.03352007615769955,0.5449249778098338,-0.21680296415038888,1.9535138126504805,-1.175735064194511,-0.40583972495671383,-0.16278112867447064,0.8119223343984152,-0.1699069165076462,-0.2081478487327801,-0.6981970580620328,1.3555735383351193,-1.3555735383351195,1.3555735383351193,-1.3555735383351195,1.3555735383351193,-1.3555735383351195,1.3555735383351193,-1.3555735383351195,2.0745051044939435,-0.3075623426146228,-1.6238025415294657,2.0745051044939435,-0.3075623426146228,-1.6238025415294657,2.0745051044939435,-0.3075623426146228,-1.6238025415294657,-0.13085598064755344,-0.2359813632291101,-0.2662958158485814,-0.19611613513818404,-0.19300937626135234,-0.12168146174384352,-0.06715342778730747,-0.03352007615769955,0.5449249778098338,-0.13085598064755344,-0.2359813632291101,-0.2662958158485814,-0.19611613513818404,-0.19300937626135234,-0.12168146174384352,-0.06715342778730747,-0.03352007615769955,0.5449249778098338,-0.21680296415038888,1.9535138126504805,-1.175735064194511,-0.40583972495671383,-0.16278112867447064
1,-0.7231462471624298,-0.3693648410115938,-0.47454519624983954,0.7676298785983874,-0.11646779040628442,0.5446511676720712,-0.5095104222433947,1.5713969870477085,-0.0675031379141101,-0.7231462471624298,-0.3693648410115938,-0.47454519624983954,0.7676298785983874,-0.11646779040628442,0.5446511676720712,-0.5095104222433947,1.5713969870477085,-0.0675031379141101,-0.8334344544883853,-0.6831221874944371,-0.3760014818308347,0.2067544365930072,-0.27490256790203643,-0.30573386714395645,-0.6816136137026636,0.17719358290178253,-0.38681322434223614,-0.5892568139740777,-0.4030649954631285,0.5195090584504164,0.028469648884860296,-0.04105904351514409,-0.5569533474872684,1.209712855038851,-0.1629968366090419,-0.2328872501475753,-0.28708333828187355,-0.32078666523533045,-0.39610534423349997,-0.38113017778990566,-0.3694246287326534,-0.2751579580367754,0.07498045644575013,0.07418983295400972,0.9624460102277982,0.4725028221561908,1.6310705068544655,0.056387602465029836,-0.16209288333514058,0.399931507946359,-0.20320282418793778,0.2543906091862676,-0.22559453904033924,0.5449215208897721,-0.14575511629852972,1.9899792732545456,0.20090432700850336,-0.7538678336953983,0.48431873309923607,-0.26165318579788244,1.973254696598896,0.9300717169250317,-0.23657207930514282,1.3555735383351193,-1.3555735383351195,-0.4820426798824101,-0.3075623426146228,0.6158384251930635,-0.13085598064755344,-0.2359813632291101,-0.2662958158485814,-0.19611613513818404,-0.19300937626135234,-0.12168146174384352,-0.06715342778730747,-0.03352007615769955,0.5449249778098338,-0.21680296415038888,-0.5118980953829163,-1.175735064194511,2.4640269015229057,-0.16278112867447064,-1.2316448970959013,-0.1699069165076462,-0.2081478487327801,1.4322604033532795,1.3555735383351193,-1.3555735383351195,1.3555735383351193,-1.3555735383351195,1.3555735383351193,-1.3555735383351195,1.3555735383351193,-1.3555735383351195,-0.4820426798824101,-0.3075623426146228,0.6158384251930635,-0.4820426798824101,-0.3075623426146228,0.6158384251930635,-0.4820426798824101,-0.3075623426146228,0.6158384251930635,-0.13085598064755344,-0.2359813632291101,-0.2662958158485814,-0.19611613513818404,-0.19300937626135234,-0.12168146174384352,-0.06715342778730747,-0.03352007615769955,0.5449249778098338,-0.13085598064755344,-0.2359813632291101,-0.2662958158485814,-0.19611613513818404,-0.19300937626135234,-0.12168146174384352,-0.06715342778730747,-0.03352007615769955,0.5449249778098338,-0.21680296415038888,-0.5118980953829163,-1.175735064194511,2.4640269015229057,-0.16278112867447064
0,-0.7192583641131695,0.8273772438659699,-0.47454519624983954,-0.4736736092984604,-0.4989475622371262,0.5446511676720712,-1.5366812681720423,0.5370842201482933,-0.6244040257055189,-0.7192583641131695,0.8273772438659699,-0.47454519624983954,-0.4736736092984604,-0.4989475622371262,0.5446511676720712,-1.5366812681720423,0.5370842201482933,-0.6244040257055189,-0.8312355711790237,-0.3253034783169876,-0.3760014818308347,-0.3895323082701867,-0.45384806517930754,-0.3022516730767109,-1.0607843968870174,-0.2346617719510093,-0.6235916012168806,0.8635041745453002,-0.4030649954631285,-0.4194008220350217,-0.571347415835755,0.7925352191037062,-1.1494148220340843,1.209712855038851,-0.3576753639798948,-0.2328872501475753,-0.28708333828187355,-0.32078666523533045,-0.39610534423349997,-0.38113017778990566,-0.3694246287326534,-0.2751579580367754,-0.2900883232983121,-0.2955781683826058,-0.3888554871521795,-0.41265547100857053,-0.2943754514063852,-0.3658086479243954,-0.19836401418550262,-0.33212765423625973,-0.6695812087300181,-0.36616736675397343,-0.4123594838653976,0.5449215208897721,-1.0298513550494233,0.9574498946399291,-0.337529114616601,-1.2286533543751765,-0.8612299054415861,-0.8020806973086978,0.29322481827021163,-0.26058043793158214,-0.4271559153457235,-0.7376951317802901,0.7376951317802901,-0.4820426798824101,3.2513733362117265,-1.6238025415294657,-0.13085598064755344,-0.2359813632291101,-0.2662958158485814,-0.19611613513818404,-0.19300937626135234,-0.12168146174384352,-0.06715342778730747,-0.03352007615769955,0.5449249778098338,-0.21680296415038888,-0.5118980953829163,0.8505317485662419,-0.40583972495671383,-0.16278112867447064,0.8119223343984152,-0.1699069165076462,-0.2081478487327801,-0.6981970580620328,-0.7376951317802901,0.7376951317802901,-0.7376951317802901,0.7376951317802901,-0.7376951317802901,0.7376951317802901,-0.7376951317802901,0.7376951317802901,-0.4820426798824101,3.2513733362117265,-1.6238025415294657,-0.4820426798824101,3.2513733362117265,-1.6238025415294657,-0.4820426798824101,3.2513733362117265,-1.6238025415294657,-0.13085598064755344,-0.2359813632291101,-0.2662958158485814,-0.19611613513818404,-0.19300937626135234,-0.12168146174384352,-0.06715342778730747,-0.03352007615769955,0.5449249778098338,-0.13085598064755344,-0.2359813632291101,-0.2662958158485814,-0.19611613513818404,-0.19300937626135234,-0.12168146174384352,-0.06715342778730747,-0.03352007615769955,0.5449249778098338,-0.21680296415038888,-0.5118980953829163,0.8505317485662419,-0.40583972495671383,-0.16278112867447064
1,-0.7153704810639091,0.8273772438659699,3.1548090514635256,2.0089333664952354,-0.01581521887185237,0.5446511676720712,0.96425644365423,-1.5315413136505371,2.717001301042934,-0.7153704810639091,0.8273772438659699,3.1548090514635256,2.0089333664952354,-0.01581521887185237,0.5446511676720712,0.96425644365423,-1.5315413136505371,2.717001301042934,-0.8290282468588777,-0.3212218960830243,1.4402802253392215,0.8122148236848655,-0.22549576326152493,-0.2987694790094653,-0.12910344424210723,-1.0679505131647973,0.8144485023499758,0.8635041745453002,3.364042462134573,2.3973288194212925,0.8217760893218031,0.7925352191037062,1.3577269342345568,-1.3511866656994136,3.1465381286954575,2.2709141360544107,3.757047166210606,1.2479201874119608,3.3009460692730155,4.226472700943698,-0.3694246287326534,2.7475812480845243,1.1701867956779368,0.5861762963431696,2.313747507607776,3.351533038490722,-0.2943754514063852,2.589565104801581,-0.1456060056758851,0.5925786558891535,0.556765854538498,-0.5019144239909011,0.45921025865154136,0.5449215208897721,1.1227307914744915,-1.107608862589304,2.8930715351340255,0.9989187709831968,-1.086381470456385,3.6391381257763586,-1.0507990843927357,-0.855906515359889,2.6221854613035673,-0.7376951317802901,0.7376951317802901,-0.4820426798824101,-0.3075623426146228,0.6158384251930635,-0.13085598064755344,-0.2359813632291101,-0.2662958158485814,-0.19611613513818404,-0.19300937626135234,-0.12168146174384352,-0.06715342778730747,-0.03352007615769955,0.5449249778098338,4.612483062299524,-0.5118980953829163,-1.175735064194511,-0.40583972495671383,-0.16278112867447064,-1.2316448970959013,5.885575587824865,-0.2081478487327801,-0.6981970580620328,-0.7376951317802901,0.7376951317802901,-0.7376951317802901,0.7376951317802901,-0.7376951317802901,0.7376951317802901,-0.7376951317802901,0.7376951317802901,-0.4820426798824101,-0.3075623426146228,0.6158384251930635,-0.4820426798824101,-0.3075623426146228,0.6158384251930635,-0.4820426798824101,-0.3075623426146228,0.6158384251930635,-0.13085598064755344,-0.2359813632291101,-0.2662958158485814,-0.19611613513818404,-0.19300937626135234,-0.12168146174384352,-0.06715342778730747,-0.03352007615769955,0.5449249778098338,-0.13085598064755344,-0.2359813632291101,-0.2662958158485814,-0.19611613513818404,-0.19300937626135234,-0.12168146174384352,-0.06715342778730747,-0.03352007615769955,0.5449249778098338,4.612483062299524,-0.5118980953829163,-1.175735064194511,-0.40583972495671383,-0.16278112867447064
0,-0.7114825980146487,-1.5661069258891576,0.4327933656785018,0.7676298785983874,0.9504494678586953,-1.8792661492571456,0.96425644365423,1.5713969870477085,0.48939774987729867,-0.7114825980146487,-1.5661069258891576,0.4327933656785018,0.7676298785983874,0.9504494678586953,-1.8792661492571456,0.96425644365423,1.5713969870477085,0.48939774987729867,-0.8268124815279472,-1.0327777322039602,0.07980203819371183,0.2136346682645056,0.2335667277264876,-1.1740742470862748,-0.12514905420036004,0.19156063016408922,-0.14089282519443933,-1.4609134070857044,-0.0891393739966534,0.0500541182076973,0.5508909633189446,-1.6745420808165796,-0.5017365349980186,-0.07073690533028135,-0.3576753639798948,-0.07639966350995119,0.2184329747796864,0.6786314102415729,-0.35873376929420825,0.770770541893495,1.5418115634009901,0.048706956904792466,0.07498045644575013,0.8279476818324951,-0.33421706368809756,1.4694387837410756,1.6310705068544655,0.26748572765974243,0.15983509622190054,-0.47875987197023284,2.4999982930708056,1.7960893306628036,0.5422169007960117,-1.8409560124108695,-1.1751878000261426,-0.9823612160709629,-0.8106496239735714,0.9989187709831968,2.2533667439297993,1.0640991990364888,1.973254696598896,1.823060833067492,0.08106764742915833,-0.7376951317802901,0.7376951317802901,-0.4820426798824101,-0.3075623426146228,0.6158384251930635,-0.13085598064755344,-0.2359813632291101,-0.2662958158485814,-0.19611613513818404,5.181095444015676,-0.12168146174384352,-0.06715342778730747,-0.03352007615769955,-1.8351149988007645,-0.21680296415038888,-0.5118980953829163,0.8505317485662419,-0.40583972495671383,-0.16278112867447064,-1.2316448970959013,-0.1699069165076462,-0.2081478487327801,1.4322604033532795,-0.7376951317802901,0.7376951317802901,-0.7376951317802901,0.7376951317802901,-0.7376951317802901,0.7376951317802901,-0.7376951317802901,0.7376951317802901,-0.4820426798824101,-0.3075623426146228,0.6158384251930635,-0.4820426798824101,-0.3075623426146228,0.6158384251930635,-0.4820426798824101,-0.3075623426146228,0.6158384251930635,-0.13085598064755344,-0.2359813632291101,-0.2662958158485814,-0.19611613513818404,5.181095444015676,-0.12168146174384352,-0.06715342778730747,-0.03352007615769955,-1.8351149988007645,-0.13085598064755344,-0.2359813632291101,-0.2662958158485814,-0.19611613513818404,5.181095444015676,-0.12168146174384352,-0.06715342778730747,-0.03352007615769955,-1.8351149988007645,-0.21680296415038888,-0.5118980953829163,0.8505317485662419,-0.40583972495671383,-0.16278112867447064
0,-0.7075947149653883,-1.5661069258891576,-0.47454519624983954,-0.4736736092984604,-0.6398611623853311,-1.8194778495589943,0.96425644365423,0.8818551424480984,-0.6244040257055189,-0.7075947149653883,-1.5661069258891576,-0.47454519624983954,-0.4736736092984604,-0.6398611623853311,-1.8194778495589943,0.96425644365423,0.8818551424480984,-0.6244040257055189,-0.8245882751862321,-1.0314172047926389,-0.3760014818308347,-0.3895323082701867,-0.5201228317565575,-1.1521748865667236,-0.12119466415861284,-0.0846059449891394,-0.6208489945349349,-1.4609134070857044,-0.4030649954631285,-0.4194008220350217,-0.9776751048400428,-1.6548120390977903,-0.5017365349980186,-0.35528129652342183,-0.7470324187216006,-0.2328872501475753,-0.28708333828187355,-0.32078666523533045,-0.39610534423349997,-0.38113017778990566,-0.3694246287326534,-0.2751579580367754,-0.2900883232983121,-0.2955781683826058,-0.3888554871521795,-0.41265547100857053,-0.2943754514063852,-0.3658086479243954,-0.20119860016902374,-0.6018336613561719,-0.698238428680284,-0.5019144239909011,-0.44141180861596224,-1.83504312030046,-1.1185073825585012,-0.9531707076683144,-0.8414475920349679,0.9989187709831968,1.5112004740662026,-0.22342026433344614,0.7785667831207204,-0.16135942502686434,-0.4271559153457235,-0.7376951317802901,0.7376951317802901,-0.4820426798824101,-0.3075623426146228,0.6158384251930635,-0.13085598064755344,4.237622777986573,-0.2662958158485814,-0.19611613513818404,-0.19300937626135234,-0.12168146174384352,-0.06715342778730747,-0.03352007615769955,-1.8351149988007645,-0.21680296415038888,-0.5118980953829163,0.8505317485662419,-0.40583972495671383,-0.16278112867447064,0.8119223343984152,-0.1699069165076462,-0.2081478487327801,-0.6981970580620328,-0.7376951317802901,0.7376951317802901,-0.7376951317802901,0.7376951317802901,-0.7376951317802901,0.7376951317802901,-0.7376951317802901,0.7376951317802901,-0.4820426798824101,-0.3075623426146228,0.6158384251930635,-0.4820426798824101,-0.3075623426146228,0.6158384251930635,-0.4820426798824101,-0.3075623426146228,0.6158384251930635,-0.13085598064755344,4.237622777986573,-0.2662958158485814,-0.19611613513818404,-0.19300937626135234,-0.12168146174384352,-0.06715342778730747,-0.03352007615769955,-1.8351149988007645,-0.13085598064755344,4.237622777986573,-0.2662958158485814,-0.19611613513818404,-0.19300937626135234,-0.12168146174384352,-0.06715342778730747,-0.03352007615769955,-1.8351149988007645,-0.21680296415038888,-0.5118980953829163,0.8505317485662419,-0.40583972495671383,-0.16278112867447064
0,-0.7037068319161279,0.8273772438659699,-0.47454519624983954,-0.4736736092984604,-0.4989475622371262,0.5446511676720712,-1.5500791487711116,0.8818551424480984,-0.6244040257055189,-0.7037068319161279,0.8273772438659699,-0.47454519624983954,-0.4736736092984604,-0.4989475622371262,0.5446511676720712,-1.5500791487711116,0.8818551424480984,-0.6244040257055189,-0.8223556278337326,-0.3089771493811344,-0.3760014818308347,-0.3895323082701867,-0.4528323599444071,-0.28832289680772866,-1.0642310000855226,-0.080881154958171,-0.6199347923076197,0.8635041745453002,-0.4030649954631285,-0.4194008220350217,-0.571347415835755,0.7925352191037062,-1.1628459385855234,1.6365294418285616,-0.3576753639798948,-0.2328872501475753,-0.28708333828187355,-0.32078666523533045,-0.39610534423349997,-0.38113017778990566,-0.3694246287326534,-0.2751579580367754,-0.2900883232983121,-0.2955781683826058,-0.3888554871521795,-0.41265547100857053,-0.2943754514063852,-0.3658086479243954,-0.19836401418550262,-0.33212765423625973,-0.6709458382514594,-0.34354285721448546,-0.4123594838653976,0.5449215208897721,-1.0413830451200872,1.3016263541781348,-0.337529114616601,-1.2307930204368625,-0.8362130648843862,-0.8051806639139224,0.7785667831207204,-0.16135942502686434,-0.4271559153457235,1.3555735383351193,-1.3555735383351195,-0.4820426798824101,3.2513733362117265,-1.6238025415294657,-0.13085598064755344,-0.2359813632291101,-0.2662958158485814,-0.19611613513818404,-0.19300937626135234,-0.12168146174384352,-0.06715342778730747,-0.03352007615769955,0.5449249778098338,-0.21680296415038888,1.9535138126504805,-1.175735064194511,-0.40583972495671383,-0.16278112867447064,0.8119223343984152,-0.1699069165076462,-0.2081478487327801,-0.6981970580620328,1.3555735383351193,-1.3555735383351195,1.3555735383351193,-1.3555735383351195,1.3555735383351193,-1.3555735383351195,1.3555735383351193,-1.3555735383351195,-0.4820426798824101,3.2513733362117265,-1.6238025415294657,-0.4820426798824101,3.2513733362117265,-1.6238025415294657,-0.4820426798824101,3.2513733362117265,-1.6238025415294657,-0.13085598064755344,-0.2359813632291101,-0.2662958158485814,-0.19611613513818404,-0.19300937626135234,-0.12168146174384352,-0.06715342778730747,-0.03352007615769955,0.5449249778098338,-0.13085598064755344,-0.2359813632291101,-0.2662958158485814,-0.19611613513818404,-0.19300937626135234,-0.12168146174384352,-0.06715342778730747,-0.03352007615769955,0.5449249778098338,-0.21680296415038888,1.9535138126504805,-1.175735064194511,-0.40583972495671383,-0.16278112867447064
0,-0.6998189488668676,-0.3693648410115938,-0.47454519624983954,-0.4736736092984604,-0.438556019316467,0.5446511676720712,0.96425644365423,0.8818551424480984,-0.6244040257055189,-0.6998189488668676,-0.3693648410115938,-0.47454519624983954,-0.4736736092984604,-0.438556019316467,0.5446511676720712,0.96425644365423,0.8818551424480984,-0.6244040257055189,-0.8201145394704485,-0.6667958585585839,-0.3760014818308347,-0.3895323082701867,-0.4236308344410211,-0.28484070274048306,-0.11328588407511844,-0.0771563649272026,-0.6190205900803045,-0.5892568139740777,-0.4030649954631285,-0.4194008220350217,-0.5906963534073878,-0.04105904351514409,0.42799519961826915,0.6406240726525699,-0.5523538913507477,-0.2328872501475753,-0.28708333828187355,-0.32078666523533045,-0.39610534423349997,-0.38113017778990566,-0.3694246287326534,-0.2751579580367754,-0.2900883232983121,-0.2955781683826058,-0.3888554871521795,-0.41265547100857053,-0.2943754514063852,-0.3658086479243954,-0.19541373081489902,-0.21653936547058308,-0.2933983373193865,-0.2756693285960216,-0.39990848754372704,0.5449215208897721,1.1227307914744915,1.3016263541781348,-0.337529114616601,0.9989187709831968,1.5112004740662026,-0.22342026433344614,0.7785667831207204,-0.16135942502686434,-0.4271559153457235,-0.7376951317802901,0.7376951317802901,-0.4820426798824101,-0.3075623426146228,0.6158384251930635,-0.13085598064755344,-0.2359813632291101,-0.2662958158485814,-0.19611613513818404,-0.19300937626135234,-0.12168146174384352,-0.06715342778730747,-0.03352007615769955,0.5449249778098338,-0.21680296415038888,-0.5118980953829163,0.8505317485662419,-0.40583972495671383,-0.16278112867447064,0.8119223343984152,-0.1699069165076462,-0.2081478487327801,-0.6981970580620328,-0.7376951317802901,0.7376951317802901,-0.7376951317802901,0.7376951317802901,-0.7376951317802901,0.7376951317802901,-0.7376951317802901,0.7376951317802901,-0.4820426798824101,-0.3075623426146228,0.6158384251930635,-0.4820426798824101,-0.3075623426146228,0.6158384251930635,-0.4820426798824101,-0.3075623426146228,0.6158384251930635,-0.13085598064755344,-0.2359813632291101,-0.2662958158485814,-0.19611613513818404,-0.19300937626135234,-0.12168146174384352,-0.06715342778730747,-0.03352007615769955,0.5449249778098338,-0.13085598064755344,-0.2359813632291101,-0.2662958158485814,-0.19611613513818404,-0.19300937626135234,-0.12168146174384352,-0.06715342778730747,-0.03352007615769955,0.5449249778098338,-0.21680296415038888,-0.5118980953829163,0.8505317485662419,-0.40583972495671383,-0.16278112867447064
0,-0.6959310658176072,0.8273772438659699,3.1548090514635256,0.7676298785983874,0.14522889558323893,0.5446511676720712,0.96425644365423,-1.5315413136505371,2.717001301042934,-0.6959310658176072,0.8273772438659699,3.1548090514635256,0.7676298785983874,0.14522889558323893,0.5446511676720712,0.96425644365423,-1.5315413136505371,2.717001301042934,-0.81786501009638,-0.30081398491320777,1.4749420899798715,0.22280831049317013,-0.14238930993449714,-0.28135850867323753,-0.10933149403337124,-1.0679505131647973,0.8464455803060088,0.8635041745453002,3.364042462134573,0.9889639986931354,1.2861505910409892,0.7925352191037062,1.3577269342345568,-1.3511866656994136,3.1465381286954575,2.2709141360544107,1.7349819139643663,1.652747762288681,3.3009460692730155,4.226472700943698,-0.3694246287326534,2.7475812480845243,0.07498045644575013,0.25907383362231745,0.9624460102277982,1.4694387837410756,-0.2943754514063852,1.1118782284385929,-0.11321073729278662,0.9008140925976245,0.880637927627216,-0.5019144239909011,0.6916288566560583,0.5449215208897721,1.1227307914744915,-1.107608862589304,2.8930715351340255,0.9989187709831968,-1.086381470456385,3.6391381257763586,-1.0507990843927357,-0.855906515359889,2.6221854613035673,-0.7376951317802901,0.7376951317802901,-0.4820426798824101,-0.3075623426146228,0.6158384251930635,-0.13085598064755344,-0.2359813632291101,-0.2662958158485814,-0.19611613513818404,-0.19300937626135234,-0.12168146174384352,-0.06715342778730747,-0.03352007615769955,0.5449249778098338,-0.21680296415038888,-0.5118980953829163,0.8505317485662419,-0.40583972495671383,-0.16278112867447064,-1.2316448970959013,-0.1699069165076462,4.804277373453898,-0.6981970580620328,-0.7376951317802901,0.7376951317802901,-0.7376951317802901,0.7376951317802901,-0.7376951317802901,0.7376951317802901,-0.7376951317802901,0.7376951317802901,-0.4820426798824101,-0.3075623426146228,0.6158384251930635,-0.4820426798824101,-0.3075623426146228,0.6158384251930635,-0.4820426798824101,-0.3075623426146228,0.6158384251930635,-0.13085598064755344,-0.2359813632291101,-0.2662958158485814,-0.19611613513818404,-0.19300937626135234,-0.12168146174384352,-0.06715342778730747,-0.03352007615769955,0.5449249778098338,-0.13085598064755344,-0.2359813632291101,-0.2662958158485814,-0.19611613513818404,-0.19300937626135234,-0.12168146174384352,-0.06715342778730747,-0.03352007615769955,0.5449249778098338,-0.21680296415038888,-0.5118980953829163,0.8505317485662419,-0.40583972495671383,-0.16278112867447064
1,-0.6920431827683469,0.8273772438659699,0.4327933656785018,-0.4736736092984604,-0.4989475622371262,0.5446511676720712,0.96425644365423,-0.497228546751122,-0.6244040257055189,-0.6920431827683469,0.8273772438659699,0.4327933656785018,-0.4736736092984604,-0.4989475622371262,0.5446511676720712,0.96425644365423,-0.497228546751122,-0.6244040257055189,-0.815607039711527,-0.2967324026792445,0.08846750435387431,-0.3895323082701867,-0.4520705810182319,-0.277876314605992,-0.10537710399162405,-0.6401317724649981,-0.617192185625674,0.8635041745453002,0.5387118689362969,-0.4194008220350217,-0.571347415835755,0.7925352191037062,1.3577269342345568,-0.07073690533028135,-0.3576753639798948,-0.07639966350995119,-0.28708333828187355,-0.2322306332310479,0.5281575091431288,0.770770541893495,0.2676541019785611,-0.16720298638958608,-0.2900883232983121,-0.2955781683826058,-0.3888554871521795,-0.41265547100857053,-0.2943754514063852,-0.3658086479243954,-0.19836401418550262,-0.33212765423625973,-0.41485036472765574,-0.4340408953724373,-0.4123594838653976,0.5449215208897721,1.1227307914744915,-0.07507948397468743,-0.337529114616601,0.9989187709831968,0.026867934339009688,-0.22342026433344614,-0.714793108726999,-0.5582434766457356,-0.4271559153457235,-0.7376951317802901,0.7376951317802901,-0.4820426798824101,-0.3075623426146228,0.6158384251930635,-0.13085598064755344,-0.2359813632291101,-0.2662958158485814,-0.19611613513818404,-0.19300937626135234,-0.12168146174384352,-0.06715342778730747,-0.03352007615769955,0.5449249778098338,-0.21680296415038888,-0.5118980953829163,0.8505317485662419,-0.40583972495671383,-0.16278112867447064,-1.2316448970959013,-0.1699069165076462,-0.2081478487327801,1.4322604033532795,-0.7376951317802901,0.7376951317802901,-0.7376951317802901,0.7376951317802901,-0.7376951317802901,0.7376951317802901,-0.7376951317802901,0.7376951317802901,-0.4820426798824101,-0.3075623426146228,0.6158384251930635,-0.4820426798824101,-0.3075623426146228,0.6158384251930635,-0.4820426798824101,-0.3075623426146228,0.6158384251930635,-0.13085598064755344,-0.2359813632291101,-0.2662958158485814,-0.19611613513818404,-0.19300937626135234,-0.12168146174384352,-0.06715342778730747,-0.03352007615769955,0.5449249778098338,-0.13085598064755344,-0.2359813632291101,-0.2662958158485814,-0.19611613513818404,-0.19300937626135234,-0.12168146174384352,-0.06715342778730747,-0.03352007615769955,0.5449249778098338,-0.21680296415038888,-0.5118980953829163,0.8505317485662419,-0.40583972495671383,-0.16278112867447064
1,-0.6881552997190864,-1.5661069258891576,-0.47454519624983954,0.7676298785983874,2.4401075265682897,-1.747233654090395,-0.5095104222433947,1.5713969870477085,0.48939774987729867,-0.6881552997190864,-1.5661069258891576,-0.47454519624983954,0.7676298785983874,2.4401075265682897,-1.747233654090395,-0.5095104222433947,1.5713969870477085,0.48939774987729867,-0.8133406283158895,-1.0246145677360334,-0.3760014818308347,0.22739513160750238,0.9728550379861238,-1.1242692563986394,-0.6648756898822987,0.2202947246887026,-0.12443718510276519,-1.4609134070857044,-0.4030649954631285,0.0500541182076973,1.9827123436197682,-1.6309715720209197,-0.9942108085507874,-0.07073690533028135,-0.3576753639798948,-0.2328872501475753,-0.28708333828187355,-0.32078666523533045,-0.39610534423349997,-0.38113017778990566,-0.3694246287326534,-0.2751579580367754,0.07498045644575013,1.880364301021324,-0.2635869065272112,0.4725028221561908,1.6310705068544655,0.26748572765974243,1.1529814669380338,-0.05535411861193735,2.214855705447753,3.9486498097055147,1.463590628599633,-1.8243260033503432,-1.1676099405747105,-0.8204557217911562,-0.7262207115293983,-0.7538678336953983,0.48431873309923607,0.04111021931238319,1.973254696598896,1.823060833067492,0.08106764742915833,1.3555735383351193,-1.3555735383351195,-0.4820426798824101,-0.3075623426146228,0.6158384251930635,-0.13085598064755344,-0.2359813632291101,3.755222352305419,-0.19611613513818404,-0.19300937626135234,-0.12168146174384352,-0.06715342778730747,-0.03352007615769955,-1.8351149988007645,-0.21680296415038888,-0.5118980953829163,-1.175735064194511,2.4640269015229057,-0.16278112867447064,-1.2316448970959013,-0.1699069165076462,-0.2081478487327801,1.4322604033532795,1.3555735383351193,-1.3555735383351195,1.3555735383351193,-1.3555735383351195,1.3555735383351193,-1.3555735383351195,1.3555735383351193,-1.3555735383351195,-0.4820426798824101,-0.3075623426146228,0.6158384251930635,-0.4820426798824101,-0.3075623426146228,0.6158384251930635,-0.4820426798824101,-0.3075623426146228,0.6158384251930635,-0.13085598064755344,-0.2359813632291101,3.755222352305419,-0.19611613513818404,-0.19300937626135234,-0.12168146174384352,-0.06715342778730747,-0.03352007615769955,-1.8351149988007645,-0.13085598064755344,-0.2359813632291101,3.755222352305419,-0.19611613513818404,-0.19300937626135234,-0.12168146174384352,-0.06715342778730747,-0.03352007615769955,-1.8351149988007645,-0.21680296415038888,-0.5118980953829163,-1.175735064194511,2.4640269015229057,-0.16278112867447064
1,-0.684267416669826,-1.5661069258891576,-0.47454519624983954,-0.4736736092984604,2.0777582690443346,-1.747233654090395,-0.5095104222433947,0.5370842201482933,1.0462986376687076,-0.684267416669826,-1.5661069258891576,-0.47454519624983954,-0.4736736092984604,2.0777582690443346,-1.747233654090395,-0.5095104222433947,0.5370842201482933,1.0462986376687076,-0.8110657759094675,-1.0232540403247123,-0.3760014818308347,-0.3895323082701867,0.8021077329619772,-1.1239464494535496,-0.6630159205689248,-0.2059276774263959,0.12514002295429252,-1.4609134070857044,-0.4030649954631285,-0.4194008220350217,1.6344314673303788,-1.6309715720209197,-0.9942108085507874,-0.4975534921199921,-0.1629968366090419,-0.2328872501475753,-0.28708333828187355,-0.32078666523533045,-0.39610534423349997,-0.38113017778990566,-0.3694246287326534,-0.2751579580367754,-0.2900883232983121,-0.2955781683826058,-0.3888554871521795,-0.41265547100857053,-0.2943754514063852,-0.3658086479243954,0.8530938396202079,-0.11964582952302377,1.8721387484915135,2.1160645370069906,1.799767529284738,-1.8243260033503432,-1.1676099405747105,-0.9161734353905387,-0.6763067632919626,-0.7538678336953983,-0.03924800141930428,0.3438736244226488,0.29322481827021163,1.5253977943533386,0.52576326485718,1.3555735383351193,-1.3555735383351195,-0.4820426798824101,-0.3075623426146228,0.6158384251930635,-0.13085598064755344,-0.2359813632291101,3.755222352305419,-0.19611613513818404,-0.19300937626135234,-0.12168146174384352,-0.06715342778730747,-0.03352007615769955,-1.8351149988007645,-0.21680296415038888,1.9535138126504805,-1.175735064194511,-0.40583972495671383,-0.16278112867447064,0.8119223343984152,-0.1699069165076462,-0.2081478487327801,-0.6981970580620328,1.3555735383351193,-1.3555735383351195,1.3555735383351193,-1.3555735383351195,1.3555735383351193,-1.3555735383351195,1.3555735383351193,-1.3555735383351195,-0.4820426798824101,-0.3075623426146228,0.6158384251930635,-0.4820426798824101,-0.3075623426146228,0.6158384251930635,-0.4820426798824101,-0.3075623426146228,0.6158384251930635,-0.13085598064755344,-0.2359813632291101,3.755222352305419,-0.19611613513818404,-0.19300937626135234,-0.12168146174384352,-0.06715342778730747,-0.03352007615769955,-1.8351149988007645,-0.13085598064755344,-0.2359813632291101,3.755222352305419,-0.19611613513818404,-0.19300937626135234,-0.12168146174384352,-0.06715342778730747,-0.03352007615769955,-1.8351149988007645,-0.21680296415038888,1.9535138126504805,-1.175735064194511,-0.40583972495671383,-0.16278112867447064
0,-0.6803795336205657,-1.5661069258891576,-0.47454519624983954,-0.4736736092984604,-0.01581521887185237,0.5446511676720712,0.96425644365423,0.8818551424480984,-0.0675031379141101,-0.6803795336205657,-1.5661069258891576,-0.47454519624983954,-0.4736736092984604,-0.01581521887185237,0.5446511676720712,0.96425644365423,0.8818551424480984,-0.0675031379141101,-0.8087824824922609,-1.0218935129133913,-0.3760014818308347,-0.3895323082701867,-0.21537498609948183,-0.26742973240425527,-0.09351393386638245,-0.05853241477236059,-0.3667007753413011,-1.4609134070857044,-0.4030649954631285,-0.4194008220350217,-0.3778580401194275,-0.8746533061339944,-0.5017365349980186,-0.35528129652342183,-0.5523538913507477,-0.2328872501475753,-0.28708333828187355,-0.32078666523533045,-0.39610534423349997,-0.38113017778990566,-0.3694246287326534,-0.2751579580367754,-0.2900883232983121,-0.2955781683826058,-0.3888554871521795,-0.41265547100857053,-0.2943754514063852,-0.3658086479243954,-0.1456060056758851,0.5925786558891535,0.556765854538498,0.1994453717332254,-0.18409121796810404,0.5449215208897721,1.1227307914744915,1.3016263541781348,0.20090432700850336,0.9989187709831968,1.5112004740662026,0.42033946735152133,0.7785667831207204,0.5331876653061604,-0.23657207930514282,-0.7376951317802901,0.7376951317802901,-0.4820426798824101,-0.3075623426146228,0.6158384251930635,-0.13085598064755344,-0.2359813632291101,-0.2662958158485814,-0.19611613513818404,-0.19300937626135234,-0.12168146174384352,-0.06715342778730747,-0.03352007615769955,0.5449249778098338,-0.21680296415038888,-0.5118980953829163,0.8505317485662419,-0.40583972495671383,-0.16278112867447064,0.8119223343984152,-0.1699069165076462,-0.2081478487327801,-0.6981970580620328,-0.7376951317802901,0.7376951317802901,-0.7376951317802901,0.7376951317802901,-0.7376951317802901,0.7376951317802901,-0.7376951317802901,0.7376951317802901,-0.4820426798824101,-0.3075623426146228,0.6158384251930635,-0.4820426798824101,-0.3075623426146228,0.6158384251930635,-0.4820426798824101,-0.3075623426146228,0.6158384251930635,-0.13085598064755344,-0.2359813632291101,-0.2662958158485814,-0.19611613513818404,-0.19300937626135234,-0.12168146174384352,-0.06715342778730747,-0.03352007615769955,0.5449249778098338,-0.13085598064755344,-0.2359813632291101,-0.2662958158485814,-0.19611613513818404,-0.19300937626135234,-0.12168146174384352,-0.06715342778730747,-0.03352007615769955,0.5449249778098338,-0.21680296415038888,-0.5118980953829163,0.8505317485662419,-0.40583972495671383,-0.16278112867447064
1,-0.6764916505713053,0.8273772438659699,-0.47454519624983954,-0.4736736092984604,-0.6398611623853311,0.5446511676720712,0.96425644365423,-0.497228546751122,1.0462986376687076,-0.6764916505713053,0.8273772438659699,-0.47454519624983954,-0.4736736092984604,-0.6398611623853311,0.5446511676720712,0.96425644365423,-0.497228546751122,1.0462986376687076,-0.8064907480642699,-0.28040607374339127,-0.3760014818308347,-0.3895323082701867,-0.5201228317565575,-0.26394753833700973,-0.08955954382463525,-0.6337464181261951,0.13245364077281435,0.8635041745453002,-0.4030649954631285,-0.4194008220350217,-0.9776751048400428,0.7925352191037062,1.3577269342345568,-0.07073690533028135,1.3944313823577814,-0.2328872501475753,-0.28708333828187355,-0.32078666523533045,-0.39610534423349997,-0.38113017778990566,-0.3694246287326534,-0.2751579580367754,-0.2900883232983121,-0.2955781683826058,-0.3888554871521795,-0.41265547100857053,-0.2943754514063852,-0.3658086479243954,-0.20119860016902374,-0.6018336613561719,-0.698238428680284,-0.5019144239909011,-0.44141180861596224,0.5449215208897721,1.1227307914744915,-0.07507948397468743,1.2777712102587122,0.9989187709831968,0.026867934339009688,1.7078589307214564,-0.714793108726999,0.33474563949672476,0.52576326485718,-0.7376951317802901,0.7376951317802901,-0.4820426798824101,-0.3075623426146228,0.6158384251930635,-0.13085598064755344,-0.2359813632291101,-0.2662958158485814,-0.19611613513818404,-0.19300937626135234,-0.12168146174384352,-0.06715342778730747,-0.03352007615769955,0.5449249778098338,-0.21680296415038888,-0.5118980953829163,0.8505317485662419,-0.40583972495671383,-0.16278112867447064,0.8119223343984152,-0.1699069165076462,-0.2081478487327801,-0.6981970580620328,-0.7376951317802901,0.7376951317802901,-0.7376951317802901,0.7376951317802901,-0.7376951317802901,0.7376951317802901,-0.7376951317802901,0.7376951317802901,-0.4820426798824101,-0.3075623426146228,0.6158384251930635,-0.4820426798824101,-0.3075623426146228,0.6158384251930635,-0.4820426798824101,-0.3075623426146228,0.6158384251930635,-0.13085598064755344,-0.2359813632291101,-0.2662958158485814,-0.19611613513818404,-0.19300937626135234,-0.12168146174384352,-0.06715342778730747,-0.03352007615769955,0.5449249778098338,-0.13085598064755344,-0.2359813632291101,-0.2662958158485814,-0.19611613513818404,-0.19300937626135234,-0.12168146174384352,-0.06715342778730747,-0.03352007615769955,0.5449249778098338,-0.21680296415038888,-0.5118980953829163,0.8505317485662419,-0.40583972495671383,-0.16278112867447064
1,-0.672603767522045,-0.3693648410115938,-0.47454519624983954,0.7676298785983874,-0.25738139055448933,0.5446511676720712,-0.5095104222433947,1.2266260647479035,-0.0675031379141101,-0.672603767522045,-0.3693648410115938,-0.47454519624983954,0.7676298785983874,-0.25738139055448933,0.5446511676720712,-0.5095104222433947,1.2266260647479035,-0.0675031379141101,-0.8041905726254944,-0.6477484748000886,-0.3760014818308347,0.23656877383616692,-0.3319634369912615,-0.26046534426976414,-0.6574366126288032,0.09418397649734386,-0.3630439664320402,-0.5892568139740777,-0.4030649954631285,0.5195090584504164,-0.24241547711799824,-0.04105904351514409,-0.5569533474872684,0.9251684638457104,-0.1629968366090419,-0.2328872501475753,-0.28708333828187355,-0.32078666523533045,-0.39610534423349997,-0.38113017778990566,-0.3694246287326534,-0.2751579580367754,0.07498045644575013,-0.02536309048277139,0.9624460102277982,0.4725028221561908,1.4171320670477043,0.056387602465029836,-0.18031522180063347,0.13022550082644685,-0.33648164078203097,-0.010639359704877017,-0.2836991885414685,0.5449215208897721,-0.14575511629852972,1.64580281371634,0.20090432700850336,-0.7538678336953983,0.3097964882597226,-0.26165318579788244,1.3385767425636153,0.7316296911155961,-0.23657207930514282,1.3555735383351193,-1.3555735383351195,-0.4820426798824101,-0.3075623426146228,0.6158384251930635,-0.13085598064755344,-0.2359813632291101,-0.2662958158485814,-0.19611613513818404,-0.19300937626135234,-0.12168146174384352,-0.06715342778730747,-0.03352007615769955,0.5449249778098338,-0.21680296415038888,-0.5118980953829163,-1.175735064194511,2.4640269015229057,-0.16278112867447064,-1.2316448970959013,-0.1699069165076462,-0.2081478487327801,1.4322604033532795,1.3555735383351193,-1.3555735383351195,1.3555735383351193,-1.3555735383351195,1.3555735383351193,-1.3555735383351195,1.3555735383351193,-1.3555735383351195,-0.4820426798824101,-0.3075623426146228,0.6158384251930635,-0.4820426798824101,-0.3075623426146228,0.6158384251930635,-0.4820426798824101,-0.3075623426146228,0.6158384251930635,-0.13085598064755344,-0.2359813632291101,-0.2662958158485814,-0.19611613513818404,-0.19300937626135234,-0.12168146174384352,-0.06715342778730747,-0.03352007615769955,0.5449249778098338,-0.13085598064755344,-0.2359813632291101,-0.2662958158485814,-0.19611613513818404,-0.19300937626135234,-0.12168146174384352,-0.06715342778730747,-0.03352007615769955,0.5449249778098338,-0.21680296415038888,-0.5118980953829163,-1.175735064194511,2.4640269015229057,-0.16278112867447064
0,-0.6687158844727845,-1.5661069258891576,-0.47454519624983954,0.7676298785983874,-0.056076247485625196,-1.747233654090395,-1.1168810094012038,0.8818551424480984,-0.6244040257055189,-0.6687158844727845,-1.5661069258891576,-0.47454519624983954,0.7676298785983874,-0.056076247485625196,-1.747233654090395,-1.1168810094012038,0.8818551424480984,-0.6244040257055189,-0.8018819561759344,-1.017811930679428,-0.3760014818308347,0.23886218439333304,-0.23188019616661307,-1.1226552216731902,-0.8921039548975602,-0.04735804467945539,-0.6117069722617826,-1.4609134070857044,-0.4030649954631285,0.0500541182076973,-0.416555915262693,-1.6309715720209197,-1.1971699031058678,-0.35528129652342183,-0.7470324187216006,-0.2328872501475753,-0.28708333828187355,-0.32078666523533045,-0.39610534423349997,-0.38113017778990566,-0.3694246287326534,-0.2751579580367754,0.07498045644575013,0.11685537156977305,-0.2635869065272112,0.061644365260601956,1.2031936272409431,-0.15471052272968278,-0.15254784890083478,-0.49825257155497715,-0.4023737519601931,0.1541963526542495,-0.3210521775064802,-1.8243260033503432,-1.2160718491425495,-0.8842675308574113,-0.8260486080042697,-1.1087392780725651,-0.4317741425429881,-0.7049484103449949,0.7785667831207204,-0.16135942502686434,-0.4271559153457235,-0.7376951317802901,0.7376951317802901,2.0745051044939435,-0.3075623426146228,-1.6238025415294657,-0.13085598064755344,-0.2359813632291101,3.755222352305419,-0.19611613513818404,-0.19300937626135234,-0.12168146174384352,-0.06715342778730747,-0.03352007615769955,-1.8351149988007645,-0.21680296415038888,-0.5118980953829163,0.8505317485662419,-0.40583972495671383,-0.16278112867447064,-1.2316448970959013,-0.1699069165076462,-0.2081478487327801,1.4322604033532795,-0.7376951317802901,0.7376951317802901,-0.7376951317802901,0.7376951317802901,-0.7376951317802901,0.7376951317802901,-0.7376951317802901,0.7376951317802901,2.0745051044939435,-0.3075623426146228,-1.6238025415294657,2.0745051044939435,-0.3075623426146228,-1.6238025415294657,2.0745051044939435,-0.3075623426146228,-1.6238025415294657,-0.13085598064755344,-0.2359813632291101,3.755222352305419,-0.19611613513818404,-0.19300937626135234,-0.12168146174384352,-0.06715342778730747,-0.03352007615769955,-1.8351149988007645,-0.13085598064755344,-0.2359813632291101,3.755222352305419,-0.19611613513818404,-0.19300937626135234,-0.12168146174384352,-0.06715342778730747,-0.03352007615769955,-1.8351149988007645,-0.21680296415038888,-0.5118980953829163,0.8505317485662419,-0.40583972495671383,-0.16278112867447064
1,-0.6648280014235242,0.8273772438659699,-0.47454519624983954,-0.4736736092984604,-0.4989475622371262,0.5446511676720712,-1.5500791487711116,0.8818551424480984,-0.6244040257055189,-0.6648280014235242,0.8273772438659699,-0.47454519624983954,-0.4736736092984604,-0.4989475622371262,0.5446511676720712,-1.5500791487711116,0.8818551424480984,-0.6244040257055189,-0.7995648987155899,-0.26816132704150136,-0.3760014818308347,-0.3895323082701867,-0.4502930968571562,-0.253500956135273,-1.0604225987612075,-0.04363325464848699,-0.6107927700344674,0.8635041745453002,-0.4030649954631285,-0.4194008220350217,-0.571347415835755,0.7925352191037062,-1.1628459385855234,1.6365294418285616,-0.3576753639798948,-0.2328872501475753,-0.28708333828187355,-0.32078666523533045,-0.39610534423349997,-0.38113017778990566,-0.3694246287326534,-0.2751579580367754,-0.2900883232983121,-0.2955781683826058,-0.3888554871521795,-0.41265547100857053,-0.2943754514063852,-0.3658086479243954,-0.19836401418550262,-0.33212765423625973,-0.6709458382514594,-0.34354285721448546,-0.4123594838653976,0.5449215208897721,-1.0413830451200872,1.3016263541781348,-0.337529114616601,-1.2307930204368625,-0.8362130648843862,-0.8051806639139224,0.7785667831207204,-0.16135942502686434,-0.4271559153457235,1.3555735383351193,-1.3555735383351195,-0.4820426798824101,3.2513733362117265,-1.6238025415294657,-0.13085598064755344,-0.2359813632291101,-0.2662958158485814,-0.19611613513818404,-0.19300937626135234,-0.12168146174384352,-0.06715342778730747,-0.03352007615769955,0.5449249778098338,-0.21680296415038888,1.9535138126504805,-1.175735064194511,-0.40583972495671383,-0.16278112867447064,0.8119223343984152,-0.1699069165076462,-0.2081478487327801,-0.6981970580620328,1.3555735383351193,-1.3555735383351195,1.3555735383351193,-1.3555735383351195,1.3555735383351193,-1.3555735383351195,1.3555735383351193,-1.3555735383351195,-0.4820426798824101,3.2513733362117265,-1.6238025415294657,-0.4820426798824101,3.2513733362117265,-1.6238025415294657,-0.4820426798824101,3.2513733362117265,-1.6238025415294657,-0.13085598064755344,-0.2359813632291101,-0.2662958158485814,-0.19611613513818404,-0.19300937626135234,-0.12168146174384352,-0.06715342778730747,-0.03352007615769955,0.5449249778098338,-0.13085598064755344,-0.2359813632291101,-0.2662958158485814,-0.19611613513818404,-0.19300937626135234,-0.12168146174384352,-0.06715342778730747,-0.03352007615769955,0.5449249778098338,-0.21680296415038888,1.9535138126504805,-1.175735064194511,-0.40583972495671383,-0.16278112867447064
1,-0.6609401183742638,-1.5661069258891576,0.4327933656785018,-0.4736736092984604,0.9101884392449225,-1.8668102534866975,-0.5095104222433947,1.5713969870477085,0.48939774987729867,-0.6609401183742638,-1.5661069258891576,0.4327933656785018,-0.4736736092984604,0.9101884392449225,-1.8668102534866975,-0.5095104222433947,1.5713969870477085,0.48939774987729867,-0.7972394002444609,-1.0150908758567858,0.10233225021013428,-0.3895323082701867,0.2507974415328334,-1.1675047823420532,-0.6518573046886815,0.2538178349674182,-0.10523893832914537,-1.4609134070857044,-0.0891393739966534,-0.4194008220350217,0.5121930881756791,-1.6704316554584984,-0.9942108085507874,-0.07073690533028135,-0.3576753639798948,-0.07639966350995119,-0.28708333828187355,0.6533296868117778,-0.35417626015527026,0.16061446244642888,1.5418115634009901,0.048706956904792466,-0.2900883232983121,-0.2955781683826058,-0.3888554871521795,-0.41265547100857053,-0.2943754514063852,-0.3658086479243954,0.14178630383703136,-0.46724664005175814,0.7678285538547412,1.7379120204184062,0.5173149081526707,-1.8399449636419904,-1.2209241053195545,-0.9670871128370189,-0.8026846322335551,-0.7538678336953983,0.48431873309923607,0.04111021931238319,1.973254696598896,1.823060833067492,0.08106764742915833,1.3555735383351193,-1.3555735383351195,-0.4820426798824101,-0.3075623426146228,0.6158384251930635,-0.13085598064755344,-0.2359813632291101,-0.2662958158485814,5.099019513592785,-0.19300937626135234,-0.12168146174384352,-0.06715342778730747,-0.03352007615769955,-1.8351149988007645,-0.21680296415038888,1.9535138126504805,-1.175735064194511,-0.40583972495671383,-0.16278112867447064,-1.2316448970959013,-0.1699069165076462,-0.2081478487327801,1.4322604033532795,1.3555735383351193,-1.3555735383351195,1.3555735383351193,-1.3555735383351195,1.3555735383351193,-1.3555735383351195,1.3555735383351193,-1.3555735383351195,-0.4820426798824101,-0.3075623426146228,0.6158384251930635,-0.4820426798824101,-0.3075623426146228,0.6158384251930635,-0.4820426798824101,-0.3075623426146228,0.6158384251930635,-0.13085598064755344,-0.2359813632291101,-0.2662958158485814,5.099019513592785,-0.19300937626135234,-0.12168146174384352,-0.06715342778730747,-0.03352007615769955,-1.8351149988007645,-0.13085598064755344,-0.2359813632291101,-0.2662958158485814,5.099019513592785,-0.19300937626135234,-0.12168146174384352,-0.06715342778730747,-0.03352007615769955,-1.8351149988007645,-0.21680296415038888,1.9535138126504805,-1.175735064194511,-0.40583972495671383,-0.16278112867447064
0,-0.6570522353250035,0.8273772438659699,-0.47454519624983954,-0.4736736092984604,-0.4989475622371262,0.5446511676720712,-0.5095104222433947,1.2266260647479035,-0.6244040257055189,-0.6570522353250035,0.8273772438659699,-0.47454519624983954,-0.4736736092984604,-0.4989475622371262,0.5446511676720712,-0.5095104222433947,1.2266260647479035,-0.6244040257055189,-0.7949054607625474,-0.2599981625735748,-0.3760014818308347,-0.3895323082701867,-0.449785244239706,-0.2465365680007819,-0.6499975353753076,0.11121158806748513,-0.6089643655798369,0.8635041745453002,-0.4030649954631285,-0.4194008220350217,-0.571347415835755,0.7925352191037062,-0.11969588642374947,2.0633460286182723,-0.3576753639798948,-0.2328872501475753,-0.28708333828187355,-0.32078666523533045,-0.39610534423349997,-0.38113017778990566,-0.3694246287326534,-0.2751579580367754,-0.2900883232983121,-0.2955781683826058,-0.3888554871521795,-0.41265547100857053,-0.2943754514063852,-0.3658086479243954,-0.19836401418550262,-0.33212765423625973,-0.5649596120861907,-0.32091834767499755,-0.4123594838653976,0.5449215208897721,-0.14575511629852972,1.64580281371634,-0.337529114616601,-0.7538678336953983,0.3097964882597226,-0.564416590908148,1.3385767425636153,-0.06213841212214652,-0.4271559153457235,1.3555735383351193,-1.3555735383351195,-0.4820426798824101,-0.3075623426146228,0.6158384251930635,-0.13085598064755344,-0.2359813632291101,-0.2662958158485814,-0.19611613513818404,-0.19300937626135234,-0.12168146174384352,-0.06715342778730747,-0.03352007615769955,0.5449249778098338,-0.21680296415038888,1.9535138126504805,-1.175735064194511,-0.40583972495671383,-0.16278112867447064,0.8119223343984152,-0.1699069165076462,-0.2081478487327801,-0.6981970580620328,1.3555735383351193,-1.3555735383351195,1.3555735383351193,-1.3555735383351195,1.3555735383351193,-1.3555735383351195,1.3555735383351193,-1.3555735383351195,-0.4820426798824101,-0.3075623426146228,0.6158384251930635,-0.4820426798824101,-0.3075623426146228,0.6158384251930635,-0.4820426798824101,-0.3075623426146228,0.6158384251930635,-0.13085598064755344,-0.2359813632291101,-0.2662958158485814,-0.19611613513818404,-0.19300937626135234,-0.12168146174384352,-0.06715342778730747,-0.03352007615769955,0.5449249778098338,-0.13085598064755344,-0.2359813632291101,-0.2662958158485814,-0.19611613513818404,-0.19300937626135234,-0.12168146174384352,-0.06715342778730747,-0.03352007615769955,0.5449249778098338,-0.21680296415038888,1.9535138126504805,-1.175735064194511,-0.40583972495671383,-0.16278112867447064
0,-0.6531643522757431,-0.3693648410115938,-0.47454519624983954,-0.4736736092984604,-0.6398611623853311,0.5446511676720712,0.96425644365423,-0.497228546751122,0.48939774987729867,-0.6531643522757431,-0.3693648410115938,-0.47454519624983954,-0.4736736092984604,-0.6398611623853311,0.5446511676720712,0.96425644365423,-0.497228546751122,0.48939774987729867,-0.7925630802698495,-0.6341432006868775,-0.3760014818308347,-0.3895323082701867,-0.5201228317565575,-0.24305437393353635,-0.06583320357415205,-0.6241683866179907,-0.09975372496525399,-0.5892568139740777,-0.4030649954631285,-0.4194008220350217,-0.9776751048400428,-0.04105904351514409,0.42799519961826915,-0.4975534921199921,0.2263602181326639,-0.2328872501475753,-0.28708333828187355,-0.32078666523533045,-0.39610534423349997,-0.38113017778990566,-0.3694246287326534,-0.2751579580367754,-0.2900883232983121,-0.2955781683826058,-0.3888554871521795,-0.41265547100857053,-0.2943754514063852,-0.3658086479243954,-0.20119860016902374,-0.6018336613561719,-0.698238428680284,-0.5019144239909011,-0.44141180861596224,0.5449215208897721,1.1227307914744915,-0.07507948397468743,0.7393377686336078,0.9989187709831968,0.026867934339009688,1.0640991990364888,-0.714793108726999,0.0370826007825713,0.08106764742915833,-0.7376951317802901,0.7376951317802901,-0.4820426798824101,-0.3075623426146228,0.6158384251930635,-0.13085598064755344,-0.2359813632291101,-0.2662958158485814,-0.19611613513818404,-0.19300937626135234,-0.12168146174384352,-0.06715342778730747,-0.03352007615769955,0.5449249778098338,-0.21680296415038888,-0.5118980953829163,0.8505317485662419,-0.40583972495671383,-0.16278112867447064,0.8119223343984152,-0.1699069165076462,-0.2081478487327801,-0.6981970580620328,-0.7376951317802901,0.7376951317802901,-0.7376951317802901,0.7376951317802901,-0.7376951317802901,0.7376951317802901,-0.7376951317802901,0.7376951317802901,-0.4820426798824101,-0.3075623426146228,0.6158384251930635,-0.4820426798824101,-0.3075623426146228,0.6158384251930635,-0.4820426798824101,-0.3075623426146228,0.6158384251930635,-0.13085598064755344,-0.2359813632291101,-0.2662958158485814,-0.19611613513818404,-0.19300937626135234,-0.12168146174384352,-0.06715342778730747,-0.03352007615769955,0.5449249778098338,-0.13085598064755344,-0.2359813632291101,-0.2662958158485814,-0.19611613513818404,-0.19300937626135234,-0.12168146174384352,-0.06715342778730747,-0.03352007615769955,0.5449249778098338,-0.21680296415038888,-0.5118980953829163,0.8505317485662419,-0.40583972495671383,-0.16278112867447064
0,-0.6492764692264827,0.8273772438659699,3.1548090514635256,0.7676298785983874,-0.056076247485625196,0.5446511676720712,-1.5366812681720423,-1.5315413136505371,2.160100413251525,-0.6492764692264827,0.8273772438659699,3.1548090514635256,0.7676298785983874,-0.056076247485625196,0.5446511676720712,-1.5366812681720423,-1.5315413136505371,2.160100413251525,-0.7902122587663669,-0.25183499810564813,1.5581305651174313,0.25032923717916367,-0.2266202940573075,-0.23957217986629079,-1.0535865183840618,-1.0679505131647973,0.668176145979539,0.8635041745453002,3.364042462134573,0.9889639986931354,0.7056824638920066,0.7925352191037062,-1.1494148220340843,-1.3511866656994136,2.5625025465828988,2.2709141360544107,1.7349819139643663,1.1467132936927806,3.3009460692730155,0.08480719196967215,-0.3694246287326534,2.3157613614957673,0.07498045644575013,0.11685537156977305,0.9624460102277982,-0.22233133288781978,-0.2943754514063852,0.9007801032438802,-0.15254784890083478,0.5155197967120356,-0.5795156603148972,-0.5019144239909011,0.28074597804093004,0.5449215208897721,-1.0298513550494233,-1.107608862589304,2.354638093508921,-1.2286533543751765,-1.086381470456385,-0.4765842037601188,-1.0507990843927357,-0.855906515359889,1.7963221717943845,-0.7376951317802901,0.7376951317802901,-0.4820426798824101,3.2513733362117265,-1.6238025415294657,-0.13085598064755344,-0.2359813632291101,-0.2662958158485814,-0.19611613513818404,-0.19300937626135234,-0.12168146174384352,-0.06715342778730747,-0.03352007615769955,0.5449249778098338,4.612483062299524,-0.5118980953829163,-1.175735064194511,-0.40583972495671383,-0.16278112867447064,-1.2316448970959013,-0.1699069165076462,4.804277373453898,-0.6981970580620328,-0.7376951317802901,0.7376951317802901,-0.7376951317802901,0.7376951317802901,-0.7376951317802901,0.7376951317802901,-0.7376951317802901,0.7376951317802901,-0.4820426798824101,3.2513733362117265,-1.6238025415294657,-0.4820426798824101,3.2513733362117265,-1.6238025415294657,-0.4820426798824101,3.2513733362117265,-1.6238025415294657,-0.13085598064755344,-0.2359813632291101,-0.2662958158485814,-0.19611613513818404,-0.19300937626135234,-0.12168146174384352,-0.06715342778730747,-0.03352007615769955,0.5449249778098338,-0.13085598064755344,-0.2359813632291101,-0.2662958158485814,-0.19611613513818404,-0.19300937626135234,-0.12168146174384352,-0.06715342778730747,-0.03352007615769955,0.5449249778098338,4.612483062299524,-0.5118980953829163,-1.175735064194511,-0.40583972495671383,-0.16278112867447064
1,-0.6453885861772223,0.8273772438659699,0.4327933656785018,0.7676298785983874,-0.23725087624760288,0.5446511676720712,-0.5095104222433947,0.5370842201482933,0.48939774987729867,-0.6453885861772223,0.8273772438659699,0.4327933656785018,0.7676298785983874,-0.23725087624760288,0.5446511676720712,-0.5095104222433947,0.5370842201482933,0.48939774987729867,-0.7878529962520999,-0.24775341587168484,0.10926462313826427,0.2526226477363298,-0.31698178477648087,-0.23608998579904522,-0.644418227435186,-0.17400090573238103,-0.09426851160136261,0.8635041745453002,0.5387118689362969,0.9889639986931354,0.18326114945792232,0.7925352191037062,-0.11969588642374947,1.209712855038851,0.8103958002452226,-0.07639966350995119,0.2184329747796864,-0.06776943093738026,0.5281575091431288,0.16061446244642888,0.9047328326897756,0.048706956904792466,0.07498045644575013,-0.011141244277516945,0.9624460102277982,0.4725028221561908,0.989255187434182,0.26748572765974243,-0.17805912275252483,0.16875493041500572,-0.31744180984001763,-0.11406568902825052,-0.1923918821825511,0.5449215208897721,-0.14575511629852972,0.9574498946399291,0.7393377686336078,-0.7538678336953983,-0.03924800141930428,0.04111021931238319,0.29322481827021163,0.9300717169250317,0.08106764742915833,1.3555735383351193,-1.3555735383351195,-0.4820426798824101,-0.3075623426146228,0.6158384251930635,-0.13085598064755344,-0.2359813632291101,-0.2662958158485814,-0.19611613513818404,-0.19300937626135234,-0.12168146174384352,-0.06715342778730747,-0.03352007615769955,0.5449249778098338,-0.21680296415038888,-0.5118980953829163,-1.175735064194511,2.4640269015229057,-0.16278112867447064,-1.2316448970959013,-0.1699069165076462,-0.2081478487327801,1.4322604033532795,1.3555735383351193,-1.3555735383351195,1.3555735383351193,-1.3555735383351195,1.3555735383351193,-1.3555735383351195,1.3555735383351193,-1.3555735383351195,-0.4820426798824101,-0.3075623426146228,0.6158384251930635,-0.4820426798824101,-0.3075623426146228,0.6158384251930635,-0.4820426798824101,-0.3075623426146228,0.6158384251930635,-0.13085598064755344,-0.2359813632291101,-0.2662958158485814,-0.19611613513818404,-0.19300937626135234,-0.12168146174384352,-0.06715342778730747,-0.03352007615769955,0.5449249778098338,-0.13085598064755344,-0.2359813632291101,-0.2662958158485814,-0.19611613513818404,-0.19300937626135234,-0.12168146174384352,-0.06715342778730747,-0.03352007615769955,0.5449249778098338,-0.21680296415038888,-0.5118980953829163,-1.175735064194511,2.4640269015229057,-0.16278112867447064
0,-0.6415007031279619,0.8273772438659699,-0.47454519624983954,-0.4736736092984604,-0.4989475622371262,0.5446511676720712,-1.5366812681720423,1.5713969870477085,-0.6244040257055189,-0.6415007031279619,0.8273772438659699,-0.47454519624983954,-0.4736736092984604,-0.4989475622371262,0.5446511676720712,-1.5366812681720423,1.5713969870477085,-0.6244040257055189,-0.7854852927270485,-0.24367183363772155,-0.3760014818308347,-0.3895323082701867,-0.4487695390048056,-0.23260779173179966,-1.0527867541059557,0.27776291373792933,-0.605307556670576,0.8635041745453002,-0.4030649954631285,-0.4194008220350217,-0.571347415835755,0.7925352191037062,-1.1494148220340843,2.490162615407983,-0.3576753639798948,-0.2328872501475753,-0.28708333828187355,-0.32078666523533045,-0.39610534423349997,-0.38113017778990566,-0.3694246287326534,-0.2751579580367754,-0.2900883232983121,-0.2955781683826058,-0.3888554871521795,-0.41265547100857053,-0.2943754514063852,-0.3658086479243954,-0.19836401418550262,-0.33212765423625973,-0.6695812087300181,-0.2982938381355096,-0.4123594838653976,0.5449215208897721,-1.0298513550494233,1.9899792732545456,-0.337529114616601,-1.2286533543751765,-0.7486541229341866,-0.8020806973086978,1.973254696598896,0.0370826007825713,-0.4271559153457235,-0.7376951317802901,0.7376951317802901,-0.4820426798824101,3.2513733362117265,-1.6238025415294657,-0.13085598064755344,-0.2359813632291101,-0.2662958158485814,-0.19611613513818404,-0.19300937626135234,-0.12168146174384352,-0.06715342778730747,-0.03352007615769955,0.5449249778098338,-0.21680296415038888,-0.5118980953829163,0.8505317485662419,-0.40583972495671383,-0.16278112867447064,0.8119223343984152,-0.1699069165076462,-0.2081478487327801,-0.6981970580620328,-0.7376951317802901,0.7376951317802901,-0.7376951317802901,0.7376951317802901,-0.7376951317802901,0.7376951317802901,-0.7376951317802901,0.7376951317802901,-0.4820426798824101,3.2513733362117265,-1.6238025415294657,-0.4820426798824101,3.2513733362117265,-1.6238025415294657,-0.4820426798824101,3.2513733362117265,-1.6238025415294657,-0.13085598064755344,-0.2359813632291101,-0.2662958158485814,-0.19611613513818404,-0.19300937626135234,-0.12168146174384352,-0.06715342778730747,-0.03352007615769955,0.5449249778098338,-0.13085598064755344,-0.2359813632291101,-0.2662958158485814,-0.19611613513818404,-0.19300937626135234,-0.12168146174384352,-0.06715342778730747,-0.03352007615769955,0.5449249778098338,-0.21680296415038888,-0.5118980953829163,0.8505317485662419,-0.40583972495671383,-0.16278112867447064
0,-0.6376128200787016,0.8273772438659699,-0.47454519624983954,-0.4736736092984604,-0.4989475622371262,0.5446511676720712,0.96425644365423,-0.1524576244513169,-0.6244040257055189,-0.6376128200787016,0.8273772438659699,-0.47454519624983954,-0.4736736092984604,-0.4989475622371262,0.5446511676720712,0.96425644365423,-0.1524576244513169,-0.6244040257055189,-0.7831091481912125,-0.23959025140375825,-0.3760014818308347,-0.3895323082701867,-0.44851561269608053,-0.22912559766455412,-0.05001564340716327,-0.4677272053173178,-0.6043933544432608,0.8635041745453002,-0.4030649954631285,-0.4194008220350217,-0.571347415835755,0.7925352191037062,1.3577269342345568,0.3560796814594294,-0.3576753639798948,-0.2328872501475753,-0.28708333828187355,-0.32078666523533045,-0.39610534423349997,-0.38113017778990566,-0.3694246287326534,-0.2751579580367754,-0.2900883232983121,-0.2955781683826058,-0.3888554871521795,-0.41265547100857053,-0.2943754514063852,-0.3658086479243954,-0.19836401418550262,-0.33212765423625973,-0.41485036472765574,-0.41141638583294937,-0.4123594838653976,0.5449215208897721,1.1227307914744915,0.2690969755635181,-0.337529114616601,0.9989187709831968,0.3979510692708079,-0.22342026433344614,-0.45345512765364804,-0.4590224637410178,-0.4271559153457235,-0.7376951317802901,0.7376951317802901,-0.4820426798824101,-0.3075623426146228,0.6158384251930635,-0.13085598064755344,-0.2359813632291101,-0.2662958158485814,-0.19611613513818404,-0.19300937626135234,-0.12168146174384352,-0.06715342778730747,-0.03352007615769955,0.5449249778098338,-0.21680296415038888,-0.5118980953829163,0.8505317485662419,-0.40583972495671383,-0.16278112867447064,0.8119223343984152,-0.1699069165076462,-0.2081478487327801,-0.6981970580620328,-0.7376951317802901,0.7376951317802901,-0.7376951317802901,0.7376951317802901,-0.7376951317802901,0.7376951317802901,-0.7376951317802901,0.7376951317802901,-0.4820426798824101,-0.3075623426146228,0.6158384251930635,-0.4820426798824101,-0.3075623426146228,0.6158384251930635,-0.4820426798824101,-0.3075623426146228,0.6158384251930635,-0.13085598064755344,-0.2359813632291101,-0.2662958158485814,-0.19611613513818404,-0.19300937626135234,-0.12168146174384352,-0.06715342778730747,-0.03352007615769955,0.5449249778098338,-0.13085598064755344,-0.2359813632291101,-0.2662958158485814,-0.19611613513818404,-0.19300937626135234,-0.12168146174384352,-0.06715342778730747,-0.03352007615769955,0.5449249778098338,-0.21680296415038888,-0.5118980953829163,0.8505317485662419,-0.40583972495671383,-0.16278112867447064
0,-0.6337249370294412,0.8273772438659699,-0.47454519624983954,-0.4736736092984604,-0.45868653362335343,0.5446511676720712,0.96425644365423,-1.5315413136505371,-0.6244040257055189,-0.6337249370294412,0.8273772438659699,-0.47454519624983954,-0.4736736092984604,-0.45868653362335343,0.5446511676720712,0.96425644365423,-1.5315413136505371,-0.6244040257055189,-0.780724562644592,-0.23550866916979493,-0.3760014818308347,-0.3895323082701867,-0.4277299305675834,-0.22564340359730856,-0.04606125336541606,-1.0679505131647973,-0.6034791522159456,0.8635041745453002,-0.4030649954631285,-0.4194008220350217,-0.4552537904059585,0.7925352191037062,1.3577269342345568,-1.3511866656994136,-0.3576753639798948,-0.2328872501475753,-0.28708333828187355,-0.32078666523533045,-0.39610534423349997,-0.38113017778990566,-0.3694246287326534,-0.2751579580367754,-0.2900883232983121,-0.2955781683826058,-0.3888554871521795,-0.41265547100857053,-0.2943754514063852,-0.3658086479243954,-0.1965128559921827,-0.255068795059142,-0.33388234645547626,-0.5019144239909011,-0.40405881965095053,0.5449215208897721,1.1227307914744915,-1.107608862589304,-0.337529114616601,0.9989187709831968,-1.086381470456385,-0.22342026433344614,-1.0507990843927357,-0.855906515359889,-0.4271559153457235,-0.7376951317802901,0.7376951317802901,-0.4820426798824101,-0.3075623426146228,0.6158384251930635,-0.13085598064755344,-0.2359813632291101,-0.2662958158485814,-0.19611613513818404,-0.19300937626135234,-0.12168146174384352,-0.06715342778730747,-0.03352007615769955,0.5449249778098338,-0.21680296415038888,-0.5118980953829163,0.8505317485662419,-0.40583972495671383,-0.16278112867447064,0.8119223343984152,-0.1699069165076462,-0.2081478487327801,-0.6981970580620328,-0.7376951317802901,0.7376951317802901,-0.7376951317802901,0.7376951317802901,-0.7376951317802901,0.7376951317802901,-0.7376951317802901,0.7376951317802901,-0.4820426798824101,-0.3075623426146228,0.6158384251930635,-0.4820426798824101,-0.3075623426146228,0.6158384251930635,-0.4820426798824101,-0.3075623426146228,0.6158384251930635,-0.13085598064755344,-0.2359813632291101,-0.2662958158485814,-0.19611613513818404,-0.19300937626135234,-0.12168146174384352,-0.06715342778730747,-0.03352007615769955,0.5449249778098338,-0.13085598064755344,-0.2359813632291101,-0.2662958158485814,-0.19611613513818404,-0.19300937626135234,-0.12168146174384352,-0.06715342778730747,-0.03352007615769955,0.5449249778098338,-0.21680296415038888,-0.5118980953829163,0.8505317485662419,-0.40583972495671383,-0.16278112867447064
1,-0.6298370539801809,0.8273772438659699,-0.47454519624983954,-0.4736736092984604,-0.4788170479302398,0.5446511676720712,0.96425644365423,-1.1867703913507321,-0.6244040257055189,-0.6298370539801809,0.8273772438659699,-0.47454519624983954,-0.4736736092984604,-0.4788170479302398,0.5446511676720712,0.96425644365423,-1.1867703913507321,-0.6244040257055189,-0.778331536087187,-0.23142708693583164,-0.3760014818308347,-0.3895323082701867,-0.43770560698178357,-0.222161209530063,-0.042106863323668864,-0.9168304604797937,-0.6025649499886303,0.8635041745453002,-0.4030649954631285,-0.4194008220350217,-0.5133006031208568,0.7925352191037062,1.3577269342345568,-0.9243700789097029,-0.3576753639798948,-0.2328872501475753,-0.28708333828187355,-0.32078666523533045,-0.39610534423349997,-0.38113017778990566,-0.3694246287326534,-0.2751579580367754,-0.2900883232983121,-0.2955781683826058,-0.3888554871521795,-0.41265547100857053,-0.2943754514063852,-0.3658086479243954,-0.1974962837823839,-0.29359822464770086,-0.374366355591566,-0.47605784166005777,-0.40820915175817407,0.5449215208897721,1.1227307914744915,-0.7634324030510985,-0.337529114616601,0.9989187709831968,-0.7152983355245868,-0.22342026433344614,-1.0134650870965427,-0.7566855024551713,-0.4271559153457235,-0.7376951317802901,0.7376951317802901,-0.4820426798824101,-0.3075623426146228,0.6158384251930635,-0.13085598064755344,-0.2359813632291101,-0.2662958158485814,-0.19611613513818404,-0.19300937626135234,-0.12168146174384352,-0.06715342778730747,-0.03352007615769955,0.5449249778098338,-0.21680296415038888,-0.5118980953829163,0.8505317485662419,-0.40583972495671383,-0.16278112867447064,0.8119223343984152,-0.1699069165076462,-0.2081478487327801,-0.6981970580620328,-0.7376951317802901,0.7376951317802901,-0.7376951317802901,0.7376951317802901,-0.7376951317802901,0.7376951317802901,-0.7376951317802901,0.7376951317802901,-0.4820426798824101,-0.3075623426146228,0.6158384251930635,-0.4820426798824101,-0.3075623426146228,0.6158384251930635,-0.4820426798824101,-0.3075623426146228,0.6158384251930635,-0.13085598064755344,-0.2359813632291101,-0.2662958158485814,-0.19611613513818404,-0.19300937626135234,-0.12168146174384352,-0.06715342778730747,-0.03352007615769955,0.5449249778098338,-0.13085598064755344,-0.2359813632291101,-0.2662958158485814,-0.19611613513818404,-0.19300937626135234,-0.12168146174384352,-0.06715342778730747,-0.03352007615769955,0.5449249778098338,-0.21680296415038888,-0.5118980953829163,0.8505317485662419,-0.40583972495671383,-0.16278112867447064
0,-0.6259491709309204,-1.5661069258891576,-0.47454519624983954,-0.4736736092984604,-0.11646779040628442,-1.9265985531848488,0.96425644365423,-1.1867703913507321,-0.6244040257055189,-0.6259491709309204,-1.5661069258891576,-0.47454519624983954,-0.4736736092984604,-0.11646779040628442,-1.9265985531848488,0.96425644365423,-1.1867703913507321,-0.6244040257055189,-0.7759300685189975,-1.0028461291548958,-0.3760014818308347,-0.3895323082701867,-0.25132369637756324,-1.1895724145670237,-0.038152473281921666,-0.9162983476182267,-0.6016507477613151,-1.4609134070857044,-0.4030649954631285,-0.4194008220350217,-0.4746027279775913,-1.6901616971772877,-0.5017365349980186,-1.2089144701028434,-0.7470324187216006,-0.2328872501475753,-0.28708333828187355,-0.32078666523533045,-0.39610534423349997,-0.38113017778990566,-0.3694246287326534,-0.2751579580367754,-0.2900883232983121,-0.2955781683826058,-0.3888554871521795,-0.41265547100857053,-0.2943754514063852,-0.3658086479243954,-0.16209288333514058,-0.5800991113318567,0.35434580885804934,-0.4178805314156602,-0.33350317382815076,-1.8437381397128192,-1.2200597971880256,-1.100141523230487,-0.8642805683563481,0.9989187709831968,-0.7152983355245868,-0.22342026433344614,-1.0134650870965427,-0.7566855024551713,-0.4271559153457235,-0.7376951317802901,0.7376951317802901,-0.4820426798824101,-0.3075623426146228,0.6158384251930635,7.64198926981712,-0.2359813632291101,-0.2662958158485814,-0.19611613513818404,-0.19300937626135234,-0.12168146174384352,-0.06715342778730747,-0.03352007615769955,-1.8351149988007645,-0.21680296415038888,-0.5118980953829163,0.8505317485662419,-0.40583972495671383,-0.16278112867447064,0.8119223343984152,-0.1699069165076462,-0.2081478487327801,-0.6981970580620328,-0.7376951317802901,0.7376951317802901,-0.7376951317802901,0.7376951317802901,-0.7376951317802901,0.7376951317802901,-0.7376951317802901,0.7376951317802901,-0.4820426798824101,-0.3075623426146228,0.6158384251930635,-0.4820426798824101,-0.3075623426146228,0.6158384251930635,-0.4820426798824101,-0.3075623426146228,0.6158384251930635,7.64198926981712,-0.2359813632291101,-0.2662958158485814,-0.19611613513818404,-0.19300937626135234,-0.12168146174384352,-0.06715342778730747,-0.03352007615769955,-1.8351149988007645,7.64198926981712,-0.2359813632291101,-0.2662958158485814,-0.19611613513818404,-0.19300937626135234,-0.12168146174384352,-0.06715342778730747,-0.03352007615769955,-1.8351149988007645,-0.21680296415038888,-0.5118980953829163,0.8505317485662419,-0.40583972495671383,-0.16278112867447064
0,-0.62206128788166,0.8273772438659699,-0.47454519624983954,-0.4736736092984604,-0.4788170479302398,0.5446511676720712,-1.1168810094012038,0.5370842201482933,-0.6244040257055189,-0.62206128788166,0.8273772438659699,-0.47454519624983954,-0.4736736092984604,-0.4788170479302398,0.5446511676720712,-1.1168810094012038,0.5370842201482933,-0.6244040257055189,-0.7735201599400235,-0.22326392246790502,-0.3760014818308347,-0.3895323082701867,-0.43712520399041194,-0.21519682139557186,-0.8801455747392107,-0.15484484271597213,-0.6007365455339999,0.8635041745453002,-0.4030649954631285,-0.4194008220350217,-0.5133006031208568,0.7925352191037062,-0.7285731700889909,1.209712855038851,-0.3576753639798948,-0.2328872501475753,-0.28708333828187355,-0.32078666523533045,-0.39610534423349997,-0.38113017778990566,-0.3694246287326534,-0.2751579580367754,-0.2900883232983121,-0.2955781683826058,-0.3888554871521795,-0.41265547100857053,-0.2943754514063852,-0.3658086479243954,-0.1974962837823839,-0.29359822464770086,-0.6166205868264658,-0.3467749300058409,-0.40820915175817407,0.5449215208897721,-0.6685250661686233,0.9574498946399291,-0.337529114616601,-1.1087392780725651,-0.5252894751020448,-0.7049484103449949,0.29322481827021163,-0.26058043793158214,-0.4271559153457235,-0.7376951317802901,0.7376951317802901,2.0745051044939435,-0.3075623426146228,-1.6238025415294657,-0.13085598064755344,-0.2359813632291101,-0.2662958158485814,-0.19611613513818404,-0.19300937626135234,-0.12168146174384352,-0.06715342778730747,-0.03352007615769955,0.5449249778098338,-0.21680296415038888,-0.5118980953829163,0.8505317485662419,-0.40583972495671383,-0.16278112867447064,0.8119223343984152,-0.1699069165076462,-0.2081478487327801,-0.6981970580620328,-0.7376951317802901,0.7376951317802901,-0.7376951317802901,0.7376951317802901,-0.7376951317802901,0.7376951317802901,-0.7376951317802901,0.7376951317802901,2.0745051044939435,-0.3075623426146228,-1.6238025415294657,2.0745051044939435,-0.3075623426146228,-1.6238025415294657,2.0745051044939435,-0.3075623426146228,-1.6238025415294657,-0.13085598064755344,-0.2359813632291101,-0.2662958158485814,-0.19611613513818404,-0.19300937626135234,-0.12168146174384352,-0.06715342778730747,-0.03352007615769955,0.5449249778098338,-0.13085598064755344,-0.2359813632291101,-0.2662958158485814,-0.19611613513818404,-0.19300937626135234,-0.12168146174384352,-0.06715342778730747,-0.03352007615769955,0.5449249778098338,-0.21680296415038888,-0.5118980953829163,0.8505317485662419,-0.40583972495671383,-0.16278112867447064
1,-0.6181734048323997,0.8273772438659699,-0.47454519624983954,-0.4736736092984604,-0.45868653362335343,0.5446511676720712,0.96425644365423,0.19231329784848822,-0.6244040257055189,-0.6181734048323997,0.8273772438659699,-0.47454519624983954,-0.4736736092984604,-0.45868653362335343,0.5446511676720712,0.96425644365423,0.19231329784848822,-0.6244040257055189,-0.771101810350265,-0.21918234023394173,-0.3760014818308347,-0.3895323082701867,-0.4264240238369972,-0.2117146273283263,-0.03024369319842727,-0.30436855681627506,-0.5998223433066846,0.8635041745453002,-0.4030649954631285,-0.4194008220350217,-0.4552537904059585,0.7925352191037062,1.3577269342345568,0.7828962682491402,-0.3576753639798948,-0.2328872501475753,-0.28708333828187355,-0.32078666523533045,-0.39610534423349997,-0.38113017778990566,-0.3694246287326534,-0.2751579580367754,-0.2900883232983121,-0.2955781683826058,-0.3888554871521795,-0.41265547100857053,-0.2943754514063852,-0.3658086479243954,-0.1965128559921827,-0.255068795059142,-0.33388234645547626,-0.3564711483799072,-0.40405881965095053,0.5449215208897721,1.1227307914744915,0.6132734351017236,-0.337529114616601,0.9989187709831968,0.7690342042026062,-0.22342026433344614,-0.1174491519879112,-0.3598014508363,-0.4271559153457235,-0.7376951317802901,0.7376951317802901,-0.4820426798824101,-0.3075623426146228,0.6158384251930635,-0.13085598064755344,-0.2359813632291101,-0.2662958158485814,-0.19611613513818404,-0.19300937626135234,-0.12168146174384352,-0.06715342778730747,-0.03352007615769955,0.5449249778098338,-0.21680296415038888,-0.5118980953829163,0.8505317485662419,-0.40583972495671383,-0.16278112867447064,0.8119223343984152,-0.1699069165076462,-0.2081478487327801,-0.6981970580620328,-0.7376951317802901,0.7376951317802901,-0.7376951317802901,0.7376951317802901,-0.7376951317802901,0.7376951317802901,-0.7376951317802901,0.7376951317802901,-0.4820426798824101,-0.3075623426146228,0.6158384251930635,-0.4820426798824101,-0.3075623426146228,0.6158384251930635,-0.4820426798824101,-0.3075623426146228,0.6158384251930635,-0.13085598064755344,-0.2359813632291101,-0.2662958158485814,-0.19611613513818404,-0.19300937626135234,-0.12168146174384352,-0.06715342778730747,-0.03352007615769955,0.5449249778098338,-0.13085598064755344,-0.2359813632291101,-0.2662958158485814,-0.19611613513818404,-0.19300937626135234,-0.12168146174384352,-0.06715342778730747,-0.03352007615769955,0.5449249778098338,-0.21680296415038888,-0.5118980953829163,0.8505317485662419,-0.40583972495671383,-0.16278112867447064
0,-0.6142855217831393,0.8273772438659699,-0.47454519624983954,-0.4736736092984604,-0.4989475622371262,0.5446511676720712,0.96425644365423,-0.841999469050927,-0.6244040257055189,-0.6142855217831393,0.8273772438659699,-0.47454519624983954,-0.4736736092984604,-0.4989475622371262,0.5446511676720712,0.96425644365423,-0.841999469050927,-0.6244040257055189,-0.7686750197497221,-0.21510075799997844,-0.3760014818308347,-0.3895323082701867,-0.44699205484372995,-0.20823243326108073,-0.02628930315668007,-0.7614535049022546,-0.5989081410793694,0.8635041745453002,-0.4030649954631285,-0.4194008220350217,-0.571347415835755,0.7925352191037062,1.3577269342345568,-0.4975534921199921,-0.3576753639798948,-0.2328872501475753,-0.28708333828187355,-0.32078666523533045,-0.39610534423349997,-0.38113017778990566,-0.3694246287326534,-0.2751579580367754,-0.2900883232983121,-0.2955781683826058,-0.3888554871521795,-0.41265547100857053,-0.2943754514063852,-0.3658086479243954,-0.19836401418550262,-0.33212765423625973,-0.41485036472765574,-0.45666540491192525,-0.4123594838653976,0.5449215208897721,1.1227307914744915,-0.41925594351289297,-0.337529114616601,0.9989187709831968,-0.34421520059278854,-0.22342026433344614,-0.9014630952079639,-0.6574644895504534,-0.4271559153457235,-0.7376951317802901,0.7376951317802901,-0.4820426798824101,-0.3075623426146228,0.6158384251930635,-0.13085598064755344,-0.2359813632291101,-0.2662958158485814,-0.19611613513818404,-0.19300937626135234,-0.12168146174384352,-0.06715342778730747,-0.03352007615769955,0.5449249778098338,-0.21680296415038888,-0.5118980953829163,0.8505317485662419,-0.40583972495671383,-0.16278112867447064,0.8119223343984152,-0.1699069165076462,-0.2081478487327801,-0.6981970580620328,-0.7376951317802901,0.7376951317802901,-0.7376951317802901,0.7376951317802901,-0.7376951317802901,0.7376951317802901,-0.7376951317802901,0.7376951317802901,-0.4820426798824101,-0.3075623426146228,0.6158384251930635,-0.4820426798824101,-0.3075623426146228,0.6158384251930635,-0.4820426798824101,-0.3075623426146228,0.6158384251930635,-0.13085598064755344,-0.2359813632291101,-0.2662958158485814,-0.19611613513818404,-0.19300937626135234,-0.12168146174384352,-0.06715342778730747,-0.03352007615769955,0.5449249778098338,-0.13085598064755344,-0.2359813632291101,-0.2662958158485814,-0.19611613513818404,-0.19300937626135234,-0.12168146174384352,-0.06715342778730747,-0.03352007615769955,0.5449249778098338,-0.21680296415038888,-0.5118980953829163,0.8505317485662419,-0.40583972495671383,-0.16278112867447064
1,-0.610397638733879,-0.3693648410115938,-0.47454519624983954,-0.4736736092984604,-0.37816447639580775,0.5446511676720712,0.96425644365423,1.2266260647479035,-0.6244040257055189,-0.610397638733879,-0.3693648410115938,-0.47454519624983954,-0.4736736092984604,-0.37816447639580775,0.5446511676720712,0.96425644365423,1.2266260647479035,-0.6244040257055189,-0.7662397881383947,-0.6042115976378133,-0.3760014818308347,-0.3895323082701867,-0.38383695434510257,-0.20475023919383517,-0.022334913114932874,0.16229442277790893,-0.5979939388520542,-0.5892568139740777,-0.4030649954631285,-0.4194008220350217,-0.4746027279775913,-0.04105904351514409,0.42799519961826915,0.9251684638457104,-0.5523538913507477,-0.2328872501475753,-0.28708333828187355,-0.32078666523533045,-0.39610534423349997,-0.38113017778990566,-0.3694246287326534,-0.2751579580367754,-0.2900883232983121,-0.2955781683826058,-0.3888554871521795,-0.41265547100857053,-0.2943754514063852,-0.3658086479243954,-0.19142217096055295,-0.10095107670490644,-0.17194630991111728,-0.16577885368993728,-0.38745749122205647,0.5449215208897721,1.1227307914744915,1.64580281371634,-0.337529114616601,0.9989187709831968,1.8822836089980008,-0.22342026433344614,1.3385767425636153,-0.06213841212214652,-0.4271559153457235,-0.7376951317802901,0.7376951317802901,-0.4820426798824101,-0.3075623426146228,0.6158384251930635,-0.13085598064755344,-0.2359813632291101,-0.2662958158485814,-0.19611613513818404,-0.19300937626135234,-0.12168146174384352,-0.06715342778730747,-0.03352007615769955,0.5449249778098338,-0.21680296415038888,-0.5118980953829163,0.8505317485662419,-0.40583972495671383,-0.16278112867447064,0.8119223343984152,-0.1699069165076462,-0.2081478487327801,-0.6981970580620328,-0.7376951317802901,0.7376951317802901,-0.7376951317802901,0.7376951317802901,-0.7376951317802901,0.7376951317802901,-0.7376951317802901,0.7376951317802901,-0.4820426798824101,-0.3075623426146228,0.6158384251930635,-0.4820426798824101,-0.3075623426146228,0.6158384251930635,-0.4820426798824101,-0.3075623426146228,0.6158384251930635,-0.13085598064755344,-0.2359813632291101,-0.2662958158485814,-0.19611613513818404,-0.19300937626135234,-0.12168146174384352,-0.06715342778730747,-0.03352007615769955,0.5449249778098338,-0.13085598064755344,-0.2359813632291101,-0.2662958158485814,-0.19611613513818404,-0.19300937626135234,-0.12168146174384352,-0.06715342778730747,-0.03352007615769955,0.5449249778098338,-0.21680296415038888,-0.5118980953829163,0.8505317485662419,-0.40583972495671383,-0.16278112867447064
1,-0.6065097556846185,0.8273772438659699,-0.47454519624983954,-0.4736736092984604,-0.4989475622371262,0.5446511676720712,-1.5500791487711116,-0.841999469050927,-0.6244040257055189,-0.6065097556846185,0.8273772438659699,-0.47454519624983954,-0.4736736092984604,-0.4989475622371262,0.5446511676720712,-1.5500791487711116,-0.841999469050927,-0.6244040257055189,-0.7637961155162827,-0.20693759353205182,-0.3760014818308347,-0.3895323082701867,-0.44648420222627977,-0.2012680451265896,-1.0547099967747349,-0.759325053455987,-0.597079736624739,0.8635041745453002,-0.4030649954631285,-0.4194008220350217,-0.571347415835755,0.7925352191037062,-1.1628459385855234,-0.4975534921199921,-0.3576753639798948,-0.2328872501475753,-0.28708333828187355,-0.32078666523533045,-0.39610534423349997,-0.38113017778990566,-0.3694246287326534,-0.2751579580367754,-0.2900883232983121,-0.2955781683826058,-0.3888554871521795,-0.41265547100857053,-0.2943754514063852,-0.3658086479243954,-0.19836401418550262,-0.33212765423625973,-0.6709458382514594,-0.45666540491192525,-0.4123594838653976,0.5449215208897721,-1.0413830451200872,-0.41925594351289297,-0.337529114616601,-1.2307930204368625,-1.0149047831500997,-0.8051806639139224,-0.9014630952079639,-0.6574644895504534,-0.4271559153457235,1.3555735383351193,-1.3555735383351195,-0.4820426798824101,3.2513733362117265,-1.6238025415294657,-0.13085598064755344,-0.2359813632291101,-0.2662958158485814,-0.19611613513818404,-0.19300937626135234,-0.12168146174384352,-0.06715342778730747,-0.03352007615769955,0.5449249778098338,-0.21680296415038888,1.9535138126504805,-1.175735064194511,-0.40583972495671383,-0.16278112867447064,0.8119223343984152,-0.1699069165076462,-0.2081478487327801,-0.6981970580620328,1.3555735383351193,-1.3555735383351195,1.3555735383351193,-1.3555735383351195,1.3555735383351193,-1.3555735383351195,1.3555735383351193,-1.3555735383351195,-0.4820426798824101,3.2513733362117265,-1.6238025415294657,-0.4820426798824101,3.2513733362117265,-1.6238025415294657,-0.4820426798824101,3.2513733362117265,-1.6238025415294657,-0.13085598064755344,-0.2359813632291101,-0.2662958158485814,-0.19611613513818404,-0.19300937626135234,-0.12168146174384352,-0.06715342778730747,-0.03352007615769955,0.5449249778098338,-0.13085598064755344,-0.2359813632291101,-0.2662958158485814,-0.19611613513818404,-0.19300937626135234,-0.12168146174384352,-0.06715342778730747,-0.03352007615769955,0.5449249778098338,-0.21680296415038888,1.9535138126504805,-1.175735064194511,-0.40583972495671383,-0.16278112867447064
1,-0.6026218726353582,-1.5661069258891576,-0.47454519624983954,-0.4736736092984604,0.9303189535518089,0.5446511676720712,-0.5095104222433947,-0.1524576244513169,0.48939774987729867,-0.6026218726353582,-1.5661069258891576,-0.47454519624983954,-0.4736736092984604,0.9303189535518089,0.5446511676720712,-0.5095104222433947,-0.1524576244513169,0.48939774987729867,-0.7613440018833862,-0.9946829646869693,-0.3760014818308347,-0.3895323082701867,0.303251361878046,-0.19778585105934404,-0.6239607649880733,-0.4485711423009089,-0.06409983809996003,-1.4609134070857044,-0.4030649954631285,-0.4194008220350217,0.5315420257473119,-0.8746533061339944,-0.9942108085507874,-0.7820978833131326,-0.3576753639798948,-0.2328872501475753,-0.28708333828187355,-0.32078666523533045,-0.39610534423349997,-0.38113017778990566,-0.3694246287326534,-0.2751579580367754,-0.2900883232983121,-0.2955781683826058,-0.3888554871521795,-0.41265547100857053,-0.2943754514063852,-0.3658086479243954,0.1507528513359247,2.403461846551421,0.7868683847967545,0.5064922869119906,0.5297659044743412,0.5449215208897721,-0.14575511629852972,0.2690969755635181,0.7393377686336078,-0.7538678336953983,-0.3882924910983312,0.04111021931238319,-0.45345512765364804,0.33474563949672476,0.08106764742915833,1.3555735383351193,-1.3555735383351195,-0.4820426798824101,-0.3075623426146228,0.6158384251930635,-0.13085598064755344,-0.2359813632291101,-0.2662958158485814,-0.19611613513818404,-0.19300937626135234,-0.12168146174384352,-0.06715342778730747,-0.03352007615769955,0.5449249778098338,-0.21680296415038888,1.9535138126504805,-1.175735064194511,-0.40583972495671383,-0.16278112867447064,0.8119223343984152,-0.1699069165076462,-0.2081478487327801,-0.6981970580620328,1.3555735383351193,-1.3555735383351195,1.3555735383351193,-1.3555735383351195,1.3555735383351193,-1.3555735383351195,1.3555735383351193,-1.3555735383351195,-0.4820426798824101,-0.3075623426146228,0.6158384251930635,-0.4820426798824101,-0.3075623426146228,0.6158384251930635,-0.4820426798824101,-0.3075623426146228,0.6158384251930635,-0.13085598064755344,-0.2359813632291101,-0.2662958158485814,-0.19611613513818404,-0.19300937626135234,-0.12168146174384352,-0.06715342778730747,-0.03352007615769955,0.5449249778098338,-0.13085598064755344,-0.2359813632291101,-0.2662958158485814,-0.19611613513818404,-0.19300937626135234,-0.12168146174384352,-0.06715342778730747,-0.03352007615769955,0.5449249778098338,-0.21680296415038888,1.9535138126504805,-1.175735064194511,-0.40583972495671383,-0.16278112867447064
1,-0.5987339895860978,-1.5661069258891576,0.4327933656785018,-0.4736736092984604,1.1920156395413324,-1.8194778495589943,-1.3133832581875537,-1.1867703913507321,-0.0675031379141101,-0.5987339895860978,-1.5661069258891576,0.4327933656785018,-0.4736736092984604,1.1920156395413324,-1.8194778495589943,-1.3133832581875537,-1.1867703913507321,-0.0675031379141101,-0.7588834472397052,-0.9933224372756482,0.1300617419226542,-0.3895323082701867,0.4437814361639062,-1.1459247946511548,-0.9557169516847038,-0.9125735575872583,-0.3283042817940614,-1.4609134070857044,-0.0891393739966534,-0.4194008220350217,0.7830782141785376,-1.6548120390977903,-1.2628331395795704,-1.2089144701028434,-0.5523538913507477,-0.07639966350995119,-0.28708333828187355,0.830441750820343,-0.3368577254273058,-0.17219794452469814,-0.15706505182891523,-0.05924801474239681,-0.2900883232983121,-0.2955781683826058,-0.3888554871521795,-0.41265547100857053,-0.2943754514063852,-0.3658086479243954,0.27784643104604495,-0.37707865542291175,-0.03002483968122965,-0.20779579997755776,0.3139486348987182,-1.83504312030046,-1.2441732358926583,-1.0855462690291626,-0.8069326278282305,-1.177626087863427,-1.0190742565762996,-0.6336491784248299,-1.0134650870965427,-0.6574644895504534,-0.23657207930514282,1.3555735383351193,-1.3555735383351195,2.0745051044939435,-0.3075623426146228,-1.6238025415294657,-0.13085598064755344,4.237622777986573,-0.2662958158485814,-0.19611613513818404,-0.19300937626135234,-0.12168146174384352,-0.06715342778730747,-0.03352007615769955,-1.8351149988007645,-0.21680296415038888,-0.5118980953829163,-1.175735064194511,2.4640269015229057,-0.16278112867447064,-1.2316448970959013,-0.1699069165076462,-0.2081478487327801,1.4322604033532795,1.3555735383351193,-1.3555735383351195,1.3555735383351193,-1.3555735383351195,1.3555735383351193,-1.3555735383351195,1.3555735383351193,-1.3555735383351195,2.0745051044939435,-0.3075623426146228,-1.6238025415294657,2.0745051044939435,-0.3075623426146228,-1.6238025415294657,2.0745051044939435,-0.3075623426146228,-1.6238025415294657,-0.13085598064755344,4.237622777986573,-0.2662958158485814,-0.19611613513818404,-0.19300937626135234,-0.12168146174384352,-0.06715342778730747,-0.03352007615769955,-1.8351149988007645,-0.13085598064755344,4.237622777986573,-0.2662958158485814,-0.19611613513818404,-0.19300937626135234,-0.12168146174384352,-0.06715342778730747,-0.03352007615769955,-1.8351149988007645,-0.21680296415038888,-0.5118980953829163,-1.175735064194511,2.4640269015229057,-0.16278112867447064
0,-0.5948461065368374,-0.3693648410115938,-0.47454519624983954,-0.4736736092984604,-0.3982949907026942,-1.8668102534866975,-1.1168810094012038,0.8818551424480984,-0.6244040257055189,-0.5948461065368374,-0.3693648410115938,-0.47454519624983954,-0.4736736092984604,-0.3982949907026942,-1.8668102534866975,-1.1168810094012038,0.8818551424480984,-0.6244040257055189,-0.7564144515852398,-0.5933273783472445,-0.3760014818308347,-0.3895323082701867,-0.392579274402638,-1.1648193032882208,-0.8731698529801736,0.023412965908944237,-0.5943371299427933,-0.5892568139740777,-0.4030649954631285,-0.4194008220350217,-0.5133006031208568,-1.6326157421641523,-0.9628715365974293,0.6406240726525699,-0.5523538913507477,-0.2328872501475753,-0.28708333828187355,-0.32078666523533045,-0.39610534423349997,-0.38113017778990566,-0.3694246287326534,-0.2751579580367754,-0.2900883232983121,-0.2955781683826058,-0.3888554871521795,-0.41265547100857053,-0.2943754514063852,-0.3658086479243954,-0.19286838829908412,-0.5808590606334061,-0.5758116658995567,-0.23042030951704573,-0.39160782332928,-1.8399449636419904,-1.2446395073846672,-0.9983141683375267,-0.8515365815723219,-1.1087392780725651,-0.4317741425429881,-0.7049484103449949,0.7785667831207204,-0.16135942502686434,-0.4271559153457235,-0.7376951317802901,0.7376951317802901,2.0745051044939435,-0.3075623426146228,-1.6238025415294657,-0.13085598064755344,-0.2359813632291101,-0.2662958158485814,5.099019513592785,-0.19300937626135234,-0.12168146174384352,-0.06715342778730747,-0.03352007615769955,-1.8351149988007645,-0.21680296415038888,-0.5118980953829163,0.8505317485662419,-0.40583972495671383,-0.16278112867447064,0.8119223343984152,-0.1699069165076462,-0.2081478487327801,-0.6981970580620328,-0.7376951317802901,0.7376951317802901,-0.7376951317802901,0.7376951317802901,-0.7376951317802901,0.7376951317802901,-0.7376951317802901,0.7376951317802901,2.0745051044939435,-0.3075623426146228,-1.6238025415294657,2.0745051044939435,-0.3075623426146228,-1.6238025415294657,2.0745051044939435,-0.3075623426146228,-1.6238025415294657,-0.13085598064755344,-0.2359813632291101,-0.2662958158485814,5.099019513592785,-0.19300937626135234,-0.12168146174384352,-0.06715342778730747,-0.03352007615769955,-1.8351149988007645,-0.13085598064755344,-0.2359813632291101,-0.2662958158485814,5.099019513592785,-0.19300937626135234,-0.12168146174384352,-0.06715342778730747,-0.03352007615769955,-1.8351149988007645,-0.21680296415038888,-0.5118980953829163,0.8505317485662419,-0.40583972495671383,-0.16278112867447064
0,-0.5909582234875771,0.8273772438659699,-0.47454519624983954,-0.4736736092984604,-0.4788170479302398,0.5446511676720712,-0.5095104222433947,-0.497228546751122,-0.6244040257055189,-0.5909582234875771,0.8273772438659699,-0.47454519624983954,-0.4736736092984604,-0.4788170479302398,0.5446511676720712,-0.5095104222433947,-0.497228546751122,-0.6244040257055189,-0.7539370149199899,-0.19061126459619862,-0.3760014818308347,-0.3895323082701867,-0.43480359202492536,-0.18733926885760738,-0.6183814570479516,-0.5986269692627788,-0.593422927715478,0.8635041745453002,-0.4030649954631285,-0.4194008220350217,-0.5133006031208568,0.7925352191037062,-0.11969588642374947,-0.07073690533028135,-0.3576753639798948,-0.2328872501475753,-0.28708333828187355,-0.32078666523533045,-0.39610534423349997,-0.38113017778990566,-0.3694246287326534,-0.2751579580367754,-0.2900883232983121,-0.2955781683826058,-0.3888554871521795,-0.41265547100857053,-0.2943754514063852,-0.3658086479243954,-0.1974962837823839,-0.29359822464770086,-0.5459197811441774,-0.42434467699837103,-0.40820915175817407,0.5449215208897721,-0.14575511629852972,-0.07507948397468743,-0.337529114616601,-0.7538678336953983,-0.5628147359378447,-0.564416590908148,-0.714793108726999,-0.5582434766457356,-0.4271559153457235,1.3555735383351193,-1.3555735383351195,-0.4820426798824101,-0.3075623426146228,0.6158384251930635,-0.13085598064755344,-0.2359813632291101,-0.2662958158485814,-0.19611613513818404,-0.19300937626135234,-0.12168146174384352,-0.06715342778730747,-0.03352007615769955,0.5449249778098338,-0.21680296415038888,1.9535138126504805,-1.175735064194511,-0.40583972495671383,-0.16278112867447064,0.8119223343984152,-0.1699069165076462,-0.2081478487327801,-0.6981970580620328,1.3555735383351193,-1.3555735383351195,1.3555735383351193,-1.3555735383351195,1.3555735383351193,-1.3555735383351195,1.3555735383351193,-1.3555735383351195,-0.4820426798824101,-0.3075623426146228,0.6158384251930635,-0.4820426798824101,-0.3075623426146228,0.6158384251930635,-0.4820426798824101,-0.3075623426146228,0.6158384251930635,-0.13085598064755344,-0.2359813632291101,-0.2662958158485814,-0.19611613513818404,-0.19300937626135234,-0.12168146174384352,-0.06715342778730747,-0.03352007615769955,0.5449249778098338,-0.13085598064755344,-0.2359813632291101,-0.2662958158485814,-0.19611613513818404,-0.19300937626135234,-0.12168146174384352,-0.06715342778730747,-0.03352007615769955,0.5449249778098338,-0.21680296415038888,1.9535138126504805,-1.175735064194511,-0.40583972495671383,-0.16278112867447064
0,-0.5870703404383166,0.8273772438659699,-0.47454519624983954,-0.4736736092984604,-0.4989475622371262,0.5446511676720712,0.96425644365423,-0.497228546751122,-0.6244040257055189,-0.5870703404383166,0.8273772438659699,-0.47454519624983954,-0.4736736092984604,-0.4989475622371262,0.5446511676720712,0.96425644365423,-0.497228546751122,-0.6244040257055189,-0.7514511372439554,-0.1865296823622353,-0.3760014818308347,-0.3895323082701867,-0.4452145706826543,-0.1838570747903618,0.0013914271355503162,-0.597030630678078,-0.5925087254881628,0.8635041745453002,-0.4030649954631285,-0.4194008220350217,-0.571347415835755,0.7925352191037062,1.3577269342345568,-0.07073690533028135,-0.3576753639798948,-0.2328872501475753,-0.28708333828187355,-0.32078666523533045,-0.39610534423349997,-0.38113017778990566,-0.3694246287326534,-0.2751579580367754,-0.2900883232983121,-0.2955781683826058,-0.3888554871521795,-0.41265547100857053,-0.2943754514063852,-0.3658086479243954,-0.19836401418550262,-0.33212765423625973,-0.41485036472765574,-0.4340408953724373,-0.4123594838653976,0.5449215208897721,1.1227307914744915,-0.07507948397468743,-0.337529114616601,0.9989187709831968,0.026867934339009688,-0.22342026433344614,-0.714793108726999,-0.5582434766457356,-0.4271559153457235,-0.7376951317802901,0.7376951317802901,-0.4820426798824101,-0.3075623426146228,0.6158384251930635,-0.13085598064755344,-0.2359813632291101,-0.2662958158485814,-0.19611613513818404,-0.19300937626135234,-0.12168146174384352,-0.06715342778730747,-0.03352007615769955,0.5449249778098338,-0.21680296415038888,-0.5118980953829163,0.8505317485662419,-0.40583972495671383,-0.16278112867447064,0.8119223343984152,-0.1699069165076462,-0.2081478487327801,-0.6981970580620328,-0.7376951317802901,0.7376951317802901,-0.7376951317802901,0.7376951317802901,-0.7376951317802901,0.7376951317802901,-0.7376951317802901,0.7376951317802901,-0.4820426798824101,-0.3075623426146228,0.6158384251930635,-0.4820426798824101,-0.3075623426146228,0.6158384251930635,-0.4820426798824101,-0.3075623426146228,0.6158384251930635,-0.13085598064755344,-0.2359813632291101,-0.2662958158485814,-0.19611613513818404,-0.19300937626135234,-0.12168146174384352,-0.06715342778730747,-0.03352007615769955,0.5449249778098338,-0.13085598064755344,-0.2359813632291101,-0.2662958158485814,-0.19611613513818404,-0.19300937626135234,-0.12168146174384352,-0.06715342778730747,-0.03352007615769955,0.5449249778098338,-0.21680296415038888,-0.5118980953829163,0.8505317485662419,-0.40583972495671383,-0.16278112867447064
0,-0.5831824573890563,-1.5661069258891576,-0.47454519624983954,-0.4736736092984604,-0.09633727609939802,0.5446511676720712,-1.1168810094012038,0.8818551424480984,-0.6244040257055189,-0.5831824573890563,-1.5661069258891576,-0.47454519624983954,-0.4736736092984604,-0.09633727609939802,0.5446511676720712,-1.1168810094012038,0.8818551424480984,-0.6244040257055189,-0.7489568185571365,-0.9878803276303637,-0.3760014818308347,-0.3895323082701867,-0.23021153756641957,-0.18037488072311625,-0.8701802579405862,0.03458733600184944,-0.5915945232608476,-1.4609134070857044,-0.4030649954631285,-0.4194008220350217,-0.4552537904059585,-0.8746533061339944,-1.1971699031058678,-0.35528129652342183,-0.7470324187216006,-0.2328872501475753,-0.28708333828187355,-0.32078666523533045,-0.39610534423349997,-0.38113017778990566,-0.3694246287326534,-0.2751579580367754,-0.2900883232983121,-0.2955781683826058,-0.3888554871521795,-0.41265547100857053,-0.2943754514063852,-0.3658086479243954,-0.15902690257745447,0.4384609375349179,-0.4227782124236476,0.1089473335752736,-0.3293528417209272,0.5449215208897721,-0.6685250661686233,1.3016263541781348,-0.337529114616601,-1.1087392780725651,-0.4317741425429881,-0.7049484103449949,0.7785667831207204,-0.16135942502686434,-0.4271559153457235,-0.7376951317802901,0.7376951317802901,2.0745051044939435,-0.3075623426146228,-1.6238025415294657,-0.13085598064755344,-0.2359813632291101,-0.2662958158485814,-0.19611613513818404,-0.19300937626135234,-0.12168146174384352,-0.06715342778730747,-0.03352007615769955,0.5449249778098338,-0.21680296415038888,-0.5118980953829163,0.8505317485662419,-0.40583972495671383,-0.16278112867447064,0.8119223343984152,-0.1699069165076462,-0.2081478487327801,-0.6981970580620328,-0.7376951317802901,0.7376951317802901,-0.7376951317802901,0.7376951317802901,-0.7376951317802901,0.7376951317802901,-0.7376951317802901,0.7376951317802901,2.0745051044939435,-0.3075623426146228,-1.6238025415294657,2.0745051044939435,-0.3075623426146228,-1.6238025415294657,2.0745051044939435,-0.3075623426146228,-1.6238025415294657,-0.13085598064755344,-0.2359813632291101,-0.2662958158485814,-0.19611613513818404,-0.19300937626135234,-0.12168146174384352,-0.06715342778730747,-0.03352007615769955,0.5449249778098338,-0.13085598064755344,-0.2359813632291101,-0.2662958158485814,-0.19611613513818404,-0.19300937626135234,-0.12168146174384352,-0.06715342778730747,-0.03352007615769955,0.5449249778098338,-0.21680296415038888,-0.5118980953829163,0.8505317485662419,-0.40583972495671383,-0.16278112867447064
0,-0.5792945743397959,0.8273772438659699,-0.47454519624983954,-0.4736736092984604,-0.4989475622371262,0.5446511676720712,-1.1168810094012038,-0.497228546751122,-0.6244040257055189,-0.5792945743397959,0.8273772438659699,-0.47454519624983954,-0.4736736092984604,-0.4989475622371262,0.5446511676720712,-1.1168810094012038,-0.497228546751122,-0.6244040257055189,-0.746454058859533,-0.1783665178943087,-0.3760014818308347,-0.3895323082701867,-0.44470671806520407,-0.17689268665587068,-0.8691837262607237,-0.5938379535086765,-0.5906803210335324,0.8635041745453002,-0.4030649954631285,-0.4194008220350217,-0.571347415835755,0.7925352191037062,-0.7285731700889909,-0.07073690533028135,-0.3576753639798948,-0.2328872501475753,-0.28708333828187355,-0.32078666523533045,-0.39610534423349997,-0.38113017778990566,-0.3694246287326534,-0.2751579580367754,-0.2900883232983121,-0.2955781683826058,-0.3888554871521795,-0.41265547100857053,-0.2943754514063852,-0.3658086479243954,-0.19836401418550262,-0.33212765423625973,-0.626822817058193,-0.4340408953724373,-0.4123594838653976,0.5449215208897721,-0.6685250661686233,-0.07507948397468743,-0.337529114616601,-1.1087392780725651,-0.805835472779215,-0.7049484103449949,-0.714793108726999,-0.5582434766457356,-0.4271559153457235,-0.7376951317802901,0.7376951317802901,2.0745051044939435,-0.3075623426146228,-1.6238025415294657,-0.13085598064755344,-0.2359813632291101,-0.2662958158485814,-0.19611613513818404,-0.19300937626135234,-0.12168146174384352,-0.06715342778730747,-0.03352007615769955,0.5449249778098338,-0.21680296415038888,-0.5118980953829163,0.8505317485662419,-0.40583972495671383,-0.16278112867447064,0.8119223343984152,-0.1699069165076462,-0.2081478487327801,-0.6981970580620328,-0.7376951317802901,0.7376951317802901,-0.7376951317802901,0.7376951317802901,-0.7376951317802901,0.7376951317802901,-0.7376951317802901,0.7376951317802901,2.0745051044939435,-0.3075623426146228,-1.6238025415294657,2.0745051044939435,-0.3075623426146228,-1.6238025415294657,2.0745051044939435,-0.3075623426146228,-1.6238025415294657,-0.13085598064755344,-0.2359813632291101,-0.2662958158485814,-0.19611613513818404,-0.19300937626135234,-0.12168146174384352,-0.06715342778730747,-0.03352007615769955,0.5449249778098338,-0.13085598064755344,-0.2359813632291101,-0.2662958158485814,-0.19611613513818404,-0.19300937626135234,-0.12168146174384352,-0.06715342778730747,-0.03352007615769955,0.5449249778098338,-0.21680296415038888,-0.5118980953829163,0.8505317485662419,-0.40583972495671383,-0.16278112867447064
0,-0.5754066912905356,-1.5661069258891576,0.4327933656785018,2.0089333664952354,2.399846497954517,-1.747233654090395,-0.5095104222433947,-1.5315413136505371,2.160100413251525,-0.5754066912905356,-1.5661069258891576,0.4327933656785018,2.0089333664952354,2.399846497954517,-1.747233654090395,-0.5095104222433947,-1.5315413136505371,2.160100413251525,-0.7439428581511451,-0.9851592728077215,0.1404603013148492,0.977340383800827,1.1121880311022798,-1.1149078549910345,-0.6109423797944561,-1.0679505131647973,0.7723951998934752,-1.4609134070857044,-0.0891393739966534,0.5195090584504164,1.9440144684765028,-1.6309715720209197,-0.9942108085507874,-1.3511866656994136,0.2263602181326639,-0.07639966350995119,0.7239492878412465,1.5894934537141936,-0.31042417242146536,0.16061446244642888,-0.3694246287326534,0.3725718718463603,1.1701867956779368,3.999419385604236,-0.13831832590224283,1.3576611153209521,-0.2943754514063852,2.167368854412156,1.1178094612649554,-0.06249764204650251,2.1767760435637267,-0.5019144239909011,3.3187890805285463,-1.8243260033503432,-1.1676099405747105,-1.107608862589304,-0.5764788668170912,-0.7538678336953983,-1.086381470456385,0.94940043464318,-1.0507990843927357,-0.855906515359889,1.7963221717943845,1.3555735383351193,-1.3555735383351195,-0.4820426798824101,-0.3075623426146228,0.6158384251930635,-0.13085598064755344,-0.2359813632291101,3.755222352305419,-0.19611613513818404,-0.19300937626135234,-0.12168146174384352,-0.06715342778730747,-0.03352007615769955,-1.8351149988007645,-0.21680296415038888,1.9535138126504805,-1.175735064194511,-0.40583972495671383,-0.16278112867447064,-1.2316448970959013,-0.1699069165076462,-0.2081478487327801,1.4322604033532795,1.3555735383351193,-1.3555735383351195,1.3555735383351193,-1.3555735383351195,1.3555735383351193,-1.3555735383351195,1.3555735383351193,-1.3555735383351195,-0.4820426798824101,-0.3075623426146228,0.6158384251930635,-0.4820426798824101,-0.3075623426146228,0.6158384251930635,-0.4820426798824101,-0.3075623426146228,0.6158384251930635,-0.13085598064755344,-0.2359813632291101,3.755222352305419,-0.19611613513818404,-0.19300937626135234,-0.12168146174384352,-0.06715342778730747,-0.03352007615769955,-1.8351149988007645,-0.13085598064755344,-0.2359813632291101,3.755222352305419,-0.19611613513818404,-0.19300937626135234,-0.12168146174384352,-0.06715342778730747,-0.03352007615769955,-1.8351149988007645,-0.21680296415038888,1.9535138126504805,-1.175735064194511,-0.40583972495671383,-0.16278112867447064
1,-0.5715188082412752,-1.5661069258891576,-0.47454519624983954,-0.4736736092984604,-0.03594573317873878,-1.747233654090395,0.96425644365423,0.5370842201482933,-0.6244040257055189,-0.5715188082412752,-1.5661069258891576,-0.47454519624983954,-0.4736736092984604,-0.03594573317873878,-1.747233654090395,0.96425644365423,0.5370842201482933,-0.6244040257055189,-0.7414232164319726,-0.9837987453964004,-0.3760014818308347,-0.3895323082701867,-0.1947344047188276,-1.1145850480459447,0.01720898730253911,-0.11334003951375278,-0.5888519165789019,-1.4609134070857044,-0.4030649954631285,-0.4194008220350217,-0.3972069776910602,-1.6309715720209197,-0.5017365349980186,-0.4975534921199921,-0.7470324187216006,-0.2328872501475753,-0.28708333828187355,-0.32078666523533045,-0.39610534423349997,-0.38113017778990566,-0.3694246287326534,-0.2751579580367754,-0.2900883232983121,-0.2955781683826058,-0.3888554871521795,-0.41265547100857053,-0.2943754514063852,-0.3658086479243954,-0.1491347759819012,-0.4946808098376945,0.5162818454024083,0.0798586784530748,-0.31690184539925664,-1.8243260033503432,-1.050018544785101,-0.9161734353905387,-0.8260486080042697,0.9989187709831968,1.1401173391344044,-0.22342026433344614,0.29322481827021163,-0.26058043793158214,-0.4271559153457235,-0.7376951317802901,0.7376951317802901,-0.4820426798824101,-0.3075623426146228,0.6158384251930635,-0.13085598064755344,-0.2359813632291101,3.755222352305419,-0.19611613513818404,-0.19300937626135234,-0.12168146174384352,-0.06715342778730747,-0.03352007615769955,-1.8351149988007645,-0.21680296415038888,-0.5118980953829163,0.8505317485662419,-0.40583972495671383,-0.16278112867447064,0.8119223343984152,-0.1699069165076462,-0.2081478487327801,-0.6981970580620328,-0.7376951317802901,0.7376951317802901,-0.7376951317802901,0.7376951317802901,-0.7376951317802901,0.7376951317802901,-0.7376951317802901,0.7376951317802901,-0.4820426798824101,-0.3075623426146228,0.6158384251930635,-0.4820426798824101,-0.3075623426146228,0.6158384251930635,-0.4820426798824101,-0.3075623426146228,0.6158384251930635,-0.13085598064755344,-0.2359813632291101,3.755222352305419,-0.19611613513818404,-0.19300937626135234,-0.12168146174384352,-0.06715342778730747,-0.03352007615769955,-1.8351149988007645,-0.13085598064755344,-0.2359813632291101,3.755222352305419,-0.19611613513818404,-0.19300937626135234,-0.12168146174384352,-0.06715342778730747,-0.03352007615769955,-1.8351149988007645,-0.21680296415038888,-0.5118980953829163,0.8505317485662419,-0.40583972495671383,-0.16278112867447064
1,-0.5676309251920149,-1.5661069258891576,-0.47454519624983954,0.7676298785983874,4.332375871415612,-1.8194778495589943,-1.3133832581875537,1.5713969870477085,0.48939774987729867,-0.5676309251920149,-1.5661069258891576,-0.47454519624983954,0.7676298785983874,4.332375871415612,-1.8194778495589943,-1.3133832581875537,1.5713969870477085,0.48939774987729867,-0.7388951337020158,-0.9824382179850794,-0.3760014818308347,0.29849085887965243,2.1678685220333853,-1.1441390541038492,-0.949978960356069,0.36875421306587175,-0.03941637796244883,-1.4609134070857044,-0.4030649954631285,0.0500541182076973,3.801512475353247,-1.6548120390977903,-1.2628331395795704,-0.07073690533028135,-0.3576753639798948,-0.2328872501475753,-0.28708333828187355,-0.32078666523533045,-0.39610534423349997,-0.38113017778990566,-0.3694246287326534,-0.2751579580367754,0.07498045644575013,3.2172178443152415,-0.30223359629448865,-0.07128042961738269,1.6310705068544655,0.26748572765974243,3.328092344088932,0.008215640462677058,1.1154841700314349,6.682983391192202,2.6339842828366655,-1.83504312030046,-1.2441732358926583,-0.9090455205480316,-0.772417663621493,-1.177626087863427,-0.4806165455356165,-0.5168837696280381,1.973254696598896,1.823060833067492,0.08106764742915833,1.3555735383351193,-1.3555735383351195,2.0745051044939435,-0.3075623426146228,-1.6238025415294657,-0.13085598064755344,4.237622777986573,-0.2662958158485814,-0.19611613513818404,-0.19300937626135234,-0.12168146174384352,-0.06715342778730747,-0.03352007615769955,-1.8351149988007645,-0.21680296415038888,-0.5118980953829163,-1.175735064194511,2.4640269015229057,-0.16278112867447064,-1.2316448970959013,-0.1699069165076462,-0.2081478487327801,1.4322604033532795,1.3555735383351193,-1.3555735383351195,1.3555735383351193,-1.3555735383351195,1.3555735383351193,-1.3555735383351195,1.3555735383351193,-1.3555735383351195,2.0745051044939435,-0.3075623426146228,-1.6238025415294657,2.0745051044939435,-0.3075623426146228,-1.6238025415294657,2.0745051044939435,-0.3075623426146228,-1.6238025415294657,-0.13085598064755344,4.237622777986573,-0.2662958158485814,-0.19611613513818404,-0.19300937626135234,-0.12168146174384352,-0.06715342778730747,-0.03352007615769955,-1.8351149988007645,-0.13085598064755344,4.237622777986573,-0.2662958158485814,-0.19611613513818404,-0.19300937626135234,-0.12168146174384352,-0.06715342778730747,-0.03352007615769955,-1.8351149988007645,-0.21680296415038888,-0.5118980953829163,-1.175735064194511,2.4640269015229057,-0.16278112867447064
1,-0.5637430421427544,0.8273772438659699,-0.47454519624983954,-0.4736736092984604,-0.4989475622371262,0.5446511676720712,-1.5500791487711116,0.5370842201482933,-0.6244040257055189,-0.5637430421427544,0.8273772438659699,-0.47454519624983954,-0.4736736092984604,-0.4989475622371262,0.5446511676720712,-1.5500791487711116,0.5370842201482933,-0.6244040257055189,-0.7363586099612742,-0.16204018895845548,-0.3760014818308347,-0.3895323082701867,-0.4436910128303037,-0.16296391038688846,-1.050520755317988,-0.10695468517494981,-0.5870235121242714,0.8635041745453002,-0.4030649954631285,-0.4194008220350217,-0.571347415835755,0.7925352191037062,-1.1628459385855234,1.209712855038851,-0.3576753639798948,-0.2328872501475753,-0.28708333828187355,-0.32078666523533045,-0.39610534423349997,-0.38113017778990566,-0.3694246287326534,-0.2751579580367754,-0.2900883232983121,-0.2955781683826058,-0.3888554871521795,-0.41265547100857053,-0.2943754514063852,-0.3658086479243954,-0.19836401418550262,-0.33212765423625973,-0.6709458382514594,-0.36616736675397343,-0.4123594838653976,0.5449215208897721,-1.0413830451200872,0.9574498946399291,-0.337529114616601,-1.2307930204368625,-0.871951408537529,-0.8051806639139224,0.29322481827021163,-0.26058043793158214,-0.4271559153457235,1.3555735383351193,-1.3555735383351195,-0.4820426798824101,3.2513733362117265,-1.6238025415294657,-0.13085598064755344,-0.2359813632291101,-0.2662958158485814,-0.19611613513818404,-0.19300937626135234,-0.12168146174384352,-0.06715342778730747,-0.03352007615769955,0.5449249778098338,-0.21680296415038888,1.9535138126504805,-1.175735064194511,-0.40583972495671383,-0.16278112867447064,0.8119223343984152,-0.1699069165076462,-0.2081478487327801,-0.6981970580620328,1.3555735383351193,-1.3555735383351195,1.3555735383351193,-1.3555735383351195,1.3555735383351193,-1.3555735383351195,1.3555735383351193,-1.3555735383351195,-0.4820426798824101,3.2513733362117265,-1.6238025415294657,-0.4820426798824101,3.2513733362117265,-1.6238025415294657,-0.4820426798824101,3.2513733362117265,-1.6238025415294657,-0.13085598064755344,-0.2359813632291101,-0.2662958158485814,-0.19611613513818404,-0.19300937626135234,-0.12168146174384352,-0.06715342778730747,-0.03352007615769955,0.5449249778098338,-0.13085598064755344,-0.2359813632291101,-0.2662958158485814,-0.19611613513818404,-0.19300937626135234,-0.12168146174384352,-0.06715342778730747,-0.03352007615769955,0.5449249778098338,-0.21680296415038888,1.9535138126504805,-1.175735064194511,-0.40583972495671383,-0.16278112867447064
1,-0.559855159093494,0.8273772438659699,1.340131927606843,-0.4736736092984604,-0.17685933332694367,0.5446511676720712,-1.5366812681720423,-1.5315413136505371,0.48939774987729867,-0.559855159093494,0.8273772438659699,1.340131927606843,-0.4736736092984604,-0.17685933332694367,0.5446511676720712,-1.5366812681720423,-1.5315413136505371,0.48939774987729867,-0.7338136452097483,-0.1579586067244922,0.6707868303167931,-0.3895323082701867,-0.26815538312734105,-0.1594817163196429,-1.0443892291858408,-1.0679505131647973,-0.03393116459855745,0.8635041745453002,1.480488733335722,-0.4194008220350217,0.3574015876026171,0.7925352191037062,-1.1494148220340843,-1.3511866656994136,0.8103958002452226,0.39306309640292114,-0.28708333828187355,0.261152973649955,1.4524203625197576,-0.14816149291011677,-0.3694246287326534,0.3725718718463603,-0.2900883232983121,-0.2955781683826058,-0.3888554871521795,-0.41265547100857053,-0.2943754514063852,-0.3658086479243954,-0.17059664128570393,0.2843432191806824,-0.6040789917008392,-0.5019144239909011,-0.15503889321753941,0.5449215208897721,-1.0298513550494233,-1.107608862589304,0.7393377686336078,-1.2286533543751765,-1.086381470456385,-0.6718820998892662,-1.0507990843927357,-0.855906515359889,0.08106764742915833,-0.7376951317802901,0.7376951317802901,-0.4820426798824101,3.2513733362117265,-1.6238025415294657,-0.13085598064755344,-0.2359813632291101,-0.2662958158485814,-0.19611613513818404,-0.19300937626135234,-0.12168146174384352,-0.06715342778730747,-0.03352007615769955,0.5449249778098338,-0.21680296415038888,-0.5118980953829163,0.8505317485662419,-0.40583972495671383,-0.16278112867447064,-1.2316448970959013,-0.1699069165076462,-0.2081478487327801,1.4322604033532795,-0.7376951317802901,0.7376951317802901,-0.7376951317802901,0.7376951317802901,-0.7376951317802901,0.7376951317802901,-0.7376951317802901,0.7376951317802901,-0.4820426798824101,3.2513733362117265,-1.6238025415294657,-0.4820426798824101,3.2513733362117265,-1.6238025415294657,-0.4820426798824101,3.2513733362117265,-1.6238025415294657,-0.13085598064755344,-0.2359813632291101,-0.2662958158485814,-0.19611613513818404,-0.19300937626135234,-0.12168146174384352,-0.06715342778730747,-0.03352007615769955,0.5449249778098338,-0.13085598064755344,-0.2359813632291101,-0.2662958158485814,-0.19611613513818404,-0.19300937626135234,-0.12168146174384352,-0.06715342778730747,-0.03352007615769955,0.5449249778098338,-0.21680296415038888,-0.5118980953829163,0.8505317485662419,-0.40583972495671383,-0.16278112867447064
0,-0.5559672760442337,0.8273772438659699,-0.47454519624983954,-0.4736736092984604,-0.6398611623853311,0.5446511676720712,0.96425644365423,-1.1867703913507321,1.0462986376687076,-0.5559672760442337,0.8273772438659699,-0.47454519624983954,-0.4736736092984604,-0.6398611623853311,0.5446511676720712,0.96425644365423,-1.1867703913507321,1.0462986376687076,-0.7312602394474379,-0.1538770244905289,-0.3760014818308347,-0.3895323082701867,-0.5201228317565575,-0.15599952225239733,0.033026547469527906,-0.9067203161100222,0.24581471695990284,0.8635041745453002,-0.4030649954631285,-0.4194008220350217,-0.9776751048400428,0.7925352191037062,1.3577269342345568,-0.9243700789097029,1.3944313823577814,-0.2328872501475753,-0.28708333828187355,-0.32078666523533045,-0.39610534423349997,-0.38113017778990566,-0.3694246287326534,-0.2751579580367754,-0.2900883232983121,-0.2955781683826058,-0.3888554871521795,-0.41265547100857053,-0.2943754514063852,-0.3658086479243954,-0.20119860016902374,-0.6018336613561719,-0.698238428680284,-0.5019144239909011,-0.44141180861596224,0.5449215208897721,1.1227307914744915,-0.7634324030510985,1.2777712102587122,0.9989187709831968,-0.7152983355245868,1.7078589307214564,-1.0134650870965427,-0.4590224637410178,0.52576326485718,-0.7376951317802901,0.7376951317802901,-0.4820426798824101,-0.3075623426146228,0.6158384251930635,-0.13085598064755344,-0.2359813632291101,-0.2662958158485814,-0.19611613513818404,-0.19300937626135234,-0.12168146174384352,-0.06715342778730747,-0.03352007615769955,0.5449249778098338,-0.21680296415038888,-0.5118980953829163,0.8505317485662419,-0.40583972495671383,-0.16278112867447064,0.8119223343984152,-0.1699069165076462,-0.2081478487327801,-0.6981970580620328,-0.7376951317802901,0.7376951317802901,-0.7376951317802901,0.7376951317802901,-0.7376951317802901,0.7376951317802901,-0.7376951317802901,0.7376951317802901,-0.4820426798824101,-0.3075623426146228,0.6158384251930635,-0.4820426798824101,-0.3075623426146228,0.6158384251930635,-0.4820426798824101,-0.3075623426146228,0.6158384251930635,-0.13085598064755344,-0.2359813632291101,-0.2662958158485814,-0.19611613513818404,-0.19300937626135234,-0.12168146174384352,-0.06715342778730747,-0.03352007615769955,0.5449249778098338,-0.13085598064755344,-0.2359813632291101,-0.2662958158485814,-0.19611613513818404,-0.19300937626135234,-0.12168146174384352,-0.06715342778730747,-0.03352007615769955,0.5449249778098338,-0.21680296415038888,-0.5118980953829163,0.8505317485662419,-0.40583972495671383,-0.16278112867447064
1,-0.5520793929949733,-0.3693648410115938,-0.47454519624983954,-0.4736736092984604,-0.3982949907026942,-1.8792661492571456,-1.5500791487711116,0.5370842201482933,-0.6244040257055189,-0.5520793929949733,-0.3693648410115938,-0.47454519624983954,-0.4736736092984604,-0.3982949907026942,-1.8792661492571456,-1.5500791487711116,0.5370842201482933,-0.6244040257055189,-0.728698392674343,-0.5633957752981803,-0.3760014818308347,-0.3895323082701867,-0.3877909497238219,-1.1683014973554664,-1.0493782349206937,-0.09737665366674535,-0.5842809054423257,-0.5892568139740777,-0.4030649954631285,-0.4194008220350217,-0.5133006031208568,-1.6408365928803144,-1.2523867155951176,0.3560796814594294,-0.5523538913507477,-0.2328872501475753,-0.28708333828187355,-0.32078666523533045,-0.39610534423349997,-0.38113017778990566,-0.3694246287326534,-0.2751579580367754,-0.2900883232983121,-0.2955781683826058,-0.3888554871521795,-0.41265547100857053,-0.2943754514063852,-0.3658086479243954,-0.19286838829908412,-0.5831389085380546,-0.651451130802299,-0.26920518301331076,-0.39160782332928,-1.8409560124108695,-1.2626914166931817,-1.0241104315770766,-0.8541915788189941,-1.2307930204368625,-0.871951408537529,-0.8051806639139224,0.29322481827021163,-0.26058043793158214,-0.4271559153457235,1.3555735383351193,-1.3555735383351195,-0.4820426798824101,3.2513733362117265,-1.6238025415294657,-0.13085598064755344,-0.2359813632291101,-0.2662958158485814,-0.19611613513818404,5.181095444015676,-0.12168146174384352,-0.06715342778730747,-0.03352007615769955,-1.8351149988007645,-0.21680296415038888,1.9535138126504805,-1.175735064194511,-0.40583972495671383,-0.16278112867447064,0.8119223343984152,-0.1699069165076462,-0.2081478487327801,-0.6981970580620328,1.3555735383351193,-1.3555735383351195,1.3555735383351193,-1.3555735383351195,1.3555735383351193,-1.3555735383351195,1.3555735383351193,-1.3555735383351195,-0.4820426798824101,3.2513733362117265,-1.6238025415294657,-0.4820426798824101,3.2513733362117265,-1.6238025415294657,-0.4820426798824101,3.2513733362117265,-1.6238025415294657,-0.13085598064755344,-0.2359813632291101,-0.2662958158485814,-0.19611613513818404,5.181095444015676,-0.12168146174384352,-0.06715342778730747,-0.03352007615769955,-1.8351149988007645,-0.13085598064755344,-0.2359813632291101,-0.2662958158485814,-0.19611613513818404,5.181095444015676,-0.12168146174384352,-0.06715342778730747,-0.03352007615769955,-1.8351149988007645,-0.21680296415038888,1.9535138126504805,-1.175735064194511,-0.40583972495671383,-0.16278112867447064
0,-0.548191509945713,0.8273772438659699,-0.47454519624983954,-0.4736736092984604,-0.4788170479302398,0.5446511676720712,0.96425644365423,-1.5315413136505371,-0.6244040257055189,-0.548191509945713,0.8273772438659699,-0.47454519624983954,-0.4736736092984604,-0.4788170479302398,0.5446511676720712,0.96425644365423,-1.5315413136505371,-0.6244040257055189,-0.7261281048904635,-0.14571386002260228,-0.3760014818308347,-0.3895323082701867,-0.4316113755723813,-0.1490351341179062,0.0409353275530223,-1.0679505131647973,-0.5833667032150105,0.8635041745453002,-0.4030649954631285,-0.4194008220350217,-0.5133006031208568,0.7925352191037062,1.3577269342345568,-1.3511866656994136,-0.3576753639798948,-0.2328872501475753,-0.28708333828187355,-0.32078666523533045,-0.39610534423349997,-0.38113017778990566,-0.3694246287326534,-0.2751579580367754,-0.2900883232983121,-0.2955781683826058,-0.3888554871521795,-0.41265547100857053,-0.2943754514063852,-0.3658086479243954,-0.1974962837823839,-0.29359822464770086,-0.374366355591566,-0.5019144239909011,-0.40820915175817407,0.5449215208897721,1.1227307914744915,-1.107608862589304,-0.337529114616601,0.9989187709831968,-1.086381470456385,-0.22342026433344614,-1.0507990843927357,-0.855906515359889,-0.4271559153457235,-0.7376951317802901,0.7376951317802901,-0.4820426798824101,-0.3075623426146228,0.6158384251930635,-0.13085598064755344,-0.2359813632291101,-0.2662958158485814,-0.19611613513818404,-0.19300937626135234,-0.12168146174384352,-0.06715342778730747,-0.03352007615769955,0.5449249778098338,-0.21680296415038888,-0.5118980953829163,0.8505317485662419,-0.40583972495671383,-0.16278112867447064,0.8119223343984152,-0.1699069165076462,-0.2081478487327801,-0.6981970580620328,-0.7376951317802901,0.7376951317802901,-0.7376951317802901,0.7376951317802901,-0.7376951317802901,0.7376951317802901,-0.7376951317802901,0.7376951317802901,-0.4820426798824101,-0.3075623426146228,0.6158384251930635,-0.4820426798824101,-0.3075623426146228,0.6158384251930635,-0.4820426798824101,-0.3075623426146228,0.6158384251930635,-0.13085598064755344,-0.2359813632291101,-0.2662958158485814,-0.19611613513818404,-0.19300937626135234,-0.12168146174384352,-0.06715342778730747,-0.03352007615769955,0.5449249778098338,-0.13085598064755344,-0.2359813632291101,-0.2662958158485814,-0.19611613513818404,-0.19300937626135234,-0.12168146174384352,-0.06715342778730747,-0.03352007615769955,0.5449249778098338,-0.21680296415038888,-0.5118980953829163,0.8505317485662419,-0.40583972495671383,-0.16278112867447064
1,-0.5443036268964525,-1.5661069258891576,0.4327933656785018,2.0089333664952354,2.399846497954517,-1.747233654090395,0.96425644365423,-1.5315413136505371,2.160100413251525,-0.5443036268964525,-1.5661069258891576,0.4327933656785018,2.0089333664952354,2.399846497954517,-1.747233654090395,0.96425644365423,-1.5315413136505371,2.160100413251525,-0.7235493760957996,-0.9742750535171527,0.15432504717110918,1.014034952715485,1.1560084569508393,-1.112325399430316,0.0448897175947695,-1.0679505131647973,0.8162769068046062,-1.4609134070857044,-0.0891393739966534,0.5195090584504164,1.9440144684765028,-1.6309715720209197,-0.5017365349980186,-1.3511866656994136,0.2263602181326639,-0.07639966350995119,0.7239492878412465,1.5894934537141936,-0.31042417242146536,0.770770541893495,-0.3694246287326534,0.3725718718463603,1.1701867956779368,3.999419385604236,-0.13831832590224283,3.351533038490722,-0.2943754514063852,2.167368854412156,1.1178094612649554,-0.06249764204650251,5.414846950869268,-0.5019144239909011,3.3187890805285463,-1.8243260033503432,-1.050018544785101,-1.107608862589304,-0.5764788668170912,0.9989187709831968,-1.086381470456385,2.995378394091391,-1.0507990843927357,-0.855906515359889,1.7963221717943845,-0.7376951317802901,0.7376951317802901,-0.4820426798824101,-0.3075623426146228,0.6158384251930635,-0.13085598064755344,-0.2359813632291101,3.755222352305419,-0.19611613513818404,-0.19300937626135234,-0.12168146174384352,-0.06715342778730747,-0.03352007615769955,-1.8351149988007645,4.612483062299524,-0.5118980953829163,-1.175735064194511,-0.40583972495671383,-0.16278112867447064,-1.2316448970959013,-0.1699069165076462,-0.2081478487327801,1.4322604033532795,-0.7376951317802901,0.7376951317802901,-0.7376951317802901,0.7376951317802901,-0.7376951317802901,0.7376951317802901,-0.7376951317802901,0.7376951317802901,-0.4820426798824101,-0.3075623426146228,0.6158384251930635,-0.4820426798824101,-0.3075623426146228,0.6158384251930635,-0.4820426798824101,-0.3075623426146228,0.6158384251930635,-0.13085598064755344,-0.2359813632291101,3.755222352305419,-0.19611613513818404,-0.19300937626135234,-0.12168146174384352,-0.06715342778730747,-0.03352007615769955,-1.8351149988007645,-0.13085598064755344,-0.2359813632291101,3.755222352305419,-0.19611613513818404,-0.19300937626135234,-0.12168146174384352,-0.06715342778730747,-0.03352007615769955,-1.8351149988007645,4.612483062299524,-0.5118980953829163,-1.175735064194511,-0.40583972495671383,-0.16278112867447064
1,-0.5404157438471922,-1.5661069258891576,-0.47454519624983954,-0.4736736092984604,1.574495411372174,0.5446511676720712,-1.3133832581875537,-0.1524576244513169,1.0462986376687076,-0.5404157438471922,-1.5661069258891576,-0.47454519624983954,-0.4736736092984604,1.574495411372174,0.5446511676720712,-1.3133832581875537,-0.1524576244513169,1.0462986376687076,-0.7209622062903512,-0.9729145261058316,-0.3760014818308347,-0.3895323082701867,0.7048902319072262,-0.14207074598341507,-0.9449582179435135,-0.41451591916062636,0.2604419525969465,-1.4609134070857044,-0.4030649954631285,-0.4194008220350217,1.1507080280395598,-0.8746533061339944,-1.2628331395795704,-0.7820978833131326,-0.1629968366090419,-0.2328872501475753,-0.28708333828187355,-0.32078666523533045,-0.39610534423349997,-0.38113017778990566,-0.3694246287326534,-0.2751579580367754,-0.2900883232983121,-0.2955781683826058,-0.3888554871521795,-0.41265547100857053,-0.2943754514063852,-0.3658086479243954,0.4987705916800683,3.636403593385305,0.10949228329659487,0.9201976042054846,1.384734318562386,0.5449215208897721,-0.8376565205383595,0.2690969755635181,1.2777712102587122,-1.177626087863427,-0.8171526149360434,-0.4001183608312462,-0.45345512765364804,0.7316296911155961,0.52576326485718,1.3555735383351193,-1.3555735383351195,2.0745051044939435,-0.3075623426146228,-1.6238025415294657,-0.13085598064755344,-0.2359813632291101,-0.2662958158485814,-0.19611613513818404,-0.19300937626135234,-0.12168146174384352,-0.06715342778730747,-0.03352007615769955,0.5449249778098338,-0.21680296415038888,1.9535138126504805,-1.175735064194511,-0.40583972495671383,-0.16278112867447064,0.8119223343984152,-0.1699069165076462,-0.2081478487327801,-0.6981970580620328,1.3555735383351193,-1.3555735383351195,1.3555735383351193,-1.3555735383351195,1.3555735383351193,-1.3555735383351195,1.3555735383351193,-1.3555735383351195,2.0745051044939435,-0.3075623426146228,-1.6238025415294657,2.0745051044939435,-0.3075623426146228,-1.6238025415294657,2.0745051044939435,-0.3075623426146228,-1.6238025415294657,-0.13085598064755344,-0.2359813632291101,-0.2662958158485814,-0.19611613513818404,-0.19300937626135234,-0.12168146174384352,-0.06715342778730747,-0.03352007615769955,0.5449249778098338,-0.13085598064755344,-0.2359813632291101,-0.2662958158485814,-0.19611613513818404,-0.19300937626135234,-0.12168146174384352,-0.06715342778730747,-0.03352007615769955,0.5449249778098338,-0.21680296415038888,1.9535138126504805,-1.175735064194511,-0.40583972495671383,-0.16278112867447064
1,-0.5365278607979318,-1.5661069258891576,0.4327933656785018,-0.4736736092984604,1.5342343827584013,-1.747233654090395,-1.3133832581875537,-1.1867703913507321,0.48939774987729867,-0.5365278607979318,-1.5661069258891576,0.4327933656785018,-0.4736736092984604,1.5342343827584013,-1.747233654090395,-1.3133832581875537,-1.1867703913507321,0.48939774987729867,-0.7183665954741183,-0.9715539986945105,0.15779123363517417,-0.3895323082701867,0.6865349873050979,-1.1116797855401361,-0.9442409690274343,-0.9040597518021877,-0.017475524506883316,-1.4609134070857044,-0.0891393739966534,-0.4194008220350217,1.1120101528962945,-1.6309715720209197,-1.2628331395795704,-1.2089144701028434,-0.3576753639798948,-0.07639966350995119,-0.28708333828187355,1.0455063999736007,-0.31042417242146536,-0.17219794452469814,-0.15706505182891523,0.048706956904792466,-0.2900883232983121,-0.2955781683826058,-0.3888554871521795,-0.41265547100857053,-0.2943754514063852,-0.3658086479243954,0.47354856129608447,-0.2160833958896534,0.09480627035156071,-0.1528505625245156,0.9032957941244578,-1.8243260033503432,-1.2317507019144973,-1.0757029580561766,-0.7262207115293983,-1.177626087863427,-1.0190742565762996,-0.5168837696280381,-1.0134650870965427,-0.5582434766457356,0.08106764742915833,1.3555735383351193,-1.3555735383351195,2.0745051044939435,-0.3075623426146228,-1.6238025415294657,-0.13085598064755344,-0.2359813632291101,3.755222352305419,-0.19611613513818404,-0.19300937626135234,-0.12168146174384352,-0.06715342778730747,-0.03352007615769955,-1.8351149988007645,-0.21680296415038888,-0.5118980953829163,-1.175735064194511,2.4640269015229057,-0.16278112867447064,-1.2316448970959013,-0.1699069165076462,-0.2081478487327801,1.4322604033532795,1.3555735383351193,-1.3555735383351195,1.3555735383351193,-1.3555735383351195,1.3555735383351193,-1.3555735383351195,1.3555735383351193,-1.3555735383351195,2.0745051044939435,-0.3075623426146228,-1.6238025415294657,2.0745051044939435,-0.3075623426146228,-1.6238025415294657,2.0745051044939435,-0.3075623426146228,-1.6238025415294657,-0.13085598064755344,-0.2359813632291101,3.755222352305419,-0.19611613513818404,-0.19300937626135234,-0.12168146174384352,-0.06715342778730747,-0.03352007615769955,-1.8351149988007645,-0.13085598064755344,-0.2359813632291101,3.755222352305419,-0.19611613513818404,-0.19300937626135234,-0.12168146174384352,-0.06715342778730747,-0.03352007615769955,-1.8351149988007645,-0.21680296415038888,-0.5118980953829163,-1.175735064194511,2.4640269015229057,-0.16278112867447064
0,-0.5326399777486714,-0.3693648410115938,0.4327933656785018,-0.4736736092984604,-0.15672881902005725,0.5446511676720712,-1.1168810094012038,0.19231329784848822,-0.0675031379141101,-0.5326399777486714,-0.3693648410115938,0.4327933656785018,-0.4736736092984604,-0.15672881902005725,0.5446511676720712,-1.1168810094012038,0.19231329784848822,-0.0675031379141101,-0.7157625436471009,-0.5497905011849693,0.15952432686720666,-0.3895323082701867,-0.2511060452557989,-0.13510635784892394,-0.8572253461023743,-0.2458361420439145,-0.2972214060653436,-0.5892568139740777,0.2247862474698217,-0.4194008220350217,-0.04892610140167071,-0.04105904351514409,-0.9628715365974293,0.0715352902662889,-0.1629968366090419,-0.07639966350995119,-0.28708333828187355,-0.017165984077790217,0.5281575091431288,-0.09084380059842266,0.6923732557860374,-0.05924801474239681,-0.2900883232983121,-0.2955781683826058,-0.3888554871521795,-0.41265547100857053,-0.2943754514063852,-0.3658086479243954,-0.1678777526892653,0.32287264876924127,-0.45338490311882945,-0.11406568902825052,-0.24219586746923333,0.5449215208897721,-0.6685250661686233,0.6132734351017236,0.20090432700850336,-1.1087392780725651,-0.6188048076611016,-0.5427168246715761,-0.1174491519879112,0.13630361368728913,-0.23657207930514282,-0.7376951317802901,0.7376951317802901,2.0745051044939435,-0.3075623426146228,-1.6238025415294657,-0.13085598064755344,-0.2359813632291101,-0.2662958158485814,-0.19611613513818404,-0.19300937626135234,-0.12168146174384352,-0.06715342778730747,-0.03352007615769955,0.5449249778098338,-0.21680296415038888,-0.5118980953829163,0.8505317485662419,-0.40583972495671383,-0.16278112867447064,-1.2316448970959013,-0.1699069165076462,-0.2081478487327801,1.4322604033532795,-0.7376951317802901,0.7376951317802901,-0.7376951317802901,0.7376951317802901,-0.7376951317802901,0.7376951317802901,-0.7376951317802901,0.7376951317802901,2.0745051044939435,-0.3075623426146228,-1.6238025415294657,2.0745051044939435,-0.3075623426146228,-1.6238025415294657,2.0745051044939435,-0.3075623426146228,-1.6238025415294657,-0.13085598064755344,-0.2359813632291101,-0.2662958158485814,-0.19611613513818404,-0.19300937626135234,-0.12168146174384352,-0.06715342778730747,-0.03352007615769955,0.5449249778098338,-0.13085598064755344,-0.2359813632291101,-0.2662958158485814,-0.19611613513818404,-0.19300937626135234,-0.12168146174384352,-0.06715342778730747,-0.03352007615769955,0.5449249778098338,-0.21680296415038888,-0.5118980953829163,0.8505317485662419,-0.40583972495671383,-0.16278112867447064
1,-0.5287520946994111,-1.5661069258891576,-0.47454519624983954,-0.4736736092984604,0.4874476388003079,-1.8792661492571456,-1.3133832581875537,0.19231329784848822,-0.0675031379141101,-0.5287520946994111,-1.5661069258891576,-0.47454519624983954,-0.4736736092984604,0.4874476388003079,-1.8792661492571456,-1.3133832581875537,0.19231329784848822,-0.0675031379141101,-0.7131500508092989,-0.9688329438718684,-0.3760014818308347,-0.3895323082701867,0.1096144138816801,-1.1674567047119335,-0.9428064711952755,-0.24317557773607992,-0.29539300161071314,-1.4609134070857044,-0.4030649954631285,-0.4194008220350217,0.1058653991713913,-1.6745420808165796,-1.2628331395795704,-0.6398256877165623,-0.5523538913507477,-0.2328872501475753,-0.28708333828187355,-0.32078666523533045,-0.39610534423349997,-0.38113017778990566,-0.3694246287326534,-0.2751579580367754,-0.2900883232983121,-0.2955781683826058,-0.3888554871521795,-0.41265547100857053,-0.2943754514063852,-0.3658086479243954,-0.019785097223672273,-0.514591481538291,-0.2870300662193275,0.403065957588617,0.023425387393071893,-1.8409560124108695,-1.254453953667688,-1.0380268367457812,-0.8324206013962827,-1.177626087863427,-0.7498454010559581,-0.6336491784248299,-0.1174491519879112,0.13630361368728913,-0.23657207930514282,1.3555735383351193,-1.3555735383351195,2.0745051044939435,-0.3075623426146228,-1.6238025415294657,-0.13085598064755344,-0.2359813632291101,-0.2662958158485814,-0.19611613513818404,5.181095444015676,-0.12168146174384352,-0.06715342778730747,-0.03352007615769955,-1.8351149988007645,-0.21680296415038888,1.9535138126504805,-1.175735064194511,-0.40583972495671383,-0.16278112867447064,0.8119223343984152,-0.1699069165076462,-0.2081478487327801,-0.6981970580620328,1.3555735383351193,-1.3555735383351195,1.3555735383351193,-1.3555735383351195,1.3555735383351193,-1.3555735383351195,1.3555735383351193,-1.3555735383351195,2.0745051044939435,-0.3075623426146228,-1.6238025415294657,2.0745051044939435,-0.3075623426146228,-1.6238025415294657,2.0745051044939435,-0.3075623426146228,-1.6238025415294657,-0.13085598064755344,-0.2359813632291101,-0.2662958158485814,-0.19611613513818404,5.181095444015676,-0.12168146174384352,-0.06715342778730747,-0.03352007615769955,-1.8351149988007645,-0.13085598064755344,-0.2359813632291101,-0.2662958158485814,-0.19611613513818404,5.181095444015676,-0.12168146174384352,-0.06715342778730747,-0.03352007615769955,-1.8351149988007645,-0.21680296415038888,1.9535138126504805,-1.175735064194511,-0.40583972495671383,-0.16278112867447064
1,-0.5248642116501506,-1.5661069258891576,-0.47454519624983954,-0.4736736092984604,1.030971525086241,-1.747233654090395,-1.3133832581875537,-0.497228546751122,0.48939774987729867,-0.5248642116501506,-1.5661069258891576,-0.47454519624983954,-0.4736736092984604,1.030971525086241,-1.747233654090395,-1.3133832581875537,-0.497228546751122,0.48939774987729867,-0.7105291169607126,-0.9674724164605473,-0.3760014818308347,-0.3895323082701867,0.4162485692607137,-1.1107113647048668,-0.9420892222791962,-0.5714892133228662,-0.009247704461046247,-1.4609134070857044,-0.4030649954631285,-0.4194008220350217,0.6282867136054756,-1.6309715720209197,-1.2628331395795704,-0.9243700789097029,-0.3576753639798948,-0.2328872501475753,-0.28708333828187355,-0.32078666523533045,-0.39610534423349997,-0.38113017778990566,-0.3694246287326534,-0.2751579580367754,-0.2900883232983121,-0.2955781683826058,-0.3888554871521795,-0.41265547100857053,-0.2943754514063852,-0.3658086479243954,0.19732104963662875,-0.30537743882171786,-0.0887688914613663,0.30287170105659894,0.5920208860826939,-1.8243260033503432,-1.2317507019144973,-1.0118911489899214,-0.7262207115293983,-1.177626087863427,-0.8844598288161288,-0.5168837696280381,-0.714793108726999,0.0370826007825713,0.08106764742915833,1.3555735383351193,-1.3555735383351195,2.0745051044939435,-0.3075623426146228,-1.6238025415294657,-0.13085598064755344,-0.2359813632291101,3.755222352305419,-0.19611613513818404,-0.19300937626135234,-0.12168146174384352,-0.06715342778730747,-0.03352007615769955,-1.8351149988007645,-0.21680296415038888,1.9535138126504805,-1.175735064194511,-0.40583972495671383,-0.16278112867447064,0.8119223343984152,-0.1699069165076462,-0.2081478487327801,-0.6981970580620328,1.3555735383351193,-1.3555735383351195,1.3555735383351193,-1.3555735383351195,1.3555735383351193,-1.3555735383351195,1.3555735383351193,-1.3555735383351195,2.0745051044939435,-0.3075623426146228,-1.6238025415294657,2.0745051044939435,-0.3075623426146228,-1.6238025415294657,2.0745051044939435,-0.3075623426146228,-1.6238025415294657,-0.13085598064755344,-0.2359813632291101,3.755222352305419,-0.19611613513818404,-0.19300937626135234,-0.12168146174384352,-0.06715342778730747,-0.03352007615769955,-1.8351149988007645,-0.13085598064755344,-0.2359813632291101,3.755222352305419,-0.19611613513818404,-0.19300937626135234,-0.12168146174384352,-0.06715342778730747,-0.03352007615769955,-1.8351149988007645,-0.21680296415038888,1.9535138126504805,-1.175735064194511,-0.40583972495671383,-0.16278112867447064
1,-0.5209763286008903,-1.5661069258891576,1.340131927606843,2.0089333664952354,4.634333586018909,-1.8194778495589943,-1.3133832581875537,-1.1867703913507321,2.717001301042934,-0.5209763286008903,-1.5661069258891576,1.340131927606843,2.0089333664952354,4.634333586018909,-1.8194778495589943,-1.3133832581875537,-1.1867703913507321,2.717001301042934,-0.7078997421013417,-0.9661118890492262,0.705448694957443,1.0415558794014785,2.44515605116119,-1.1414604432828912,-0.9413719733631168,-0.9019313003559201,1.134419281910306,-1.4609134070857044,0.2247862474698217,0.5195090584504164,4.0917465389277385,-1.6548120390977903,-1.2628331395795704,-1.2089144701028434,0.42103874550351683,0.39306309640292114,1.7349819139643663,6.308264873370964,-0.27761010662111163,0.036734288740509366,0.055294525074822944,1.2362116450238745,1.1701867956779368,7.156669243170723,-0.21561170543679775,0.27009461177380517,0.13350142820713717,2.589565104801581,3.7697671192763544,0.04526316891321444,1.225629267119191,0.3448886473442194,7.170297276031971,-1.83504312030046,-1.2441732358926583,-1.0855462690291626,-0.6343578067945431,-1.177626087863427,-1.0190742565762996,-0.04982213444087064,-1.0134650870965427,-0.16135942502686434,2.6221854613035673,1.3555735383351193,-1.3555735383351195,2.0745051044939435,-0.3075623426146228,-1.6238025415294657,-0.13085598064755344,4.237622777986573,-0.2662958158485814,-0.19611613513818404,-0.19300937626135234,-0.12168146174384352,-0.06715342778730747,-0.03352007615769955,-1.8351149988007645,-0.21680296415038888,1.9535138126504805,-1.175735064194511,-0.40583972495671383,-0.16278112867447064,-1.2316448970959013,-0.1699069165076462,4.804277373453898,-0.6981970580620328,1.3555735383351193,-1.3555735383351195,1.3555735383351193,-1.3555735383351195,1.3555735383351193,-1.3555735383351195,1.3555735383351193,-1.3555735383351195,2.0745051044939435,-0.3075623426146228,-1.6238025415294657,2.0745051044939435,-0.3075623426146228,-1.6238025415294657,2.0745051044939435,-0.3075623426146228,-1.6238025415294657,-0.13085598064755344,4.237622777986573,-0.2662958158485814,-0.19611613513818404,-0.19300937626135234,-0.12168146174384352,-0.06715342778730747,-0.03352007615769955,-1.8351149988007645,-0.13085598064755344,4.237622777986573,-0.2662958158485814,-0.19611613513818404,-0.19300937626135234,-0.12168146174384352,-0.06715342778730747,-0.03352007615769955,-1.8351149988007645,-0.21680296415038888,1.9535138126504805,-1.175735064194511,-0.40583972495671383,-0.16278112867447064
0,-0.5170884455516299,-0.3693648410115938,0.4327933656785018,0.7676298785983874,-0.11646779040628442,0.5446511676720712,-0.5095104222433947,-0.1524576244513169,-0.0675031379141101,-0.5170884455516299,-0.3693648410115938,0.4327933656785018,0.7676298785983874,-0.11646779040628442,0.5446511676720712,-0.5095104222433947,-0.1524576244513169,-0.0675031379141101,-0.7052619262311863,-0.5389062818944005,0.16645669979533664,0.3283051961228121,-0.2249153602701533,-0.12117758157994171,-0.5830458400938479,-0.4017452104830204,-0.2899077882468218,-0.5892568139740777,0.2247862474698217,0.5195090584504164,0.028469648884860296,-0.04105904351514409,-0.5569533474872684,-0.2130091009268516,-0.1629968366090419,-0.07639966350995119,0.2184329747796864,0.008135739352004802,0.5281575091431288,0.16061446244642888,0.48001367888229923,-0.05924801474239681,0.07498045644575013,0.07418983295400972,0.9624460102277982,0.4725028221561908,0.5613783078206596,0.056387602465029836,-0.16209288333514058,0.399931507946359,-0.20320282418793778,-0.16577885368993728,-0.22559453904033924,0.5449215208897721,-0.14575511629852972,0.2690969755635181,0.20090432700850336,-0.7538678336953983,-0.3882924910983312,-0.26165318579788244,-0.45345512765364804,-0.06213841212214652,-0.23657207930514282,1.3555735383351193,-1.3555735383351195,-0.4820426798824101,-0.3075623426146228,0.6158384251930635,-0.13085598064755344,-0.2359813632291101,-0.2662958158485814,-0.19611613513818404,-0.19300937626135234,-0.12168146174384352,-0.06715342778730747,-0.03352007615769955,0.5449249778098338,-0.21680296415038888,-0.5118980953829163,-1.175735064194511,2.4640269015229057,-0.16278112867447064,-1.2316448970959013,-0.1699069165076462,-0.2081478487327801,1.4322604033532795,1.3555735383351193,-1.3555735383351195,1.3555735383351193,-1.3555735383351195,1.3555735383351193,-1.3555735383351195,1.3555735383351193,-1.3555735383351195,-0.4820426798824101,-0.3075623426146228,0.6158384251930635,-0.4820426798824101,-0.3075623426146228,0.6158384251930635,-0.4820426798824101,-0.3075623426146228,0.6158384251930635,-0.13085598064755344,-0.2359813632291101,-0.2662958158485814,-0.19611613513818404,-0.19300937626135234,-0.12168146174384352,-0.06715342778730747,-0.03352007615769955,0.5449249778098338,-0.13085598064755344,-0.2359813632291101,-0.2662958158485814,-0.19611613513818404,-0.19300937626135234,-0.12168146174384352,-0.06715342778730747,-0.03352007615769955,0.5449249778098338,-0.21680296415038888,-0.5118980953829163,-1.175735064194511,2.4640269015229057,-0.16278112867447064
0,-0.5132005625023696,0.8273772438659699,-0.47454519624983954,-0.4736736092984604,-0.4989475622371262,0.5446511676720712,0.96425644365423,-0.1524576244513169,-0.6244040257055189,-0.5132005625023696,0.8273772438659699,-0.47454519624983954,-0.4736736092984604,-0.4989475622371262,0.5446511676720712,0.96425644365423,-0.1524576244513169,-0.6244040257055189,-0.7026156693502464,-0.10897961991693256,-0.3760014818308347,-0.3895323082701867,-0.4403899708168775,-0.11769538751269615,0.07652483792874709,-0.39961675903675276,-0.5751388831691735,0.8635041745453002,-0.4030649954631285,-0.4194008220350217,-0.571347415835755,0.7925352191037062,1.3577269342345568,0.3560796814594294,-0.3576753639798948,-0.2328872501475753,-0.28708333828187355,-0.32078666523533045,-0.39610534423349997,-0.38113017778990566,-0.3694246287326534,-0.2751579580367754,-0.2900883232983121,-0.2955781683826058,-0.3888554871521795,-0.41265547100857053,-0.2943754514063852,-0.3658086479243954,-0.19836401418550262,-0.33212765423625973,-0.41485036472765574,-0.41141638583294937,-0.4123594838653976,0.5449215208897721,1.1227307914744915,0.2690969755635181,-0.337529114616601,0.9989187709831968,0.3979510692708079,-0.22342026433344614,-0.45345512765364804,-0.4590224637410178,-0.4271559153457235,-0.7376951317802901,0.7376951317802901,-0.4820426798824101,-0.3075623426146228,0.6158384251930635,-0.13085598064755344,-0.2359813632291101,-0.2662958158485814,-0.19611613513818404,-0.19300937626135234,-0.12168146174384352,-0.06715342778730747,-0.03352007615769955,0.5449249778098338,-0.21680296415038888,-0.5118980953829163,0.8505317485662419,-0.40583972495671383,-0.16278112867447064,0.8119223343984152,-0.1699069165076462,-0.2081478487327801,-0.6981970580620328,-0.7376951317802901,0.7376951317802901,-0.7376951317802901,0.7376951317802901,-0.7376951317802901,0.7376951317802901,-0.7376951317802901,0.7376951317802901,-0.4820426798824101,-0.3075623426146228,0.6158384251930635,-0.4820426798824101,-0.3075623426146228,0.6158384251930635,-0.4820426798824101,-0.3075623426146228,0.6158384251930635,-0.13085598064755344,-0.2359813632291101,-0.2662958158485814,-0.19611613513818404,-0.19300937626135234,-0.12168146174384352,-0.06715342778730747,-0.03352007615769955,0.5449249778098338,-0.13085598064755344,-0.2359813632291101,-0.2662958158485814,-0.19611613513818404,-0.19300937626135234,-0.12168146174384352,-0.06715342778730747,-0.03352007615769955,0.5449249778098338,-0.21680296415038888,-0.5118980953829163,0.8505317485662419,-0.40583972495671383,-0.16278112867447064
0,-0.5093126794531092,-0.3693648410115938,0.4327933656785018,0.7676298785983874,-0.11646779040628442,0.5446511676720712,0.96425644365423,1.2266260647479035,0.48939774987729867,-0.5093126794531092,-0.3693648410115938,0.4327933656785018,0.7676298785983874,-0.11646779040628442,0.5446511676720712,0.96425644365423,1.2266260647479035,0.48939774987729867,-0.699960971458522,-0.533464172249116,0.16992288625940163,0.3328920172371444,-0.22302905054819544,-0.11421319344545058,0.08047922797049428,0.27297389798382715,0.0017227222667365088,-0.5892568139740777,0.2247862474698217,0.5195090584504164,0.028469648884860296,-0.04105904351514409,0.42799519961826915,0.9251684638457104,0.2263602181326639,-0.07639966350995119,0.2184329747796864,0.008135739352004802,0.5281575091431288,0.770770541893495,1.3294519864972518,0.048706956904792466,0.07498045644575013,0.07418983295400972,0.9624460102277982,1.4694387837410756,1.4171320670477043,0.26748572765974243,-0.16209288333514058,0.399931507946359,0.35434580885804934,0.1703567166110266,-0.11768590425252776,0.5449215208897721,1.1227307914744915,1.64580281371634,0.7393377686336078,0.9989187709831968,1.8822836089980008,1.0640991990364888,1.3385767425636153,1.5253977943533386,0.08106764742915833,-0.7376951317802901,0.7376951317802901,-0.4820426798824101,-0.3075623426146228,0.6158384251930635,-0.13085598064755344,-0.2359813632291101,-0.2662958158485814,-0.19611613513818404,-0.19300937626135234,-0.12168146174384352,-0.06715342778730747,-0.03352007615769955,0.5449249778098338,-0.21680296415038888,-0.5118980953829163,0.8505317485662419,-0.40583972495671383,-0.16278112867447064,-1.2316448970959013,-0.1699069165076462,-0.2081478487327801,1.4322604033532795,-0.7376951317802901,0.7376951317802901,-0.7376951317802901,0.7376951317802901,-0.7376951317802901,0.7376951317802901,-0.7376951317802901,0.7376951317802901,-0.4820426798824101,-0.3075623426146228,0.6158384251930635,-0.4820426798824101,-0.3075623426146228,0.6158384251930635,-0.4820426798824101,-0.3075623426146228,0.6158384251930635,-0.13085598064755344,-0.2359813632291101,-0.2662958158485814,-0.19611613513818404,-0.19300937626135234,-0.12168146174384352,-0.06715342778730747,-0.03352007615769955,0.5449249778098338,-0.13085598064755344,-0.2359813632291101,-0.2662958158485814,-0.19611613513818404,-0.19300937626135234,-0.12168146174384352,-0.06715342778730747,-0.03352007615769955,0.5449249778098338,-0.21680296415038888,-0.5118980953829163,0.8505317485662419,-0.40583972495671383,-0.16278112867447064
1,-0.5054247964038489,0.8273772438659699,-0.47454519624983954,-0.4736736092984604,-0.4989475622371262,0.5446511676720712,-0.5095104222433947,-0.1524576244513169,-0.6244040257055189,-0.5054247964038489,0.8273772438659699,-0.47454519624983954,-0.4736736092984604,-0.4989475622371262,0.5446511676720712,-0.5095104222433947,-0.1524576244513169,-0.6244040257055189,-0.6972978325560131,-0.10081645544900596,-0.3760014818308347,-0.3895323082701867,-0.43988211819942724,-0.11073099937820502,-0.5774665321537262,-0.3953598561442175,-0.573310478714543,0.8635041745453002,-0.4030649954631285,-0.4194008220350217,-0.571347415835755,0.7925352191037062,-0.11969588642374947,0.3560796814594294,-0.3576753639798948,-0.2328872501475753,-0.28708333828187355,-0.32078666523533045,-0.39610534423349997,-0.38113017778990566,-0.3694246287326534,-0.2751579580367754,-0.2900883232983121,-0.2955781683826058,-0.3888554871521795,-0.41265547100857053,-0.2943754514063852,-0.3658086479243954,-0.19836401418550262,-0.33212765423625973,-0.5649596120861907,-0.41141638583294937,-0.4123594838653976,0.5449215208897721,-0.14575511629852972,0.2690969755635181,-0.337529114616601,-0.7538678336953983,-0.3882924910983312,-0.564416590908148,-0.45345512765364804,-0.4590224637410178,-0.4271559153457235,1.3555735383351193,-1.3555735383351195,-0.4820426798824101,-0.3075623426146228,0.6158384251930635,-0.13085598064755344,-0.2359813632291101,-0.2662958158485814,-0.19611613513818404,-0.19300937626135234,-0.12168146174384352,-0.06715342778730747,-0.03352007615769955,0.5449249778098338,-0.21680296415038888,1.9535138126504805,-1.175735064194511,-0.40583972495671383,-0.16278112867447064,0.8119223343984152,-0.1699069165076462,-0.2081478487327801,-0.6981970580620328,1.3555735383351193,-1.3555735383351195,1.3555735383351193,-1.3555735383351195,1.3555735383351193,-1.3555735383351195,1.3555735383351193,-1.3555735383351195,-0.4820426798824101,-0.3075623426146228,0.6158384251930635,-0.4820426798824101,-0.3075623426146228,0.6158384251930635,-0.4820426798824101,-0.3075623426146228,0.6158384251930635,-0.13085598064755344,-0.2359813632291101,-0.2662958158485814,-0.19611613513818404,-0.19300937626135234,-0.12168146174384352,-0.06715342778730747,-0.03352007615769955,0.5449249778098338,-0.13085598064755344,-0.2359813632291101,-0.2662958158485814,-0.19611613513818404,-0.19300937626135234,-0.12168146174384352,-0.06715342778730747,-0.03352007615769955,0.5449249778098338,-0.21680296415038888,1.9535138126504805,-1.175735064194511,-0.40583972495671383,-0.16278112867447064
1,-0.5015369133545884,-0.3693648410115938,0.4327933656785018,-0.4736736092984604,-0.11646779040628442,0.5446511676720712,-0.5095104222433947,-0.497228546751122,-0.0675031379141101,-0.5015369133545884,-0.3693648410115938,0.4327933656785018,-0.4736736092984604,-0.11646779040628442,0.5446511676720712,-0.5095104222433947,-0.497228546751122,-0.0675031379141101,-0.6946262526427197,-0.5280220626038317,0.17338907272346663,-0.3895323082701867,-0.22114274082623758,-0.10724880531095946,-0.5756067628403523,-0.5619111818146617,-0.28259417042829993,-0.5892568139740777,0.2247862474698217,-0.4194008220350217,0.028469648884860296,-0.04105904351514409,-0.5569533474872684,-0.4975534921199921,-0.1629968366090419,-0.07639966350995119,-0.28708333828187355,0.008135739352004802,0.5281575091431288,0.16061446244642888,0.2676541019785611,-0.05924801474239681,-0.2900883232983121,-0.2955781683826058,-0.3888554871521795,-0.41265547100857053,-0.2943754514063852,-0.3658086479243954,-0.16209288333514058,0.399931507946359,-0.20320282418793778,-0.24981274626517824,-0.22559453904033924,0.5449215208897721,-0.14575511629852972,-0.07507948397468743,0.20090432700850336,-0.7538678336953983,-0.5628147359378447,-0.26165318579788244,-0.714793108726999,-0.26058043793158214,-0.23657207930514282,1.3555735383351193,-1.3555735383351195,-0.4820426798824101,-0.3075623426146228,0.6158384251930635,-0.13085598064755344,-0.2359813632291101,-0.2662958158485814,-0.19611613513818404,-0.19300937626135234,-0.12168146174384352,-0.06715342778730747,-0.03352007615769955,0.5449249778098338,-0.21680296415038888,-0.5118980953829163,-1.175735064194511,2.4640269015229057,-0.16278112867447064,-1.2316448970959013,-0.1699069165076462,-0.2081478487327801,1.4322604033532795,1.3555735383351193,-1.3555735383351195,1.3555735383351193,-1.3555735383351195,1.3555735383351193,-1.3555735383351195,1.3555735383351193,-1.3555735383351195,-0.4820426798824101,-0.3075623426146228,0.6158384251930635,-0.4820426798824101,-0.3075623426146228,0.6158384251930635,-0.4820426798824101,-0.3075623426146228,0.6158384251930635,-0.13085598064755344,-0.2359813632291101,-0.2662958158485814,-0.19611613513818404,-0.19300937626135234,-0.12168146174384352,-0.06715342778730747,-0.03352007615769955,0.5449249778098338,-0.13085598064755344,-0.2359813632291101,-0.2662958158485814,-0.19611613513818404,-0.19300937626135234,-0.12168146174384352,-0.06715342778730747,-0.03352007615769955,0.5449249778098338,-0.21680296415038888,-0.5118980953829163,-1.175735064194511,2.4640269015229057,-0.16278112867447064
0,-0.49764903030532803,-0.3693648410115938,-0.47454519624983954,-0.4736736092984604,-0.35803396208892135,0.5446511676720712,0.96425644365423,1.5713969870477085,-0.6244040257055189,-0.49764903030532803,-0.3693648410115938,-0.47454519624983954,-0.4736736092984604,-0.35803396208892135,0.5446511676720712,0.96425644365423,1.5713969870477085,-0.6244040257055189,-0.6919462317186418,-0.5253010077811895,-0.3760014818308347,-0.3895323082701867,-0.3586256994073966,-0.1037666112437139,0.09234239809573588,0.4549564966397119,-0.5714820742599125,-0.5892568139740777,-0.4030649954631285,-0.4194008220350217,-0.43590485283432573,-0.04105904351514409,0.42799519961826915,1.209712855038851,-0.5523538913507477,-0.2328872501475753,-0.28708333828187355,-0.32078666523533045,-0.39610534423349997,-0.38113017778990566,-0.3694246287326534,-0.2751579580367754,-0.2900883232983121,-0.2955781683826058,-0.3888554871521795,-0.41265547100857053,-0.2943754514063852,-0.3658086479243954,-0.18986025623493927,-0.06242164711634756,-0.13146230077502755,-0.09467325228011798,-0.383307159114833,0.5449215208897721,1.1227307914744915,1.9899792732545456,-0.337529114616601,0.9989187709831968,2.2533667439297993,-0.22342026433344614,1.973254696598896,0.0370826007825713,-0.4271559153457235,-0.7376951317802901,0.7376951317802901,-0.4820426798824101,-0.3075623426146228,0.6158384251930635,-0.13085598064755344,-0.2359813632291101,-0.2662958158485814,-0.19611613513818404,-0.19300937626135234,-0.12168146174384352,-0.06715342778730747,-0.03352007615769955,0.5449249778098338,-0.21680296415038888,-0.5118980953829163,-1.175735064194511,-0.40583972495671383,6.1432182473669785,0.8119223343984152,-0.1699069165076462,-0.2081478487327801,-0.6981970580620328,-0.7376951317802901,0.7376951317802901,-0.7376951317802901,0.7376951317802901,-0.7376951317802901,0.7376951317802901,-0.7376951317802901,0.7376951317802901,-0.4820426798824101,-0.3075623426146228,0.6158384251930635,-0.4820426798824101,-0.3075623426146228,0.6158384251930635,-0.4820426798824101,-0.3075623426146228,0.6158384251930635,-0.13085598064755344,-0.2359813632291101,-0.2662958158485814,-0.19611613513818404,-0.19300937626135234,-0.12168146174384352,-0.06715342778730747,-0.03352007615769955,0.5449249778098338,-0.13085598064755344,-0.2359813632291101,-0.2662958158485814,-0.19611613513818404,-0.19300937626135234,-0.12168146174384352,-0.06715342778730747,-0.03352007615769955,0.5449249778098338,-0.21680296415038888,-0.5118980953829163,-1.175735064194511,-0.40583972495671383,6.1432182473669785
1,-0.4937611472560677,-1.5661069258891576,-0.47454519624983954,2.0089333664952354,2.6615431839440404,-1.747233654090395,-0.5095104222433947,0.19231329784848822,1.0462986376687076,-0.4937611472560677,-1.5661069258891576,-0.47454519624983954,2.0089333664952354,2.6615431839440404,-1.747233654090395,-0.5095104222433947,0.19231329784848822,1.0462986376687076,-0.6892577697837794,-0.9565881971699784,-0.3760014818308347,1.0736636272018045,1.3776498492808873,-1.1081289091441482,-0.5718872242136045,-0.21923049896556876,0.30432365950807755,-1.4609134070857044,-0.4030649954631285,0.5195090584504164,2.1955506569077285,-1.6309715720209197,-0.9942108085507874,-0.6398256877165623,-0.1629968366090419,-0.2328872501475753,-0.28708333828187355,-0.32078666523533045,-0.39610534423349997,-0.38113017778990566,-0.3694246287326534,-0.2751579580367754,1.1701867956779368,4.369187386940851,-0.13831832590224283,1.3576611153209521,1.8450089466612265,1.3229763536333055,1.354699861316363,-0.016064739721828983,2.4242938458098995,2.148385264920545,2.2812060537226664,-1.8243260033503432,-1.1676099405747105,-0.9480793399236663,-0.6763067632919626,-0.7538678336953983,-0.21377024625881774,0.3438736244226488,-0.1174491519879112,1.1285137427344674,0.52576326485718,1.3555735383351193,-1.3555735383351195,-0.4820426798824101,-0.3075623426146228,0.6158384251930635,-0.13085598064755344,-0.2359813632291101,3.755222352305419,-0.19611613513818404,-0.19300937626135234,-0.12168146174384352,-0.06715342778730747,-0.03352007615769955,-1.8351149988007645,-0.21680296415038888,1.9535138126504805,-1.175735064194511,-0.40583972495671383,-0.16278112867447064,-1.2316448970959013,-0.1699069165076462,-0.2081478487327801,1.4322604033532795,1.3555735383351193,-1.3555735383351195,1.3555735383351193,-1.3555735383351195,1.3555735383351193,-1.3555735383351195,1.3555735383351193,-1.3555735383351195,-0.4820426798824101,-0.3075623426146228,0.6158384251930635,-0.4820426798824101,-0.3075623426146228,0.6158384251930635,-0.4820426798824101,-0.3075623426146228,0.6158384251930635,-0.13085598064755344,-0.2359813632291101,3.755222352305419,-0.19611613513818404,-0.19300937626135234,-0.12168146174384352,-0.06715342778730747,-0.03352007615769955,-1.8351149988007645,-0.13085598064755344,-0.2359813632291101,3.755222352305419,-0.19611613513818404,-0.19300937626135234,-0.12168146174384352,-0.06715342778730747,-0.03352007615769955,-1.8351149988007645,-0.21680296415038888,1.9535138126504805,-1.175735064194511,-0.40583972495671383,-0.16278112867447064
1,-0.4898732642068073,-1.5661069258891576,0.4327933656785018,0.7676298785983874,2.0576277547374477,-1.8792661492571456,-1.3133832581875537,0.8818551424480984,1.6031995254601163,-0.4898732642068073,-1.5661069258891576,0.4327933656785018,0.7676298785983874,2.0576277547374477,-1.8792661492571456,-1.3133832581875537,0.8818551424480984,1.6031995254601163,-0.6865608668381326,-0.9552276697586574,0.1785883524195641,0.34435907002297506,1.035357185119458,-1.1660487169727118,-0.9356339820344821,0.12398229674509108,0.600525181158212,-1.4609134070857044,-0.0891393739966534,0.0500541182076973,1.6150825297587459,-1.6745420808165796,-1.2628331395795704,-0.35528129652342183,0.031681690761811,-0.07639966350995119,0.2184329747796864,1.3744288045609359,-0.35873376929420825,-0.17219794452469814,1.1170924095935137,0.264616900199171,0.07498045644575013,1.6101492231214896,-0.33421706368809756,-0.07128042961738269,1.2031936272409431,0.6896819780491676,0.8375325410576123,-0.3930755882205284,0.2857244386370048,2.5297698543004845,2.3393107032237954,-1.8409560124108695,-1.254453953667688,-1.010194026408372,-0.7671076691281488,-1.177626087863427,-0.6152309732957872,-0.2833529520344544,0.7785667831207204,2.6168289363052346,1.097514772978922,1.3555735383351193,-1.3555735383351195,2.0745051044939435,-0.3075623426146228,-1.6238025415294657,-0.13085598064755344,-0.2359813632291101,-0.2662958158485814,-0.19611613513818404,5.181095444015676,-0.12168146174384352,-0.06715342778730747,-0.03352007615769955,-1.8351149988007645,-0.21680296415038888,-0.5118980953829163,-1.175735064194511,2.4640269015229057,-0.16278112867447064,-1.2316448970959013,-0.1699069165076462,-0.2081478487327801,1.4322604033532795,1.3555735383351193,-1.3555735383351195,1.3555735383351193,-1.3555735383351195,1.3555735383351193,-1.3555735383351195,1.3555735383351193,-1.3555735383351195,2.0745051044939435,-0.3075623426146228,-1.6238025415294657,2.0745051044939435,-0.3075623426146228,-1.6238025415294657,2.0745051044939435,-0.3075623426146228,-1.6238025415294657,-0.13085598064755344,-0.2359813632291101,-0.2662958158485814,-0.19611613513818404,5.181095444015676,-0.12168146174384352,-0.06715342778730747,-0.03352007615769955,-1.8351149988007645,-0.13085598064755344,-0.2359813632291101,-0.2662958158485814,-0.19611613513818404,5.181095444015676,-0.12168146174384352,-0.06715342778730747,-0.03352007615769955,-1.8351149988007645,-0.21680296415038888,-0.5118980953829163,-1.175735064194511,2.4640269015229057,-0.16278112867447064
0,-0.4859853811575469,0.8273772438659699,-0.47454519624983954,-0.4736736092984604,-0.4989475622371262,0.5446511676720712,0.96425644365423,-0.841999469050927,-0.6244040257055189,-0.4859853811575469,0.8273772438659699,-0.47454519624983954,-0.4736736092984604,-0.4989475622371262,0.5446511676720712,0.96425644365423,-0.841999469050927,-0.6244040257055189,-0.6838555228817011,-0.08040854427918943,-0.3760014818308347,-0.3895323082701867,-0.43861248665580177,-0.09332002904197721,0.10420556822097747,-0.7263340560388383,-0.5687394675779669,0.8635041745453002,-0.4030649954631285,-0.4194008220350217,-0.571347415835755,0.7925352191037062,1.3577269342345568,-0.4975534921199921,-0.3576753639798948,-0.2328872501475753,-0.28708333828187355,-0.32078666523533045,-0.39610534423349997,-0.38113017778990566,-0.3694246287326534,-0.2751579580367754,-0.2900883232983121,-0.2955781683826058,-0.3888554871521795,-0.41265547100857053,-0.2943754514063852,-0.3658086479243954,-0.19836401418550262,-0.33212765423625973,-0.41485036472765574,-0.45666540491192525,-0.4123594838653976,0.5449215208897721,1.1227307914744915,-0.41925594351289297,-0.337529114616601,0.9989187709831968,-0.34421520059278854,-0.22342026433344614,-0.9014630952079639,-0.6574644895504534,-0.4271559153457235,-0.7376951317802901,0.7376951317802901,-0.4820426798824101,-0.3075623426146228,0.6158384251930635,-0.13085598064755344,-0.2359813632291101,-0.2662958158485814,-0.19611613513818404,-0.19300937626135234,-0.12168146174384352,-0.06715342778730747,-0.03352007615769955,0.5449249778098338,-0.21680296415038888,-0.5118980953829163,0.8505317485662419,-0.40583972495671383,-0.16278112867447064,0.8119223343984152,-0.1699069165076462,-0.2081478487327801,-0.6981970580620328,-0.7376951317802901,0.7376951317802901,-0.7376951317802901,0.7376951317802901,-0.7376951317802901,0.7376951317802901,-0.7376951317802901,0.7376951317802901,-0.4820426798824101,-0.3075623426146228,0.6158384251930635,-0.4820426798824101,-0.3075623426146228,0.6158384251930635,-0.4820426798824101,-0.3075623426146228,0.6158384251930635,-0.13085598064755344,-0.2359813632291101,-0.2662958158485814,-0.19611613513818404,-0.19300937626135234,-0.12168146174384352,-0.06715342778730747,-0.03352007615769955,0.5449249778098338,-0.13085598064755344,-0.2359813632291101,-0.2662958158485814,-0.19611613513818404,-0.19300937626135234,-0.12168146174384352,-0.06715342778730747,-0.03352007615769955,0.5449249778098338,-0.21680296415038888,-0.5118980953829163,0.8505317485662419,-0.40583972495671383,-0.16278112867447064
0,-0.48209749810828656,0.8273772438659699,-0.47454519624983954,-0.4736736092984604,-0.4989475622371262,0.5446511676720712,0.96425644365423,-0.1524576244513169,-0.6244040257055189,-0.48209749810828656,0.8273772438659699,-0.47454519624983954,-0.4736736092984604,-0.4989475622371262,0.5446511676720712,0.96425644365423,-0.1524576244513169,-0.6244040257055189,-0.6811417379144853,-0.07632696204522614,-0.3760014818308347,-0.3895323082701867,-0.4383585603470767,-0.08983783497473165,0.10815995826272468,-0.3825891474666115,-0.5678252653506516,0.8635041745453002,-0.4030649954631285,-0.4194008220350217,-0.571347415835755,0.7925352191037062,1.3577269342345568,0.3560796814594294,-0.3576753639798948,-0.2328872501475753,-0.28708333828187355,-0.32078666523533045,-0.39610534423349997,-0.38113017778990566,-0.3694246287326534,-0.2751579580367754,-0.2900883232983121,-0.2955781683826058,-0.3888554871521795,-0.41265547100857053,-0.2943754514063852,-0.3658086479243954,-0.19836401418550262,-0.33212765423625973,-0.41485036472765574,-0.41141638583294937,-0.4123594838653976,0.5449215208897721,1.1227307914744915,0.2690969755635181,-0.337529114616601,0.9989187709831968,0.3979510692708079,-0.22342026433344614,-0.45345512765364804,-0.4590224637410178,-0.4271559153457235,-0.7376951317802901,0.7376951317802901,-0.4820426798824101,-0.3075623426146228,0.6158384251930635,-0.13085598064755344,-0.2359813632291101,-0.2662958158485814,-0.19611613513818404,-0.19300937626135234,-0.12168146174384352,-0.06715342778730747,-0.03352007615769955,0.5449249778098338,-0.21680296415038888,-0.5118980953829163,0.8505317485662419,-0.40583972495671383,-0.16278112867447064,0.8119223343984152,-0.1699069165076462,-0.2081478487327801,-0.6981970580620328,-0.7376951317802901,0.7376951317802901,-0.7376951317802901,0.7376951317802901,-0.7376951317802901,0.7376951317802901,-0.7376951317802901,0.7376951317802901,-0.4820426798824101,-0.3075623426146228,0.6158384251930635,-0.4820426798824101,-0.3075623426146228,0.6158384251930635,-0.4820426798824101,-0.3075623426146228,0.6158384251930635,-0.13085598064755344,-0.2359813632291101,-0.2662958158485814,-0.19611613513818404,-0.19300937626135234,-0.12168146174384352,-0.06715342778730747,-0.03352007615769955,0.5449249778098338,-0.13085598064755344,-0.2359813632291101,-0.2662958158485814,-0.19611613513818404,-0.19300937626135234,-0.12168146174384352,-0.06715342778730747,-0.03352007615769955,0.5449249778098338,-0.21680296415038888,-0.5118980953829163,0.8505317485662419,-0.40583972495671383,-0.16278112867447064
1,-0.47820961505902615,-0.3693648410115938,-0.47454519624983954,-0.4736736092984604,-0.3982949907026942,0.5446511676720712,-1.5500791487711116,0.19231329784848822,-0.6244040257055189,-0.47820961505902615,-0.3693648410115938,-0.47454519624983954,-0.4736736092984604,-0.3982949907026942,0.5446511676720712,-1.5500791487711116,0.19231329784848822,-0.6244040257055189,-0.678419511936485,-0.5116957336679784,-0.3760014818308347,-0.3895323082701867,-0.3795202070967759,-0.0863556409074861,-1.0421422724044949,-0.20858824173423046,-0.5669110631233364,-0.5892568139740777,-0.4030649954631285,-0.4194008220350217,-0.5133006031208568,-0.04105904351514409,-1.2523867155951176,0.0715352902662889,-0.5523538913507477,-0.2328872501475753,-0.28708333828187355,-0.32078666523533045,-0.39610534423349997,-0.38113017778990566,-0.3694246287326534,-0.2751579580367754,-0.2900883232983121,-0.2955781683826058,-0.3888554871521795,-0.41265547100857053,-0.2943754514063852,-0.3658086479243954,-0.19286838829908412,-0.1394805062934653,-0.651451130802299,-0.30799005650957584,-0.39160782332928,0.5449215208897721,-1.0413830451200872,0.6132734351017236,-0.337529114616601,-1.2307930204368625,-0.9076897521906716,-0.8051806639139224,-0.1174491519879112,-0.3598014508363,-0.4271559153457235,1.3555735383351193,-1.3555735383351195,-0.4820426798824101,3.2513733362117265,-1.6238025415294657,-0.13085598064755344,-0.2359813632291101,-0.2662958158485814,-0.19611613513818404,-0.19300937626135234,-0.12168146174384352,-0.06715342778730747,-0.03352007615769955,0.5449249778098338,-0.21680296415038888,1.9535138126504805,-1.175735064194511,-0.40583972495671383,-0.16278112867447064,0.8119223343984152,-0.1699069165076462,-0.2081478487327801,-0.6981970580620328,1.3555735383351193,-1.3555735383351195,1.3555735383351193,-1.3555735383351195,1.3555735383351193,-1.3555735383351195,1.3555735383351193,-1.3555735383351195,-0.4820426798824101,3.2513733362117265,-1.6238025415294657,-0.4820426798824101,3.2513733362117265,-1.6238025415294657,-0.4820426798824101,3.2513733362117265,-1.6238025415294657,-0.13085598064755344,-0.2359813632291101,-0.2662958158485814,-0.19611613513818404,-0.19300937626135234,-0.12168146174384352,-0.06715342778730747,-0.03352007615769955,0.5449249778098338,-0.13085598064755344,-0.2359813632291101,-0.2662958158485814,-0.19611613513818404,-0.19300937626135234,-0.12168146174384352,-0.06715342778730747,-0.03352007615769955,0.5449249778098338,-0.21680296415038888,1.9535138126504805,-1.175735064194511,-0.40583972495671383,-0.16278112867447064
1,-0.4743217320097658,-0.3693648410115938,0.4327933656785018,0.7676298785983874,-0.056076247485625196,0.5446511676720712,-0.5095104222433947,-0.841999469050927,0.48939774987729867,-0.4743217320097658,-0.3693648410115938,0.4327933656785018,0.7676298785983874,-0.056076247485625196,0.5446511676720712,-0.5095104222433947,-0.841999469050927,0.48939774987729867,-0.6756888449477001,-0.5089746788453362,0.1855207253476941,0.35353271225163957,-0.17928117507355748,-0.08287344684024053,-0.5625883776467351,-0.7231413788694367,0.026406182404247712,-0.5892568139740777,0.2247862474698217,0.5195090584504164,0.14456327431465682,-0.04105904351514409,-0.5569533474872684,-0.7820978833131326,0.2263602181326639,-0.07639966350995119,0.2184329747796864,0.04608832449669733,0.5281575091431288,0.16061446244642888,0.055294525074822944,0.048706956904792466,0.07498045644575013,0.11685537156977305,0.9624460102277982,0.4725028221561908,0.13350142820713717,0.26748572765974243,-0.15254784890083478,0.5155197967120356,-0.14608333136189783,-0.3144542020922867,-0.08033291528751609,0.5449215208897721,-0.14575511629852972,-0.41925594351289297,0.7393377686336078,-0.7538678336953983,-0.7373369807773581,0.04111021931238319,-0.9014630952079639,-0.26058043793158214,0.08106764742915833,1.3555735383351193,-1.3555735383351195,-0.4820426798824101,-0.3075623426146228,0.6158384251930635,-0.13085598064755344,-0.2359813632291101,-0.2662958158485814,-0.19611613513818404,-0.19300937626135234,-0.12168146174384352,-0.06715342778730747,-0.03352007615769955,0.5449249778098338,-0.21680296415038888,-0.5118980953829163,-1.175735064194511,2.4640269015229057,-0.16278112867447064,-1.2316448970959013,-0.1699069165076462,-0.2081478487327801,1.4322604033532795,1.3555735383351193,-1.3555735383351195,1.3555735383351193,-1.3555735383351195,1.3555735383351193,-1.3555735383351195,1.3555735383351193,-1.3555735383351195,-0.4820426798824101,-0.3075623426146228,0.6158384251930635,-0.4820426798824101,-0.3075623426146228,0.6158384251930635,-0.4820426798824101,-0.3075623426146228,0.6158384251930635,-0.13085598064755344,-0.2359813632291101,-0.2662958158485814,-0.19611613513818404,-0.19300937626135234,-0.12168146174384352,-0.06715342778730747,-0.03352007615769955,0.5449249778098338,-0.13085598064755344,-0.2359813632291101,-0.2662958158485814,-0.19611613513818404,-0.19300937626135234,-0.12168146174384352,-0.06715342778730747,-0.03352007615769955,0.5449249778098338,-0.21680296415038888,-0.5118980953829163,-1.175735064194511,2.4640269015229057,-0.16278112867447064
0,-0.47043384896050544,0.8273772438659699,6.784163299176891,2.0089333664952354,0.7491443247898313,0.5446511676720712,0.96425644365423,-0.841999469050927,4.944604852208569,-0.47043384896050544,0.8273772438659699,6.784163299176891,2.0089333664952354,0.7491443247898313,0.5446511676720712,0.96425644365423,-0.841999469050927,4.944604852208569,-0.6729497369481307,-0.06408221534333623,4.130040921453656,1.101184553887798,0.2933482358377673,-0.07939125277299497,0.12002312838796626,-0.7220771531463029,2.406074580105791,0.8635041745453002,7.131149919732275,2.3973288194212925,3.027554972487937,0.7925352191037062,1.3577269342345568,-0.4975534921199921,5.482680457145692,9.782318294660367,7.801177670703085,6.662489001388096,6.99799748277953,8.8340755796773,3.028328601727157,9.224879546915881,1.1701867956779368,1.6670366079425074,2.313747507607776,3.351533038490722,0.5613783078206596,4.278350106359282,0.07421902978085455,2.056696980254391,2.0951582017099084,-0.05588837878385292,2.708690260766689,0.5449215208897721,1.1227307914744915,-0.41925594351289297,5.046805301634443,0.9989187709831968,-0.34421520059278854,6.214177052516229,-0.9014630952079639,1.3269557685439028,7.196197526277503,-0.7376951317802901,0.7376951317802901,-0.4820426798824101,-0.3075623426146228,0.6158384251930635,-0.13085598064755344,-0.2359813632291101,-0.2662958158485814,-0.19611613513818404,-0.19300937626135234,-0.12168146174384352,-0.06715342778730747,-0.03352007615769955,0.5449249778098338,-0.21680296415038888,-0.5118980953829163,0.8505317485662419,-0.40583972495671383,-0.16278112867447064,-1.2316448970959013,5.885575587824865,-0.2081478487327801,-0.6981970580620328,-0.7376951317802901,0.7376951317802901,-0.7376951317802901,0.7376951317802901,-0.7376951317802901,0.7376951317802901,-0.7376951317802901,0.7376951317802901,-0.4820426798824101,-0.3075623426146228,0.6158384251930635,-0.4820426798824101,-0.3075623426146228,0.6158384251930635,-0.4820426798824101,-0.3075623426146228,0.6158384251930635,-0.13085598064755344,-0.2359813632291101,-0.2662958158485814,-0.19611613513818404,-0.19300937626135234,-0.12168146174384352,-0.06715342778730747,-0.03352007615769955,0.5449249778098338,-0.13085598064755344,-0.2359813632291101,-0.2662958158485814,-0.19611613513818404,-0.19300937626135234,-0.12168146174384352,-0.06715342778730747,-0.03352007615769955,0.5449249778098338,-0.21680296415038888,-0.5118980953829163,0.8505317485662419,-0.40583972495671383,-0.16278112867447064
1,-0.46654596591124503,-1.5661069258891576,-0.47454519624983954,-0.4736736092984604,2.0777582690443346,-1.747233654090395,-1.3133832581875537,0.8818551424480984,1.0462986376687076,-0.46654596591124503,-1.5661069258891576,-0.47454519624983954,-0.4736736092984604,2.0777582690443346,-1.747233654090395,-1.3133832581875537,0.8818551424480984,1.0462986376687076,-0.6702021879377769,-0.9470645052907307,-0.3760014818308347,-0.3895323082701867,1.0763481463850806,-1.1058692605285194,-0.9313304885380059,0.1463310369309015,0.32992132187290396,-1.4609134070857044,-0.4030649954631285,-0.4194008220350217,1.6344314673303788,-1.6309715720209197,-1.2628331395795704,-0.35528129652342183,-0.1629968366090419,-0.2328872501475753,-0.28708333828187355,-0.32078666523533045,-0.39610534423349997,-0.38113017778990566,-0.3694246287326534,-0.2751579580367754,-0.2900883232983121,-0.2955781683826058,-0.3888554871521795,-0.41265547100857053,-0.2943754514063852,-0.3658086479243954,0.8530938396202079,-0.11964582952302377,0.2930674451095219,2.5523943638399724,1.799767529284738,-1.8243260033503432,-1.2317507019144973,-0.8842675308574113,-0.6763067632919626,-1.177626087863427,-0.6152309732957872,-0.4001183608312462,0.7785667831207204,1.92228184597221,0.52576326485718,1.3555735383351193,-1.3555735383351195,2.0745051044939435,-0.3075623426146228,-1.6238025415294657,-0.13085598064755344,-0.2359813632291101,3.755222352305419,-0.19611613513818404,-0.19300937626135234,-0.12168146174384352,-0.06715342778730747,-0.03352007615769955,-1.8351149988007645,-0.21680296415038888,1.9535138126504805,-1.175735064194511,-0.40583972495671383,-0.16278112867447064,0.8119223343984152,-0.1699069165076462,-0.2081478487327801,-0.6981970580620328,1.3555735383351193,-1.3555735383351195,1.3555735383351193,-1.3555735383351195,1.3555735383351193,-1.3555735383351195,1.3555735383351193,-1.3555735383351195,2.0745051044939435,-0.3075623426146228,-1.6238025415294657,2.0745051044939435,-0.3075623426146228,-1.6238025415294657,2.0745051044939435,-0.3075623426146228,-1.6238025415294657,-0.13085598064755344,-0.2359813632291101,3.755222352305419,-0.19611613513818404,-0.19300937626135234,-0.12168146174384352,-0.06715342778730747,-0.03352007615769955,-1.8351149988007645,-0.13085598064755344,-0.2359813632291101,3.755222352305419,-0.19611613513818404,-0.19300937626135234,-0.12168146174384352,-0.06715342778730747,-0.03352007615769955,-1.8351149988007645,-0.21680296415038888,1.9535138126504805,-1.175735064194511,-0.40583972495671383,-0.16278112867447064
0,-0.4626580828619847,0.8273772438659699,-0.47454519624983954,-0.4736736092984604,-0.5190780765440126,0.5446511676720712,0.96425644365423,1.5713969870477085,-0.6244040257055189,-0.4626580828619847,0.8273772438659699,-0.47454519624983954,-0.4736736092984604,-0.5190780765440126,0.5446511676720712,0.96425644365423,1.5713969870477085,-0.6244040257055189,-0.6674461979166385,-0.05591905087540962,-0.3760014818308347,-0.3895323082701867,-0.44895091493960926,-0.07242686463850384,0.12793190847146066,0.4980576384266319,-0.5632542542140755,0.8635041745453002,-0.4030649954631285,-0.4194008220350217,-0.6293942285506533,0.7925352191037062,1.3577269342345568,2.490162615407983,-0.3576753639798948,-0.2328872501475753,-0.28708333828187355,-0.32078666523533045,-0.39610534423349997,-0.38113017778990566,-0.3694246287326534,-0.2751579580367754,-0.2900883232983121,-0.2955781683826058,-0.3888554871521795,-0.41265547100857053,-0.2943754514063852,-0.3658086479243954,-0.19911604720153883,-0.3706570838248186,-0.4553343738637455,-0.32738249325770835,-0.4165098159726211,0.5449215208897721,1.1227307914744915,1.9899792732545456,-0.337529114616601,0.9989187709831968,2.2533667439297993,-0.22342026433344614,1.973254696598896,0.0370826007825713,-0.4271559153457235,-0.7376951317802901,0.7376951317802901,-0.4820426798824101,-0.3075623426146228,0.6158384251930635,-0.13085598064755344,-0.2359813632291101,-0.2662958158485814,-0.19611613513818404,-0.19300937626135234,-0.12168146174384352,-0.06715342778730747,-0.03352007615769955,0.5449249778098338,-0.21680296415038888,-0.5118980953829163,0.8505317485662419,-0.40583972495671383,-0.16278112867447064,0.8119223343984152,-0.1699069165076462,-0.2081478487327801,-0.6981970580620328,-0.7376951317802901,0.7376951317802901,-0.7376951317802901,0.7376951317802901,-0.7376951317802901,0.7376951317802901,-0.7376951317802901,0.7376951317802901,-0.4820426798824101,-0.3075623426146228,0.6158384251930635,-0.4820426798824101,-0.3075623426146228,0.6158384251930635,-0.4820426798824101,-0.3075623426146228,0.6158384251930635,-0.13085598064755344,-0.2359813632291101,-0.2662958158485814,-0.19611613513818404,-0.19300937626135234,-0.12168146174384352,-0.06715342778730747,-0.03352007615769955,0.5449249778098338,-0.13085598064755344,-0.2359813632291101,-0.2662958158485814,-0.19611613513818404,-0.19300937626135234,-0.12168146174384352,-0.06715342778730747,-0.03352007615769955,0.5449249778098338,-0.21680296415038888,-0.5118980953829163,0.8505317485662419,-0.40583972495671383,-0.16278112867447064
1,-0.4587701998127243,-0.3693648410115938,-0.47454519624983954,-0.4736736092984604,-0.37816447639580775,-1.8668102534866975,-0.5095104222433947,0.8818551424480984,-0.6244040257055189,-0.4587701998127243,-0.3693648410115938,-0.47454519624983954,-0.4736736092984604,-0.37816447639580775,-1.8668102534866975,-0.5095104222433947,0.8818551424480984,-0.6244040257055189,-0.6646817668847156,-0.49809045955476744,-0.3760014818308347,-0.3895323082701867,-0.36544543455601347,-1.1592903758244484,-0.5551493003932396,0.1537806169928383,-0.5623400519867602,-0.5892568139740777,-0.4030649954631285,-0.4194008220350217,-0.4746027279775913,-1.6326157421641523,-0.5569533474872684,0.6406240726525699,-0.5523538913507477,-0.2328872501475753,-0.28708333828187355,-0.32078666523533045,-0.39610534423349997,-0.38113017778990566,-0.3694246287326534,-0.2751579580367754,-0.2900883232983121,-0.2955781683826058,-0.3888554871521795,-0.41265547100857053,-0.2943754514063852,-0.3658086479243954,-0.19142217096055295,-0.5791111772398423,-0.45072062643411087,-0.20779579997755776,-0.38745749122205647,-1.8399449636419904,-1.2209241053195545,-0.9983141683375267,-0.8515365815723219,-0.7538678336953983,0.13527424342020916,-0.564416590908148,0.7785667831207204,-0.16135942502686434,-0.4271559153457235,1.3555735383351193,-1.3555735383351195,-0.4820426798824101,-0.3075623426146228,0.6158384251930635,-0.13085598064755344,-0.2359813632291101,-0.2662958158485814,5.099019513592785,-0.19300937626135234,-0.12168146174384352,-0.06715342778730747,-0.03352007615769955,-1.8351149988007645,-0.21680296415038888,-0.5118980953829163,-1.175735064194511,2.4640269015229057,-0.16278112867447064,0.8119223343984152,-0.1699069165076462,-0.2081478487327801,-0.6981970580620328,1.3555735383351193,-1.3555735383351195,1.3555735383351193,-1.3555735383351195,1.3555735383351193,-1.3555735383351195,1.3555735383351193,-1.3555735383351195,-0.4820426798824101,-0.3075623426146228,0.6158384251930635,-0.4820426798824101,-0.3075623426146228,0.6158384251930635,-0.4820426798824101,-0.3075623426146228,0.6158384251930635,-0.13085598064755344,-0.2359813632291101,-0.2662958158485814,5.099019513592785,-0.19300937626135234,-0.12168146174384352,-0.06715342778730747,-0.03352007615769955,-1.8351149988007645,-0.13085598064755344,-0.2359813632291101,-0.2662958158485814,5.099019513592785,-0.19300937626135234,-0.12168146174384352,-0.06715342778730747,-0.03352007615769955,-1.8351149988007645,-0.21680296415038888,-0.5118980953829163,-1.175735064194511,2.4640269015229057,-0.16278112867447064
1,-0.4548823167634639,0.8273772438659699,0.4327933656785018,0.7676298785983874,-0.23725087624760288,0.5446511676720712,-0.5095104222433947,0.19231329784848822,0.48939774987729867,-0.4548823167634639,0.8273772438659699,0.4327933656785018,0.7676298785983874,-0.23725087624760288,0.5446511676720712,-0.5095104222433947,0.19231329784848822,0.48939774987729867,-0.6619088948420082,-0.04775588640748302,0.1941861915078566,0.3649997650374702,-0.28143210155496745,-0.06546247650401273,-0.5532895310798657,-0.19262485588722303,0.04011921581397616,0.8635041745453002,0.5387118689362969,0.9889639986931354,0.18326114945792232,0.7925352191037062,-0.11969588642374947,0.7828962682491402,0.8103958002452226,-0.07639966350995119,0.2184329747796864,-0.06776943093738026,0.5281575091431288,0.16061446244642888,0.6923732557860374,0.048706956904792466,0.07498045644575013,-0.011141244277516945,0.9624460102277982,0.4725028221561908,0.7753167476274208,0.26748572765974243,-0.17805912275252483,0.16875493041500572,-0.31744180984001763,-0.17870714485535896,-0.1923918821825511,0.5449215208897721,-0.14575511629852972,0.6132734351017236,0.7393377686336078,-0.7538678336953983,-0.21377024625881774,0.04111021931238319,-0.1174491519879112,0.6324086782108782,0.08106764742915833,1.3555735383351193,-1.3555735383351195,-0.4820426798824101,-0.3075623426146228,0.6158384251930635,-0.13085598064755344,-0.2359813632291101,-0.2662958158485814,-0.19611613513818404,-0.19300937626135234,-0.12168146174384352,-0.06715342778730747,-0.03352007615769955,0.5449249778098338,-0.21680296415038888,-0.5118980953829163,-1.175735064194511,2.4640269015229057,-0.16278112867447064,-1.2316448970959013,-0.1699069165076462,-0.2081478487327801,1.4322604033532795,1.3555735383351193,-1.3555735383351195,1.3555735383351193,-1.3555735383351195,1.3555735383351193,-1.3555735383351195,1.3555735383351193,-1.3555735383351195,-0.4820426798824101,-0.3075623426146228,0.6158384251930635,-0.4820426798824101,-0.3075623426146228,0.6158384251930635,-0.4820426798824101,-0.3075623426146228,0.6158384251930635,-0.13085598064755344,-0.2359813632291101,-0.2662958158485814,-0.19611613513818404,-0.19300937626135234,-0.12168146174384352,-0.06715342778730747,-0.03352007615769955,0.5449249778098338,-0.13085598064755344,-0.2359813632291101,-0.2662958158485814,-0.19611613513818404,-0.19300937626135234,-0.12168146174384352,-0.06715342778730747,-0.03352007615769955,0.5449249778098338,-0.21680296415038888,-0.5118980953829163,-1.175735064194511,2.4640269015229057,-0.16278112867447064
1,-0.45099443371420356,-1.5661069258891576,-0.47454519624983954,0.7676298785983874,0.5075781531071943,-1.8194778495589943,-1.3133832581875537,-1.1867703913507321,-0.0675031379141101,-0.45099443371420356,-1.5661069258891576,-0.47454519624983954,0.7676298785983874,0.5075781531071943,-1.8194778495589943,-1.3133832581875537,-1.1867703913507321,-0.0675031379141101,-0.6591275817885164,-0.9416223956454464,-0.3760014818308347,0.36729317559463637,0.16221343497473567,-1.137442527051454,-0.9284614928736886,-0.8923532688477156,-0.25882491251810397,-1.4609134070857044,-0.4030649954631285,0.0500541182076973,0.12521433674302407,-1.6548120390977903,-1.2628331395795704,-1.2089144701028434,-0.5523538913507477,-0.2328872501475753,-0.28708333828187355,-0.32078666523533045,-0.39610534423349997,-0.38113017778990566,-0.3694246287326534,-0.2751579580367754,0.07498045644575013,0.5150670653168974,-0.30223359629448865,-0.07128042961738269,-0.080437011599624,0.056387602465029836,-0.01324819485351133,-0.4610530532441298,-0.27968705974681035,-0.3176862748836421,0.03172605160751893,-1.83504312030046,-1.2441732358926583,-1.0855462690291626,-0.8069326278282305,-1.177626087863427,-1.0190742565762996,-0.6336491784248299,-1.0134650870965427,-0.6574644895504534,-0.23657207930514282,1.3555735383351193,-1.3555735383351195,2.0745051044939435,-0.3075623426146228,-1.6238025415294657,-0.13085598064755344,4.237622777986573,-0.2662958158485814,-0.19611613513818404,-0.19300937626135234,-0.12168146174384352,-0.06715342778730747,-0.03352007615769955,-1.8351149988007645,-0.21680296415038888,1.9535138126504805,-1.175735064194511,-0.40583972495671383,-0.16278112867447064,-1.2316448970959013,-0.1699069165076462,-0.2081478487327801,1.4322604033532795,1.3555735383351193,-1.3555735383351195,1.3555735383351193,-1.3555735383351195,1.3555735383351193,-1.3555735383351195,1.3555735383351193,-1.3555735383351195,2.0745051044939435,-0.3075623426146228,-1.6238025415294657,2.0745051044939435,-0.3075623426146228,-1.6238025415294657,2.0745051044939435,-0.3075623426146228,-1.6238025415294657,-0.13085598064755344,4.237622777986573,-0.2662958158485814,-0.19611613513818404,-0.19300937626135234,-0.12168146174384352,-0.06715342778730747,-0.03352007615769955,-1.8351149988007645,-0.13085598064755344,4.237622777986573,-0.2662958158485814,-0.19611613513818404,-0.19300937626135234,-0.12168146174384352,-0.06715342778730747,-0.03352007615769955,-1.8351149988007645,-0.21680296415038888,1.9535138126504805,-1.175735064194511,-0.40583972495671383,-0.16278112867447064
1,-0.44710655066494315,0.8273772438659699,1.340131927606843,-0.4736736092984604,-0.17685933332694367,0.5446511676720712,-1.5500791487711116,0.19231329784848822,0.48939774987729867,-0.44710655066494315,0.8273772438659699,1.340131927606843,-0.4736736092984604,-0.17685933332694367,0.5446511676720712,-1.5500791487711116,0.19231329784848822,0.48939774987729867,-0.65633782772424,-0.03959272193955641,0.7713062377746779,-0.3895323082701867,-0.24395983342453548,-0.058498088369521604,-1.0390955513450428,-0.1873037272715539,0.045604429177867535,0.8635041745453002,1.480488733335722,-0.4194008220350217,0.3574015876026171,0.7925352191037062,-1.1628459385855234,0.7828962682491402,0.8103958002452226,0.39306309640292114,-0.28708333828187355,0.261152973649955,1.4524203625197576,-0.15925523980915432,1.7541711403047282,0.3725718718463603,-0.2900883232983121,-0.2955781683826058,-0.3888554871521795,-0.41265547100857053,-0.2943754514063852,-0.3658086479243954,-0.17059664128570393,0.2843432191806824,-0.6085627744141461,-0.13022605298502762,-0.15503889321753941,0.5449215208897721,-1.0413830451200872,0.6132734351017236,0.7393377686336078,-1.2307930204368625,-0.9076897521906716,-0.6811819997049399,-0.1174491519879112,0.6324086782108782,0.08106764742915833,1.3555735383351193,-1.3555735383351195,-0.4820426798824101,3.2513733362117265,-1.6238025415294657,-0.13085598064755344,-0.2359813632291101,-0.2662958158485814,-0.19611613513818404,-0.19300937626135234,-0.12168146174384352,-0.06715342778730747,-0.03352007615769955,0.5449249778098338,-0.21680296415038888,1.9535138126504805,-1.175735064194511,-0.40583972495671383,-0.16278112867447064,-1.2316448970959013,-0.1699069165076462,-0.2081478487327801,1.4322604033532795,1.3555735383351193,-1.3555735383351195,1.3555735383351193,-1.3555735383351195,1.3555735383351193,-1.3555735383351195,1.3555735383351193,-1.3555735383351195,-0.4820426798824101,3.2513733362117265,-1.6238025415294657,-0.4820426798824101,3.2513733362117265,-1.6238025415294657,-0.4820426798824101,3.2513733362117265,-1.6238025415294657,-0.13085598064755344,-0.2359813632291101,-0.2662958158485814,-0.19611613513818404,-0.19300937626135234,-0.12168146174384352,-0.06715342778730747,-0.03352007615769955,0.5449249778098338,-0.13085598064755344,-0.2359813632291101,-0.2662958158485814,-0.19611613513818404,-0.19300937626135234,-0.12168146174384352,-0.06715342778730747,-0.03352007615769955,0.5449249778098338,-0.21680296415038888,1.9535138126504805,-1.175735064194511,-0.40583972495671383,-0.16278112867447064
0,-0.4432186676156828,-1.5661069258891576,-0.47454519624983954,-0.4736736092984604,-0.07620676179251161,-1.747233654090395,0.96425644365423,1.2266260647479035,-0.6244040257055189,-0.4432186676156828,-1.5661069258891576,-0.47454519624983954,-0.4736736092984604,-0.07620676179251161,-1.747233654090395,0.96425644365423,1.2266260647479035,-0.6244040257055189,-0.6535396326491791,-0.9389013408228041,-0.3760014818308347,-0.3895323082701867,-0.1829086937696303,-1.1039324188579804,0.14770385868019667,0.3453412471569275,-0.5586832430774993,-1.4609134070857044,-0.4030649954631285,-0.4194008220350217,-0.43590485283432573,-1.6309715720209197,-0.5017365349980186,-0.2130091009268516,-0.7470324187216006,-0.2328872501475753,-0.28708333828187355,-0.32078666523533045,-0.39610534423349997,-0.38113017778990566,-0.3694246287326534,-0.2751579580367754,-0.2900883232983121,-0.2955781683826058,-0.3888554871521795,-0.41265547100857053,-0.2943754514063852,-0.3658086479243954,-0.15584522443268586,-0.5018243332722597,0.4353138271302288,0.22206988127271338,-0.32520250961370367,-1.8243260033503432,-1.050018544785101,-0.8523616263242837,-0.8260486080042697,0.9989187709831968,1.8822836089980008,-0.22342026433344614,1.3385767425636153,-0.06213841212214652,-0.4271559153457235,-0.7376951317802901,0.7376951317802901,-0.4820426798824101,-0.3075623426146228,0.6158384251930635,-0.13085598064755344,-0.2359813632291101,3.755222352305419,-0.19611613513818404,-0.19300937626135234,-0.12168146174384352,-0.06715342778730747,-0.03352007615769955,-1.8351149988007645,-0.21680296415038888,-0.5118980953829163,0.8505317485662419,-0.40583972495671383,-0.16278112867447064,0.8119223343984152,-0.1699069165076462,-0.2081478487327801,-0.6981970580620328,-0.7376951317802901,0.7376951317802901,-0.7376951317802901,0.7376951317802901,-0.7376951317802901,0.7376951317802901,-0.7376951317802901,0.7376951317802901,-0.4820426798824101,-0.3075623426146228,0.6158384251930635,-0.4820426798824101,-0.3075623426146228,0.6158384251930635,-0.4820426798824101,-0.3075623426146228,0.6158384251930635,-0.13085598064755344,-0.2359813632291101,3.755222352305419,-0.19611613513818404,-0.19300937626135234,-0.12168146174384352,-0.06715342778730747,-0.03352007615769955,-1.8351149988007645,-0.13085598064755344,-0.2359813632291101,3.755222352305419,-0.19611613513818404,-0.19300937626135234,-0.12168146174384352,-0.06715342778730747,-0.03352007615769955,-1.8351149988007645,-0.21680296415038888,-0.5118980953829163,0.8505317485662419,-0.40583972495671383,-0.16278112867447064
0,-0.43933078456642244,-1.5661069258891576,-0.47454519624983954,0.7676298785983874,2.4401075265682897,-1.747233654090395,0.96425644365423,0.8818551424480984,0.48939774987729867,-0.43933078456642244,-1.5661069258891576,-0.47454519624983954,0.7676298785983874,2.4401075265682897,-1.747233654090395,0.96425644365423,0.8818551424480984,0.48939774987729867,-0.6507329965633338,-0.937540813411483,-0.3760014818308347,0.37417340726613474,1.3280616687055722,-1.1036096119128906,0.15165824872194386,0.1724045671476803,0.05108964254175891,-1.4609134070857044,-0.4030649954631285,0.0500541182076973,1.9827123436197682,-1.6309715720209197,-0.5017365349980186,-0.35528129652342183,-0.3576753639798948,-0.2328872501475753,-0.28708333828187355,-0.32078666523533045,-0.39610534423349997,-0.38113017778990566,-0.3694246287326534,-0.2751579580367754,0.07498045644575013,1.880364301021324,-0.2635869065272112,1.4694387837410756,1.2031936272409431,0.26748572765974243,1.1529814669380338,-0.05535411861193735,5.495814969141446,2.9596355355507558,1.463590628599633,-1.8243260033503432,-1.050018544785101,-0.8842675308574113,-0.7262207115293983,0.9989187709831968,1.5112004740662026,1.0640991990364888,0.7785667831207204,1.227734755639185,0.08106764742915833,-0.7376951317802901,0.7376951317802901,-0.4820426798824101,-0.3075623426146228,0.6158384251930635,-0.13085598064755344,-0.2359813632291101,3.755222352305419,-0.19611613513818404,-0.19300937626135234,-0.12168146174384352,-0.06715342778730747,-0.03352007615769955,-1.8351149988007645,-0.21680296415038888,-0.5118980953829163,0.8505317485662419,-0.40583972495671383,-0.16278112867447064,-1.2316448970959013,-0.1699069165076462,-0.2081478487327801,1.4322604033532795,-0.7376951317802901,0.7376951317802901,-0.7376951317802901,0.7376951317802901,-0.7376951317802901,0.7376951317802901,-0.7376951317802901,0.7376951317802901,-0.4820426798824101,-0.3075623426146228,0.6158384251930635,-0.4820426798824101,-0.3075623426146228,0.6158384251930635,-0.4820426798824101,-0.3075623426146228,0.6158384251930635,-0.13085598064755344,-0.2359813632291101,3.755222352305419,-0.19611613513818404,-0.19300937626135234,-0.12168146174384352,-0.06715342778730747,-0.03352007615769955,-1.8351149988007645,-0.13085598064755344,-0.2359813632291101,3.755222352305419,-0.19611613513818404,-0.19300937626135234,-0.12168146174384352,-0.06715342778730747,-0.03352007615769955,-1.8351149988007645,-0.21680296415038888,-0.5118980953829163,0.8505317485662419,-0.40583972495671383,-0.16278112867447064
0,-0.43544290151716203,0.8273772438659699,1.340131927606843,-0.4736736092984604,-0.2775119048613757,0.5446511676720712,0.96425644365423,-1.1867703913507321,-0.0675031379141101,-0.43544290151716203,0.8273772438659699,1.340131927606843,-0.4736736092984604,-0.2775119048613757,0.5446511676720712,0.96425644365423,-1.1867703913507321,-0.0675031379141101,-0.647917919466704,-0.0273479752376665,0.7817047971668728,-0.3895323082701867,-0.302036407748661,-0.04805150616778492,0.15561263876369105,-0.8902248174014479,-0.2515112946995821,0.8635041745453002,1.480488733335722,-0.4194008220350217,0.0671675240281258,0.7925352191037062,1.3577269342345568,-0.9243700789097029,0.2263602181326639,0.39306309640292114,-0.28708333828187355,0.1346443565009799,1.4524203625197576,1.9226712615768957,0.055294525074822944,0.15666192855198174,-0.2900883232983121,-0.2955781683826058,-0.3888554871521795,-0.41265547100857053,-0.2943754514063852,-0.3658086479243954,-0.1824556234616596,0.09169607123788796,0.030473735769331423,-0.4437371137465036,-0.29199985275591556,0.5449215208897721,1.1227307914744915,-0.7634324030510985,0.20090432700850336,0.9989187709831968,-0.7152983355245868,0.42033946735152133,-1.0134650870965427,-0.6574644895504534,-0.23657207930514282,-0.7376951317802901,0.7376951317802901,-0.4820426798824101,-0.3075623426146228,0.6158384251930635,-0.13085598064755344,-0.2359813632291101,-0.2662958158485814,-0.19611613513818404,-0.19300937626135234,-0.12168146174384352,-0.06715342778730747,-0.03352007615769955,0.5449249778098338,-0.21680296415038888,-0.5118980953829163,0.8505317485662419,-0.40583972495671383,-0.16278112867447064,-1.2316448970959013,-0.1699069165076462,-0.2081478487327801,1.4322604033532795,-0.7376951317802901,0.7376951317802901,-0.7376951317802901,0.7376951317802901,-0.7376951317802901,0.7376951317802901,-0.7376951317802901,0.7376951317802901,-0.4820426798824101,-0.3075623426146228,0.6158384251930635,-0.4820426798824101,-0.3075623426146228,0.6158384251930635,-0.4820426798824101,-0.3075623426146228,0.6158384251930635,-0.13085598064755344,-0.2359813632291101,-0.2662958158485814,-0.19611613513818404,-0.19300937626135234,-0.12168146174384352,-0.06715342778730747,-0.03352007615769955,0.5449249778098338,-0.13085598064755344,-0.2359813632291101,-0.2662958158485814,-0.19611613513818404,-0.19300937626135234,-0.12168146174384352,-0.06715342778730747,-0.03352007615769955,0.5449249778098338,-0.21680296415038888,-0.5118980953829163,0.8505317485662419,-0.40583972495671383,-0.16278112867447064
1,-0.4315550184679017,-1.5661069258891576,0.4327933656785018,-0.4736736092984604,2.0374972404305614,0.5446511676720712,-0.5095104222433947,-0.1524576244513169,-0.0675031379141101,-0.4315550184679017,-1.5661069258891576,0.4327933656785018,-0.4736736092984604,2.0374972404305614,0.5446511676720712,-0.5095104222433947,-0.1524576244513169,-0.0675031379141101,-0.6450944013592896,-0.9348197585888408,0.20458475090005157,-0.3895323082701867,1.0961181232786774,-0.044569312100539354,-0.5421309151996224,-0.35491927866513195,-0.24968289024495166,-1.4609134070857044,-0.0891393739966534,-0.4194008220350217,1.5957335921871132,-0.8746533061339944,-0.9942108085507874,-0.7820978833131326,-0.5523538913507477,-0.07639966350995119,-0.28708333828187355,1.3617779428460384,0.5281575091431288,0.16061446244642888,0.48001367888229923,-0.05924801474239681,-0.2900883232983121,-0.2955781683826058,-0.3888554871521795,-0.41265547100857053,-0.2943754514063852,-0.3658086479243954,0.8220869398820994,4.52258047392216,1.8340590866074868,1.2175483010101833,0.6625765319054937,0.5449215208897721,-0.14575511629852972,0.2690969755635181,0.20090432700850336,-0.7538678336953983,-0.3882924910983312,-0.26165318579788244,-0.45345512765364804,-0.06213841212214652,-0.23657207930514282,1.3555735383351193,-1.3555735383351195,-0.4820426798824101,-0.3075623426146228,0.6158384251930635,-0.13085598064755344,-0.2359813632291101,-0.2662958158485814,-0.19611613513818404,-0.19300937626135234,-0.12168146174384352,-0.06715342778730747,-0.03352007615769955,0.5449249778098338,-0.21680296415038888,-0.5118980953829163,-1.175735064194511,2.4640269015229057,-0.16278112867447064,-1.2316448970959013,-0.1699069165076462,-0.2081478487327801,1.4322604033532795,1.3555735383351193,-1.3555735383351195,1.3555735383351193,-1.3555735383351195,1.3555735383351193,-1.3555735383351195,1.3555735383351193,-1.3555735383351195,-0.4820426798824101,-0.3075623426146228,0.6158384251930635,-0.4820426798824101,-0.3075623426146228,0.6158384251930635,-0.4820426798824101,-0.3075623426146228,0.6158384251930635,-0.13085598064755344,-0.2359813632291101,-0.2662958158485814,-0.19611613513818404,-0.19300937626135234,-0.12168146174384352,-0.06715342778730747,-0.03352007615769955,0.5449249778098338,-0.13085598064755344,-0.2359813632291101,-0.2662958158485814,-0.19611613513818404,-0.19300937626135234,-0.12168146174384352,-0.06715342778730747,-0.03352007615769955,0.5449249778098338,-0.21680296415038888,-0.5118980953829163,-1.175735064194511,2.4640269015229057,-0.16278112867447064
0,-0.4276671354186413,0.8273772438659699,-0.47454519624983954,-0.4736736092984604,-0.4989475622371262,0.5446511676720712,0.96425644365423,0.19231329784848822,-0.6244040257055189,-0.4276671354186413,0.8273772438659699,-0.47454519624983954,-0.4736736092984604,-0.4989475622371262,0.5446511676720712,0.96425644365423,0.19231329784848822,-0.6244040257055189,-0.6422624422410909,-0.019184810769739893,-0.3760014818308347,-0.3895323082701867,-0.43480359202492536,-0.0410871180332938,0.16352141884718546,-0.17400090573238103,-0.5550264341682384,0.8635041745453002,-0.4030649954631285,-0.4194008220350217,-0.571347415835755,0.7925352191037062,1.3577269342345568,0.7828962682491402,-0.3576753639798948,-0.2328872501475753,-0.28708333828187355,-0.32078666523533045,-0.39610534423349997,-0.38113017778990566,-0.3694246287326534,-0.2751579580367754,-0.2900883232983121,-0.2955781683826058,-0.3888554871521795,-0.41265547100857053,-0.2943754514063852,-0.3658086479243954,-0.19836401418550262,-0.33212765423625973,-0.41485036472765574,-0.3887918762934614,-0.4123594838653976,0.5449215208897721,1.1227307914744915,0.6132734351017236,-0.337529114616601,0.9989187709831968,0.7690342042026062,-0.22342026433344614,-0.1174491519879112,-0.3598014508363,-0.4271559153457235,-0.7376951317802901,0.7376951317802901,-0.4820426798824101,-0.3075623426146228,0.6158384251930635,-0.13085598064755344,-0.2359813632291101,-0.2662958158485814,-0.19611613513818404,-0.19300937626135234,-0.12168146174384352,-0.06715342778730747,-0.03352007615769955,0.5449249778098338,-0.21680296415038888,-0.5118980953829163,0.8505317485662419,-0.40583972495671383,-0.16278112867447064,0.8119223343984152,-0.1699069165076462,-0.2081478487327801,-0.6981970580620328,-0.7376951317802901,0.7376951317802901,-0.7376951317802901,0.7376951317802901,-0.7376951317802901,0.7376951317802901,-0.7376951317802901,0.7376951317802901,-0.4820426798824101,-0.3075623426146228,0.6158384251930635,-0.4820426798824101,-0.3075623426146228,0.6158384251930635,-0.4820426798824101,-0.3075623426146228,0.6158384251930635,-0.13085598064755344,-0.2359813632291101,-0.2662958158485814,-0.19611613513818404,-0.19300937626135234,-0.12168146174384352,-0.06715342778730747,-0.03352007615769955,0.5449249778098338,-0.13085598064755344,-0.2359813632291101,-0.2662958158485814,-0.19611613513818404,-0.19300937626135234,-0.12168146174384352,-0.06715342778730747,-0.03352007615769955,0.5449249778098338,-0.21680296415038888,-0.5118980953829163,0.8505317485662419,-0.40583972495671383,-0.16278112867447064
0,-0.4237792523693809,-1.5661069258891576,0.4327933656785018,-0.4736736092984604,0.688752781869172,-1.747233654090395,0.96425644365423,0.19231329784848822,-0.0675031379141101,-0.4237792523693809,-1.5661069258891576,0.4327933656785018,-0.4736736092984604,0.688752781869172,-1.747233654090395,0.96425644365423,0.19231329784848822,-0.0675031379141101,-0.6394220421121075,-0.9320987037661986,0.20805093736411656,-0.3895323082701867,0.2867098766239541,-1.1023183841325312,0.16747580888893265,-0.17134034142454646,-0.24602608133569076,-1.4609134070857044,-0.0891393739966534,-0.4194008220350217,0.29935477488771883,-1.6309715720209197,-0.5017365349980186,-0.6398256877165623,-0.5523538913507477,-0.07639966350995119,-0.28708333828187355,0.5141702079479052,-0.31042417242146536,0.770770541893495,0.6923732557860374,-0.05924801474239681,-0.2900883232983121,-0.2955781683826058,-0.3888554871521795,-0.41265547100857053,-0.2943754514063852,-0.3658086479243954,0.05079030889664941,-0.3660973880155217,1.973706174301639,0.5646695971563881,0.10643202953754227,-1.8243260033503432,-1.050018544785101,-0.9480793399236663,-0.7761346597668339,0.9989187709831968,0.7690342042026062,0.42033946735152133,-0.1174491519879112,0.13630361368728913,-0.23657207930514282,-0.7376951317802901,0.7376951317802901,-0.4820426798824101,-0.3075623426146228,0.6158384251930635,-0.13085598064755344,-0.2359813632291101,3.755222352305419,-0.19611613513818404,-0.19300937626135234,-0.12168146174384352,-0.06715342778730747,-0.03352007615769955,-1.8351149988007645,-0.21680296415038888,-0.5118980953829163,0.8505317485662419,-0.40583972495671383,-0.16278112867447064,-1.2316448970959013,-0.1699069165076462,-0.2081478487327801,1.4322604033532795,-0.7376951317802901,0.7376951317802901,-0.7376951317802901,0.7376951317802901,-0.7376951317802901,0.7376951317802901,-0.7376951317802901,0.7376951317802901,-0.4820426798824101,-0.3075623426146228,0.6158384251930635,-0.4820426798824101,-0.3075623426146228,0.6158384251930635,-0.4820426798824101,-0.3075623426146228,0.6158384251930635,-0.13085598064755344,-0.2359813632291101,3.755222352305419,-0.19611613513818404,-0.19300937626135234,-0.12168146174384352,-0.06715342778730747,-0.03352007615769955,-1.8351149988007645,-0.13085598064755344,-0.2359813632291101,3.755222352305419,-0.19611613513818404,-0.19300937626135234,-0.12168146174384352,-0.06715342778730747,-0.03352007615769955,-1.8351149988007645,-0.21680296415038888,-0.5118980953829163,0.8505317485662419,-0.40583972495671383,-0.16278112867447064
1,-0.41989136932012056,-1.5661069258891576,-0.47454519624983954,-0.4736736092984604,2.0576277547374477,-1.8792661492571456,-1.3133832581875537,1.2266260647479035,1.6031995254601163,-0.41989136932012056,-1.5661069258891576,-0.47454519624983954,-0.4736736092984604,2.0576277547374477,-1.8792661492571456,-1.3133832581875537,1.2266260647479035,1.6031995254601163,-0.6365732009723396,-0.9307381763548775,-0.3760014818308347,-0.3895323082701867,1.122852936068734,-1.163514339042113,-0.9227235015450538,0.3708826645121394,0.6828033816165826,-1.4609134070857044,-0.4030649954631285,-0.4194008220350217,1.6150825297587459,-1.6745420808165796,-1.2628331395795704,-0.2130091009268516,0.031681690761811,-0.2328872501475753,-0.28708333828187355,-0.32078666523533045,-0.39610534423349997,-0.38113017778990566,-0.3694246287326534,-0.2751579580367754,-0.2900883232983121,-0.2955781683826058,-0.3888554871521795,-0.41265547100857053,-0.2943754514063852,-0.3658086479243954,0.8375325410576123,-0.3930755882205284,0.2857244386370048,2.962867608342111,2.3393107032237954,-1.8409560124108695,-1.254453953667688,-0.9962776212396675,-0.7671076691281488,-1.177626087863427,-0.5479237594157019,-0.2833529520344544,1.3385767425636153,3.1129340008288238,1.097514772978922,1.3555735383351193,-1.3555735383351195,2.0745051044939435,-0.3075623426146228,-1.6238025415294657,-0.13085598064755344,-0.2359813632291101,-0.2662958158485814,-0.19611613513818404,5.181095444015676,-0.12168146174384352,-0.06715342778730747,-0.03352007615769955,-1.8351149988007645,-0.21680296415038888,1.9535138126504805,-1.175735064194511,-0.40583972495671383,-0.16278112867447064,0.8119223343984152,-0.1699069165076462,-0.2081478487327801,-0.6981970580620328,1.3555735383351193,-1.3555735383351195,1.3555735383351193,-1.3555735383351195,1.3555735383351193,-1.3555735383351195,1.3555735383351193,-1.3555735383351195,2.0745051044939435,-0.3075623426146228,-1.6238025415294657,2.0745051044939435,-0.3075623426146228,-1.6238025415294657,2.0745051044939435,-0.3075623426146228,-1.6238025415294657,-0.13085598064755344,-0.2359813632291101,-0.2662958158485814,-0.19611613513818404,5.181095444015676,-0.12168146174384352,-0.06715342778730747,-0.03352007615769955,-1.8351149988007645,-0.13085598064755344,-0.2359813632291101,-0.2662958158485814,-0.19611613513818404,5.181095444015676,-0.12168146174384352,-0.06715342778730747,-0.03352007615769955,-1.8351149988007645,-0.21680296415038888,1.9535138126504805,-1.175735064194511,-0.40583972495671383,-0.16278112867447064
1,-0.41600348627086015,0.8273772438659699,-0.47454519624983954,-0.4736736092984604,-0.4788170479302398,0.5446511676720712,0.96425644365423,1.2266260647479035,-0.6244040257055189,-0.41600348627086015,0.8273772438659699,-0.47454519624983954,-0.4736736092984604,-0.4788170479302398,0.5446511676720712,0.96425644365423,1.2266260647479035,-0.6244040257055189,-0.6337159188217873,-0.006940064067849987,-0.3760014818308347,-0.3895323082701867,-0.42174452471906326,-0.03064053583155711,0.17538458897242704,0.3751395674046747,-0.5522838274862927,0.8635041745453002,-0.4030649954631285,-0.4194008220350217,-0.5133006031208568,0.7925352191037062,1.3577269342345568,2.0633460286182723,-0.3576753639798948,-0.2328872501475753,-0.28708333828187355,-0.32078666523533045,-0.39610534423349997,-0.38113017778990566,-0.3694246287326534,-0.2751579580367754,-0.2900883232983121,-0.2955781683826058,-0.3888554871521795,-0.41265547100857053,-0.2943754514063852,-0.3658086479243954,-0.1974962837823839,-0.29359822464770086,-0.374366355591566,-0.2950617653441542,-0.40820915175817407,0.5449215208897721,1.1227307914744915,1.64580281371634,-0.337529114616601,0.9989187709831968,1.8822836089980008,-0.22342026433344614,1.3385767425636153,-0.06213841212214652,-0.4271559153457235,-0.7376951317802901,0.7376951317802901,-0.4820426798824101,-0.3075623426146228,0.6158384251930635,-0.13085598064755344,-0.2359813632291101,-0.2662958158485814,-0.19611613513818404,-0.19300937626135234,-0.12168146174384352,-0.06715342778730747,-0.03352007615769955,0.5449249778098338,-0.21680296415038888,-0.5118980953829163,0.8505317485662419,-0.40583972495671383,-0.16278112867447064,0.8119223343984152,-0.1699069165076462,-0.2081478487327801,-0.6981970580620328,-0.7376951317802901,0.7376951317802901,-0.7376951317802901,0.7376951317802901,-0.7376951317802901,0.7376951317802901,-0.7376951317802901,0.7376951317802901,-0.4820426798824101,-0.3075623426146228,0.6158384251930635,-0.4820426798824101,-0.3075623426146228,0.6158384251930635,-0.4820426798824101,-0.3075623426146228,0.6158384251930635,-0.13085598064755344,-0.2359813632291101,-0.2662958158485814,-0.19611613513818404,-0.19300937626135234,-0.12168146174384352,-0.06715342778730747,-0.03352007615769955,0.5449249778098338,-0.13085598064755344,-0.2359813632291101,-0.2662958158485814,-0.19611613513818404,-0.19300937626135234,-0.12168146174384352,-0.06715342778730747,-0.03352007615769955,0.5449249778098338,-0.21680296415038888,-0.5118980953829163,0.8505317485662419,-0.40583972495671383,-0.16278112867447064
0,-0.4121156032215998,-1.5661069258891576,-0.47454519624983954,-0.4736736092984604,0.06470683835569327,-1.9789133154207312,0.96425644365423,1.2266260647479035,-0.6244040257055189,-0.4121156032215998,-1.5661069258891576,-0.47454519624983954,-0.4736736092984604,0.06470683835569327,-1.9789133154207312,0.96425644365423,1.2266260647479035,-0.6244040257055189,-0.6308501956604505,-0.9280171215322353,-0.3760014818308347,-0.3895323082701867,-0.08844810692389464,-1.2099367250391797,0.17933897901417425,0.37939647029721,-0.5513696252589775,-1.4609134070857044,-0.4030649954631285,-0.4194008220350217,-0.30046228983289647,-1.7074254836812286,-0.5017365349980186,-0.2130091009268516,-0.7470324187216006,-0.2328872501475753,-0.28708333828187355,-0.32078666523533045,-0.39610534423349997,-0.38113017778990566,-0.3694246287326534,-0.2751579580367754,-0.2900883232983121,-0.2955781683826058,-0.3888554871521795,-0.41265547100857053,-0.2943754514063852,-0.3658086479243954,-0.1303339505809958,-0.6005037500784604,0.718701891082857,0.403065957588617,-0.29615018486313904,-1.8448607524837812,-1.2696551624722119,-1.104893466458825,-0.875431556792371,0.9989187709831968,1.8822836089980008,-0.22342026433344614,1.3385767425636153,-0.06213841212214652,-0.4271559153457235,-0.7376951317802901,0.7376951317802901,-0.4820426798824101,-0.3075623426146228,0.6158384251930635,-0.13085598064755344,-0.2359813632291101,-0.2662958158485814,-0.19611613513818404,-0.19300937626135234,-0.12168146174384352,-0.06715342778730747,29.832867780352597,-1.8351149988007645,-0.21680296415038888,-0.5118980953829163,0.8505317485662419,-0.40583972495671383,-0.16278112867447064,0.8119223343984152,-0.1699069165076462,-0.2081478487327801,-0.6981970580620328,-0.7376951317802901,0.7376951317802901,-0.7376951317802901,0.7376951317802901,-0.7376951317802901,0.7376951317802901,-0.7376951317802901,0.7376951317802901,-0.4820426798824101,-0.3075623426146228,0.6158384251930635,-0.4820426798824101,-0.3075623426146228,0.6158384251930635,-0.4820426798824101,-0.3075623426146228,0.6158384251930635,-0.13085598064755344,-0.2359813632291101,-0.2662958158485814,-0.19611613513818404,-0.19300937626135234,-0.12168146174384352,-0.06715342778730747,29.832867780352597,-1.8351149988007645,-0.13085598064755344,-0.2359813632291101,-0.2662958158485814,-0.19611613513818404,-0.19300937626135234,-0.12168146174384352,-0.06715342778730747,29.832867780352597,-1.8351149988007645,-0.21680296415038888,-0.5118980953829163,0.8505317485662419,-0.40583972495671383,-0.16278112867447064
1,-0.40822772017233944,-0.3693648410115938,0.4327933656785018,0.7676298785983874,-0.11646779040628442,-1.9290897323389384,0.96425644365423,-1.5315413136505371,0.48939774987729867,-0.40822772017233944,-0.3693648410115938,0.4327933656785018,0.7676298785983874,-0.11646779040628442,-1.9290897323389384,0.96425644365423,-1.5315413136505371,0.48939774987729867,-0.6279760314883291,-0.4627167468604188,0.21498331029224654,0.39252069172346377,-0.19850702416274332,-1.1865126168215445,0.18329336905592145,-1.0679505131647973,0.07303049599732443,-0.5892568139740777,0.2247862474698217,0.5195090584504164,0.028469648884860296,-1.6737199957449633,0.42799519961826915,-1.3511866656994136,0.2263602181326639,-0.07639966350995119,0.2184329747796864,0.008135739352004802,-0.3769638058499603,0.770770541893495,-0.3694246287326534,0.048706956904792466,0.07498045644575013,0.07418983295400972,-0.3608699531827717,1.4694387837410756,-0.2943754514063852,0.26748572765974243,-0.16209288333514058,-0.581087045423871,0.35434580885804934,-0.5019144239909011,-0.11768590425252776,-1.8438380824646854,-1.2224214812491774,-1.107608862589304,-0.8425095909336368,0.9989187709831968,-1.086381470456385,1.0640991990364888,-1.0507990843927357,-0.855906515359889,0.08106764742915833,-0.7376951317802901,0.7376951317802901,-0.4820426798824101,-0.3075623426146228,0.6158384251930635,-0.13085598064755344,-0.2359813632291101,-0.2662958158485814,-0.19611613513818404,-0.19300937626135234,8.218178723930356,-0.06715342778730747,-0.03352007615769955,-1.8351149988007645,4.612483062299524,-0.5118980953829163,-1.175735064194511,-0.40583972495671383,-0.16278112867447064,-1.2316448970959013,-0.1699069165076462,-0.2081478487327801,1.4322604033532795,-0.7376951317802901,0.7376951317802901,-0.7376951317802901,0.7376951317802901,-0.7376951317802901,0.7376951317802901,-0.7376951317802901,0.7376951317802901,-0.4820426798824101,-0.3075623426146228,0.6158384251930635,-0.4820426798824101,-0.3075623426146228,0.6158384251930635,-0.4820426798824101,-0.3075623426146228,0.6158384251930635,-0.13085598064755344,-0.2359813632291101,-0.2662958158485814,-0.19611613513818404,-0.19300937626135234,8.218178723930356,-0.06715342778730747,-0.03352007615769955,-1.8351149988007645,-0.13085598064755344,-0.2359813632291101,-0.2662958158485814,-0.19611613513818404,-0.19300937626135234,8.218178723930356,-0.06715342778730747,-0.03352007615769955,-1.8351149988007645,4.612483062299524,-0.5118980953829163,-1.175735064194511,-0.40583972495671383,-0.16278112867447064
1,-0.404339837123079,-1.5661069258891576,2.2474704895351842,2.0089333664952354,4.654464100325796,-1.747233654090395,-0.5095104222433947,-0.497228546751122,2.160100413251525,-0.404339837123079,-1.5661069258891576,2.2474704895351842,2.0089333664952354,4.654464100325796,-1.747233654090395,-0.5095104222433947,-0.497228546751122,2.160100413251525,-0.6250934263054233,-0.9252960667095931,1.4021521742345067,1.1791605128314464,2.7426851346130805,-1.1007043494070823,-0.5291125300060052,-0.5220027171971431,1.0137445879046958,-1.4609134070857044,0.5387118689362969,0.5195090584504164,4.111095476499371,-1.6309715720209197,-0.9942108085507874,-0.9243700789097029,0.2263602181326639,1.1755010295910417,2.746014540087486,9.660743227818806,-0.1390618287973961,1.244103742919098,1.5418115634009901,1.6680315316126317,1.1701867956779368,7.185112935581231,-0.13831832590224283,1.3576611153209521,0.989255187434182,2.167368854412156,3.800137683385509,0.33753967028914633,4.309237109069217,2.048191008388527,6.107812256582751,-1.8243260033503432,-1.1676099405747105,-1.0118911489899214,-0.5764788668170912,-0.7538678336953983,-0.5628147359378447,0.94940043464318,-0.714793108726999,0.9300717169250317,1.7963221717943845,1.3555735383351193,-1.3555735383351195,-0.4820426798824101,-0.3075623426146228,0.6158384251930635,-0.13085598064755344,-0.2359813632291101,3.755222352305419,-0.19611613513818404,-0.19300937626135234,-0.12168146174384352,-0.06715342778730747,-0.03352007615769955,-1.8351149988007645,-0.21680296415038888,1.9535138126504805,-1.175735064194511,-0.40583972495671383,-0.16278112867447064,-1.2316448970959013,-0.1699069165076462,4.804277373453898,-0.6981970580620328,1.3555735383351193,-1.3555735383351195,1.3555735383351193,-1.3555735383351195,1.3555735383351193,-1.3555735383351195,1.3555735383351193,-1.3555735383351195,-0.4820426798824101,-0.3075623426146228,0.6158384251930635,-0.4820426798824101,-0.3075623426146228,0.6158384251930635,-0.4820426798824101,-0.3075623426146228,0.6158384251930635,-0.13085598064755344,-0.2359813632291101,3.755222352305419,-0.19611613513818404,-0.19300937626135234,-0.12168146174384352,-0.06715342778730747,-0.03352007615769955,-1.8351149988007645,-0.13085598064755344,-0.2359813632291101,3.755222352305419,-0.19611613513818404,-0.19300937626135234,-0.12168146174384352,-0.06715342778730747,-0.03352007615769955,-1.8351149988007645,-0.21680296415038888,1.9535138126504805,-1.175735064194511,-0.40583972495671383,-0.16278112867447064
0,-0.4004519540738187,-0.3693648410115938,-0.47454519624983954,-0.4736736092984604,-0.37816447639580775,0.5446511676720712,0.96425644365423,-0.1524576244513169,-0.6244040257055189,-0.4004519540738187,-0.3693648410115938,-0.47454519624983954,-0.4736736092984604,-0.37816447639580775,0.5446511676720712,0.96425644365423,-0.1524576244513169,-0.6244040257055189,-0.622202380111733,-0.4572746372151344,-0.3760014818308347,-0.3895323082701867,-0.3583717730986715,-0.016711759562574865,0.19120214913941583,-0.3378916670949907,-0.5486270185770318,-0.5892568139740777,-0.4030649954631285,-0.4194008220350217,-0.4746027279775913,-0.04105904351514409,0.42799519961826915,-0.2130091009268516,-0.5523538913507477,-0.2328872501475753,-0.28708333828187355,-0.32078666523533045,-0.39610534423349997,-0.38113017778990566,-0.3694246287326534,-0.2751579580367754,-0.2900883232983121,-0.2955781683826058,-0.3888554871521795,-0.41265547100857053,-0.2943754514063852,-0.3658086479243954,-0.19142217096055295,-0.10095107670490644,-0.17194630991111728,-0.3338466388404192,-0.38745749122205647,0.5449215208897721,1.1227307914744915,0.2690969755635181,-0.337529114616601,0.9989187709831968,0.3979510692708079,-0.22342026433344614,-0.45345512765364804,-0.4590224637410178,-0.4271559153457235,-0.7376951317802901,0.7376951317802901,-0.4820426798824101,-0.3075623426146228,0.6158384251930635,-0.13085598064755344,-0.2359813632291101,-0.2662958158485814,-0.19611613513818404,-0.19300937626135234,-0.12168146174384352,-0.06715342778730747,-0.03352007615769955,0.5449249778098338,-0.21680296415038888,-0.5118980953829163,0.8505317485662419,-0.40583972495671383,-0.16278112867447064,0.8119223343984152,-0.1699069165076462,-0.2081478487327801,-0.6981970580620328,-0.7376951317802901,0.7376951317802901,-0.7376951317802901,0.7376951317802901,-0.7376951317802901,0.7376951317802901,-0.7376951317802901,0.7376951317802901,-0.4820426798824101,-0.3075623426146228,0.6158384251930635,-0.4820426798824101,-0.3075623426146228,0.6158384251930635,-0.4820426798824101,-0.3075623426146228,0.6158384251930635,-0.13085598064755344,-0.2359813632291101,-0.2662958158485814,-0.19611613513818404,-0.19300937626135234,-0.12168146174384352,-0.06715342778730747,-0.03352007615769955,0.5449249778098338,-0.13085598064755344,-0.2359813632291101,-0.2662958158485814,-0.19611613513818404,-0.19300937626135234,-0.12168146174384352,-0.06715342778730747,-0.03352007615769955,0.5449249778098338,-0.21680296415038888,-0.5118980953829163,0.8505317485662419,-0.40583972495671383,-0.16278112867447064
0,-0.3965640710245583,-0.3693648410115938,-0.47454519624983954,-0.4736736092984604,-0.37816447639580775,0.5446511676720712,0.96425644365423,-0.497228546751122,-0.6244040257055189,-0.3965640710245583,-0.3693648410115938,-0.47454519624983954,-0.4736736092984604,-0.37816447639580775,0.5446511676720712,0.96425644365423,-0.497228546751122,-0.6244040257055189,-0.6193028929072583,-0.4545535823924922,-0.3760014818308347,-0.3895323082701867,-0.35790019566818204,-0.013229565495329304,0.19515653918116305,-0.5188100400277416,-0.5477128163497166,-0.5892568139740777,-0.4030649954631285,-0.4194008220350217,-0.4746027279775913,-0.04105904351514409,0.42799519961826915,-0.4975534921199921,-0.5523538913507477,-0.2328872501475753,-0.28708333828187355,-0.32078666523533045,-0.39610534423349997,-0.38113017778990566,-0.3694246287326534,-0.2751579580367754,-0.2900883232983121,-0.2955781683826058,-0.3888554871521795,-0.41265547100857053,-0.2943754514063852,-0.3658086479243954,-0.19142217096055295,-0.10095107670490644,-0.17194630991111728,-0.3758635851280397,-0.38745749122205647,0.5449215208897721,1.1227307914744915,-0.07507948397468743,-0.337529114616601,0.9989187709831968,0.026867934339009688,-0.22342026433344614,-0.714793108726999,-0.5582434766457356,-0.4271559153457235,-0.7376951317802901,0.7376951317802901,-0.4820426798824101,-0.3075623426146228,0.6158384251930635,-0.13085598064755344,-0.2359813632291101,-0.2662958158485814,-0.19611613513818404,-0.19300937626135234,-0.12168146174384352,-0.06715342778730747,-0.03352007615769955,0.5449249778098338,-0.21680296415038888,-0.5118980953829163,0.8505317485662419,-0.40583972495671383,-0.16278112867447064,0.8119223343984152,-0.1699069165076462,-0.2081478487327801,-0.6981970580620328,-0.7376951317802901,0.7376951317802901,-0.7376951317802901,0.7376951317802901,-0.7376951317802901,0.7376951317802901,-0.7376951317802901,0.7376951317802901,-0.4820426798824101,-0.3075623426146228,0.6158384251930635,-0.4820426798824101,-0.3075623426146228,0.6158384251930635,-0.4820426798824101,-0.3075623426146228,0.6158384251930635,-0.13085598064755344,-0.2359813632291101,-0.2662958158485814,-0.19611613513818404,-0.19300937626135234,-0.12168146174384352,-0.06715342778730747,-0.03352007615769955,0.5449249778098338,-0.13085598064755344,-0.2359813632291101,-0.2662958158485814,-0.19611613513818404,-0.19300937626135234,-0.12168146174384352,-0.06715342778730747,-0.03352007615769955,0.5449249778098338,-0.21680296415038888,-0.5118980953829163,0.8505317485662419,-0.40583972495671383,-0.16278112867447064
0,-0.3926761879752979,-0.3693648410115938,-0.47454519624983954,-0.4736736092984604,-0.37816447639580775,0.5446511676720712,0.96425644365423,0.8818551424480984,-0.6244040257055189,-0.3926761879752979,-0.3693648410115938,-0.47454519624983954,-0.4736736092984604,-0.37816447639580775,0.5446511676720712,0.96425644365423,0.8818551424480984,-0.6244040257055189,-0.616394964691999,-0.45183252756985,-0.3760014818308347,-0.3895323082701867,-0.35742861823769256,-0.009747371428083743,0.19911092922291024,0.2171020475193011,-0.5467986141224013,-0.5892568139740777,-0.4030649954631285,-0.4194008220350217,-0.4746027279775913,-0.04105904351514409,0.42799519961826915,0.6406240726525699,-0.5523538913507477,-0.2328872501475753,-0.28708333828187355,-0.32078666523533045,-0.39610534423349997,-0.38113017778990566,-0.3694246287326534,-0.2751579580367754,-0.2900883232983121,-0.2955781683826058,-0.3888554871521795,-0.41265547100857053,-0.2943754514063852,-0.3658086479243954,-0.19142217096055295,-0.10095107670490644,-0.17194630991111728,-0.20779579997755776,-0.38745749122205647,0.5449215208897721,1.1227307914744915,1.3016263541781348,-0.337529114616601,0.9989187709831968,1.5112004740662026,-0.22342026433344614,0.7785667831207204,-0.16135942502686434,-0.4271559153457235,-0.7376951317802901,0.7376951317802901,-0.4820426798824101,-0.3075623426146228,0.6158384251930635,-0.13085598064755344,-0.2359813632291101,-0.2662958158485814,-0.19611613513818404,-0.19300937626135234,-0.12168146174384352,-0.06715342778730747,-0.03352007615769955,0.5449249778098338,-0.21680296415038888,-0.5118980953829163,0.8505317485662419,-0.40583972495671383,-0.16278112867447064,0.8119223343984152,-0.1699069165076462,-0.2081478487327801,-0.6981970580620328,-0.7376951317802901,0.7376951317802901,-0.7376951317802901,0.7376951317802901,-0.7376951317802901,0.7376951317802901,-0.7376951317802901,0.7376951317802901,-0.4820426798824101,-0.3075623426146228,0.6158384251930635,-0.4820426798824101,-0.3075623426146228,0.6158384251930635,-0.4820426798824101,-0.3075623426146228,0.6158384251930635,-0.13085598064755344,-0.2359813632291101,-0.2662958158485814,-0.19611613513818404,-0.19300937626135234,-0.12168146174384352,-0.06715342778730747,-0.03352007615769955,0.5449249778098338,-0.13085598064755344,-0.2359813632291101,-0.2662958158485814,-0.19611613513818404,-0.19300937626135234,-0.12168146174384352,-0.06715342778730747,-0.03352007615769955,0.5449249778098338,-0.21680296415038888,-0.5118980953829163,0.8505317485662419,-0.40583972495671383,-0.16278112867447064
1,-0.38878830492603755,-0.3693648410115938,-0.47454519624983954,-0.4736736092984604,-0.37816447639580775,-1.9290897323389384,-0.5095104222433947,-0.497228546751122,-0.6244040257055189,-0.38878830492603755,-0.3693648410115938,-0.47454519624983954,-0.4736736092984604,-0.37816447639580775,-1.9290897323389384,-0.5095104222433947,-0.497228546751122,-0.6244040257055189,-0.6134785954659551,-0.4491114727472078,-0.3760014818308347,-0.3895323082701867,-0.35695704080720314,-1.1861520345956464,-0.5216734527525096,-0.5156173628583401,-0.5458844118950861,-0.5892568139740777,-0.4030649954631285,-0.4194008220350217,-0.4746027279775913,-1.6737199957449633,-0.5569533474872684,-0.4975534921199921,-0.5523538913507477,-0.2328872501475753,-0.28708333828187355,-0.32078666523533045,-0.39610534423349997,-0.38113017778990566,-0.3694246287326534,-0.2751579580367754,-0.2900883232983121,-0.2955781683826058,-0.3888554871521795,-0.41265547100857053,-0.2943754514063852,-0.3658086479243954,-0.19142217096055295,-0.5914603533900215,-0.45072062643411087,-0.3758635851280397,-0.38745749122205647,-1.8438380824646854,-1.2486918994574943,-1.0862251180617823,-0.8648115678056826,-0.7538678336953983,-0.5628147359378447,-0.564416590908148,-0.714793108726999,-0.5582434766457356,-0.4271559153457235,1.3555735383351193,-1.3555735383351195,-0.4820426798824101,-0.3075623426146228,0.6158384251930635,-0.13085598064755344,-0.2359813632291101,-0.2662958158485814,-0.19611613513818404,-0.19300937626135234,8.218178723930356,-0.06715342778730747,-0.03352007615769955,-1.8351149988007645,-0.21680296415038888,1.9535138126504805,-1.175735064194511,-0.40583972495671383,-0.16278112867447064,0.8119223343984152,-0.1699069165076462,-0.2081478487327801,-0.6981970580620328,1.3555735383351193,-1.3555735383351195,1.3555735383351193,-1.3555735383351195,1.3555735383351193,-1.3555735383351195,1.3555735383351193,-1.3555735383351195,-0.4820426798824101,-0.3075623426146228,0.6158384251930635,-0.4820426798824101,-0.3075623426146228,0.6158384251930635,-0.4820426798824101,-0.3075623426146228,0.6158384251930635,-0.13085598064755344,-0.2359813632291101,-0.2662958158485814,-0.19611613513818404,-0.19300937626135234,8.218178723930356,-0.06715342778730747,-0.03352007615769955,-1.8351149988007645,-0.13085598064755344,-0.2359813632291101,-0.2662958158485814,-0.19611613513818404,-0.19300937626135234,8.218178723930356,-0.06715342778730747,-0.03352007615769955,-1.8351149988007645,-0.21680296415038888,1.9535138126504805,-1.175735064194511,-0.40583972495671383,-0.16278112867447064
1,-0.38490042187677714,-0.3693648410115938,-0.47454519624983954,-0.4736736092984604,-0.37816447639580775,0.5446511676720712,-0.5095104222433947,0.8818551424480984,-0.6244040257055189,-0.38490042187677714,-0.3693648410115938,-0.47454519624983954,-0.4736736092984604,-0.37816447639580775,0.5446511676720712,-0.5095104222433947,0.8818551424480984,-0.6244040257055189,-0.6105537852291267,-0.4463904179245656,-0.3760014818308347,-0.3895323082701867,-0.35648546337671366,-0.00278298329359262,-0.5198136834391358,0.2245516275812379,-0.5449702096677709,-0.5892568139740777,-0.4030649954631285,-0.4194008220350217,-0.4746027279775913,-0.04105904351514409,-0.5569533474872684,0.6406240726525699,-0.5523538913507477,-0.2328872501475753,-0.28708333828187355,-0.32078666523533045,-0.39610534423349997,-0.38113017778990566,-0.3694246287326534,-0.2751579580367754,-0.2900883232983121,-0.2955781683826058,-0.3888554871521795,-0.41265547100857053,-0.2943754514063852,-0.3658086479243954,-0.19142217096055295,-0.10095107670490644,-0.45072062643411087,-0.20779579997755776,-0.38745749122205647,0.5449215208897721,-0.14575511629852972,1.3016263541781348,-0.337529114616601,-0.7538678336953983,0.13527424342020916,-0.564416590908148,0.7785667831207204,-0.16135942502686434,-0.4271559153457235,1.3555735383351193,-1.3555735383351195,-0.4820426798824101,-0.3075623426146228,0.6158384251930635,-0.13085598064755344,-0.2359813632291101,-0.2662958158485814,-0.19611613513818404,-0.19300937626135234,-0.12168146174384352,-0.06715342778730747,-0.03352007615769955,0.5449249778098338,-0.21680296415038888,1.9535138126504805,-1.175735064194511,-0.40583972495671383,-0.16278112867447064,0.8119223343984152,-0.1699069165076462,-0.2081478487327801,-0.6981970580620328,1.3555735383351193,-1.3555735383351195,1.3555735383351193,-1.3555735383351195,1.3555735383351193,-1.3555735383351195,1.3555735383351193,-1.3555735383351195,-0.4820426798824101,-0.3075623426146228,0.6158384251930635,-0.4820426798824101,-0.3075623426146228,0.6158384251930635,-0.4820426798824101,-0.3075623426146228,0.6158384251930635,-0.13085598064755344,-0.2359813632291101,-0.2662958158485814,-0.19611613513818404,-0.19300937626135234,-0.12168146174384352,-0.06715342778730747,-0.03352007615769955,0.5449249778098338,-0.13085598064755344,-0.2359813632291101,-0.2662958158485814,-0.19611613513818404,-0.19300937626135234,-0.12168146174384352,-0.06715342778730747,-0.03352007615769955,0.5449249778098338,-0.21680296415038888,1.9535138126504805,-1.175735064194511,-0.40583972495671383,-0.16278112867447064
1,-0.3810125388275168,0.8273772438659699,0.4327933656785018,-0.4736736092984604,-0.3177729334751485,0.5446511676720712,-0.5095104222433947,1.2266260647479035,-0.0675031379141101,-0.3810125388275168,0.8273772438659699,0.4327933656785018,-0.4736736092984604,-0.3177729334751485,0.5446511676720712,-0.5095104222433947,1.2266260647479035,-0.0675031379141101,-0.6076205339815139,0.02979417603781974,0.227114962916474,-0.3895323082701867,-0.3181425907592242,0.0006992107736529415,-0.517953914125762,0.41345169343749255,-0.2259136323347557,0.8635041745453002,0.5387118689362969,-0.4194008220350217,-0.04892610140167071,0.7925352191037062,-0.11969588642374947,2.0633460286182723,0.2263602181326639,-0.07639966350995119,-0.28708333828187355,-0.1183728777969703,0.5281575091431288,0.16061446244642888,1.3294519864972518,-0.05924801474239681,-0.2900883232983121,-0.2955781683826058,-0.3888554871521795,-0.41265547100857053,-0.2943754514063852,-0.3658086479243954,-0.18638933462246443,0.014637212060770205,-0.3936011336080709,-0.08820910669740714,-0.3086011811848096,0.5449215208897721,-0.14575511629852972,1.64580281371634,0.20090432700850336,-0.7538678336953983,0.3097964882597226,-0.26165318579788244,1.3385767425636153,0.7316296911155961,-0.23657207930514282,1.3555735383351193,-1.3555735383351195,-0.4820426798824101,-0.3075623426146228,0.6158384251930635,-0.13085598064755344,-0.2359813632291101,-0.2662958158485814,-0.19611613513818404,-0.19300937626135234,-0.12168146174384352,-0.06715342778730747,-0.03352007615769955,0.5449249778098338,-0.21680296415038888,-0.5118980953829163,-1.175735064194511,2.4640269015229057,-0.16278112867447064,-1.2316448970959013,-0.1699069165076462,-0.2081478487327801,1.4322604033532795,1.3555735383351193,-1.3555735383351195,1.3555735383351193,-1.3555735383351195,1.3555735383351193,-1.3555735383351195,1.3555735383351193,-1.3555735383351195,-0.4820426798824101,-0.3075623426146228,0.6158384251930635,-0.4820426798824101,-0.3075623426146228,0.6158384251930635,-0.4820426798824101,-0.3075623426146228,0.6158384251930635,-0.13085598064755344,-0.2359813632291101,-0.2662958158485814,-0.19611613513818404,-0.19300937626135234,-0.12168146174384352,-0.06715342778730747,-0.03352007615769955,0.5449249778098338,-0.13085598064755344,-0.2359813632291101,-0.2662958158485814,-0.19611613513818404,-0.19300937626135234,-0.12168146174384352,-0.06715342778730747,-0.03352007615769955,0.5449249778098338,-0.21680296415038888,-0.5118980953829163,-1.175735064194511,2.4640269015229057,-0.16278112867447064
1,-0.37712465577825643,0.8273772438659699,0.4327933656785018,0.7676298785983874,-0.33790344778203496,0.5446511676720712,0.96425644365423,-1.5315413136505371,0.48939774987729867,-0.37712465577825643,0.8273772438659699,0.4327933656785018,0.7676298785983874,-0.33790344778203496,0.5446511676720712,0.96425644365423,-1.5315413136505371,0.48939774987729867,-0.6046788417231167,0.03387575827178304,0.2288480561485065,0.4108679761807928,-0.33022222801714657,0.004181404840898503,0.21492848938989903,-1.0679505131647973,0.09497134945288994,0.8635041745453002,0.5387118689362969,0.9889639986931354,-0.10697291411656897,0.7925352191037062,1.3577269342345568,-1.3511866656994136,0.8103958002452226,-0.07639966350995119,0.2184329747796864,-0.1310237395118678,0.5281575091431288,0.770770541893495,-0.3694246287326534,0.048706956904792466,0.07498045644575013,-0.08225047530378916,0.9624460102277982,1.4694387837410756,-0.2943754514063852,0.26748572765974243,-0.1881826441222431,-0.023892217527788678,-0.09097829163893781,-0.5019144239909011,-0.2546468637909039,0.5449215208897721,1.1227307914744915,-1.107608862589304,0.7393377686336078,0.9989187709831968,-1.086381470456385,1.0640991990364888,-1.0507990843927357,-0.855906515359889,0.08106764742915833,-0.7376951317802901,0.7376951317802901,-0.4820426798824101,-0.3075623426146228,0.6158384251930635,-0.13085598064755344,-0.2359813632291101,-0.2662958158485814,-0.19611613513818404,-0.19300937626135234,-0.12168146174384352,-0.06715342778730747,-0.03352007615769955,0.5449249778098338,4.612483062299524,-0.5118980953829163,-1.175735064194511,-0.40583972495671383,-0.16278112867447064,-1.2316448970959013,-0.1699069165076462,-0.2081478487327801,1.4322604033532795,-0.7376951317802901,0.7376951317802901,-0.7376951317802901,0.7376951317802901,-0.7376951317802901,0.7376951317802901,-0.7376951317802901,0.7376951317802901,-0.4820426798824101,-0.3075623426146228,0.6158384251930635,-0.4820426798824101,-0.3075623426146228,0.6158384251930635,-0.4820426798824101,-0.3075623426146228,0.6158384251930635,-0.13085598064755344,-0.2359813632291101,-0.2662958158485814,-0.19611613513818404,-0.19300937626135234,-0.12168146174384352,-0.06715342778730747,-0.03352007615769955,0.5449249778098338,-0.13085598064755344,-0.2359813632291101,-0.2662958158485814,-0.19611613513818404,-0.19300937626135234,-0.12168146174384352,-0.06715342778730747,-0.03352007615769955,0.5449249778098338,4.612483062299524,-0.5118980953829163,-1.175735064194511,-0.40583972495671383,-0.16278112867447064
0,-0.373236772728996,0.8273772438659699,-0.47454519624983954,-0.4736736092984604,-0.4788170479302398,0.5446511676720712,0.96425644365423,1.2266260647479035,-0.6244040257055189,-0.373236772728996,0.8273772438659699,-0.47454519624983954,-0.4736736092984604,-0.4788170479302398,0.5446511676720712,0.96425644365423,1.2266260647479035,-0.6244040257055189,-0.6017287084539349,0.03795734050574635,-0.3760014818308347,-0.3895323082701867,-0.41855230826651924,0.007663598908144064,0.21888287943164622,0.42196549922256316,-0.5422276029858252,0.8635041745453002,-0.4030649954631285,-0.4194008220350217,-0.5133006031208568,0.7925352191037062,1.3577269342345568,2.0633460286182723,-0.3576753639798948,-0.2328872501475753,-0.28708333828187355,-0.32078666523533045,-0.39610534423349997,-0.38113017778990566,-0.3694246287326534,-0.2751579580367754,-0.2900883232983121,-0.2955781683826058,-0.3888554871521795,-0.41265547100857053,-0.2943754514063852,-0.3658086479243954,-0.1974962837823839,-0.29359822464770086,-0.374366355591566,-0.2950617653441542,-0.40820915175817407,0.5449215208897721,1.1227307914744915,1.64580281371634,-0.337529114616601,0.9989187709831968,1.8822836089980008,-0.22342026433344614,1.3385767425636153,-0.06213841212214652,-0.4271559153457235,-0.7376951317802901,0.7376951317802901,-0.4820426798824101,-0.3075623426146228,0.6158384251930635,-0.13085598064755344,-0.2359813632291101,-0.2662958158485814,-0.19611613513818404,-0.19300937626135234,-0.12168146174384352,-0.06715342778730747,-0.03352007615769955,0.5449249778098338,-0.21680296415038888,-0.5118980953829163,0.8505317485662419,-0.40583972495671383,-0.16278112867447064,0.8119223343984152,-0.1699069165076462,-0.2081478487327801,-0.6981970580620328,-0.7376951317802901,0.7376951317802901,-0.7376951317802901,0.7376951317802901,-0.7376951317802901,0.7376951317802901,-0.7376951317802901,0.7376951317802901,-0.4820426798824101,-0.3075623426146228,0.6158384251930635,-0.4820426798824101,-0.3075623426146228,0.6158384251930635,-0.4820426798824101,-0.3075623426146228,0.6158384251930635,-0.13085598064755344,-0.2359813632291101,-0.2662958158485814,-0.19611613513818404,-0.19300937626135234,-0.12168146174384352,-0.06715342778730747,-0.03352007615769955,0.5449249778098338,-0.13085598064755344,-0.2359813632291101,-0.2662958158485814,-0.19611613513818404,-0.19300937626135234,-0.12168146174384352,-0.06715342778730747,-0.03352007615769955,0.5449249778098338,-0.21680296415038888,-0.5118980953829163,0.8505317485662419,-0.40583972495671383,-0.16278112867447064
0,-0.36934888967973567,0.8273772438659699,-0.47454519624983954,-0.4736736092984604,-0.45868653362335343,0.5446511676720712,0.96425644365423,-0.497228546751122,-0.6244040257055189,-0.36934888967973567,0.8273772438659699,-0.47454519624983954,-0.4736736092984604,-0.45868653362335343,0.5446511676720712,0.96425644365423,-0.497228546751122,-0.6244040257055189,-0.5987701341739685,0.04203892273970965,-0.3760014818308347,-0.3895323082701867,-0.4055295161476179,0.011145792975389625,0.22283726947339344,-0.5076356699348364,-0.54131340075851,0.8635041745453002,-0.4030649954631285,-0.4194008220350217,-0.4552537904059585,0.7925352191037062,1.3577269342345568,-0.07073690533028135,-0.3576753639798948,-0.2328872501475753,-0.28708333828187355,-0.32078666523533045,-0.39610534423349997,-0.38113017778990566,-0.3694246287326534,-0.2751579580367754,-0.2900883232983121,-0.2955781683826058,-0.3888554871521795,-0.41265547100857053,-0.2943754514063852,-0.3658086479243954,-0.1965128559921827,-0.255068795059142,-0.33388234645547626,-0.41464845862430477,-0.40405881965095053,0.5449215208897721,1.1227307914744915,-0.07507948397468743,-0.337529114616601,0.9989187709831968,0.026867934339009688,-0.22342026433344614,-0.714793108726999,-0.5582434766457356,-0.4271559153457235,-0.7376951317802901,0.7376951317802901,-0.4820426798824101,-0.3075623426146228,0.6158384251930635,-0.13085598064755344,-0.2359813632291101,-0.2662958158485814,-0.19611613513818404,-0.19300937626135234,-0.12168146174384352,-0.06715342778730747,-0.03352007615769955,0.5449249778098338,-0.21680296415038888,-0.5118980953829163,0.8505317485662419,-0.40583972495671383,-0.16278112867447064,0.8119223343984152,-0.1699069165076462,-0.2081478487327801,-0.6981970580620328,-0.7376951317802901,0.7376951317802901,-0.7376951317802901,0.7376951317802901,-0.7376951317802901,0.7376951317802901,-0.7376951317802901,0.7376951317802901,-0.4820426798824101,-0.3075623426146228,0.6158384251930635,-0.4820426798824101,-0.3075623426146228,0.6158384251930635,-0.4820426798824101,-0.3075623426146228,0.6158384251930635,-0.13085598064755344,-0.2359813632291101,-0.2662958158485814,-0.19611613513818404,-0.19300937626135234,-0.12168146174384352,-0.06715342778730747,-0.03352007615769955,0.5449249778098338,-0.13085598064755344,-0.2359813632291101,-0.2662958158485814,-0.19611613513818404,-0.19300937626135234,-0.12168146174384352,-0.06715342778730747,-0.03352007615769955,0.5449249778098338,-0.21680296415038888,-0.5118980953829163,0.8505317485662419,-0.40583972495671383,-0.16278112867447064
0,-0.36546100663047526,-1.5661069258891576,-0.47454519624983954,-0.4736736092984604,0.06470683835569327,-1.747233654090395,0.96425644365423,0.8818551424480984,-0.6244040257055189,-0.36546100663047526,-1.5661069258891576,-0.47454519624983954,-0.4736736092984604,0.06470683835569327,-1.747233654090395,0.96425644365423,0.8818551424480984,-0.6244040257055189,-0.5958031188832178,-0.9116907925963821,-0.3760014818308347,-0.3895323082701867,-0.0732125284003889,-1.097476279956184,0.22679165951514063,0.24317557773607992,-0.5403991985311947,-1.4609134070857044,-0.4030649954631285,-0.4194008220350217,-0.30046228983289647,-1.6309715720209197,-0.5017365349980186,-0.35528129652342183,-0.7470324187216006,-0.2328872501475753,-0.28708333828187355,-0.32078666523533045,-0.39610534423349997,-0.38113017778990566,-0.3694246287326534,-0.2751579580367754,-0.2900883232983121,-0.2955781683826058,-0.3888554871521795,-0.41265547100857053,-0.2943754514063852,-0.3658086479243954,-0.1303339505809958,-0.47682200125128166,0.718701891082857,0.28994340989117723,-0.29615018486313904,-1.8243260033503432,-1.050018544785101,-0.8842675308574113,-0.8260486080042697,0.9989187709831968,1.5112004740662026,-0.22342026433344614,0.7785667831207204,-0.16135942502686434,-0.4271559153457235,-0.7376951317802901,0.7376951317802901,-0.4820426798824101,-0.3075623426146228,0.6158384251930635,-0.13085598064755344,-0.2359813632291101,3.755222352305419,-0.19611613513818404,-0.19300937626135234,-0.12168146174384352,-0.06715342778730747,-0.03352007615769955,-1.8351149988007645,-0.21680296415038888,-0.5118980953829163,0.8505317485662419,-0.40583972495671383,-0.16278112867447064,0.8119223343984152,-0.1699069165076462,-0.2081478487327801,-0.6981970580620328,-0.7376951317802901,0.7376951317802901,-0.7376951317802901,0.7376951317802901,-0.7376951317802901,0.7376951317802901,-0.7376951317802901,0.7376951317802901,-0.4820426798824101,-0.3075623426146228,0.6158384251930635,-0.4820426798824101,-0.3075623426146228,0.6158384251930635,-0.4820426798824101,-0.3075623426146228,0.6158384251930635,-0.13085598064755344,-0.2359813632291101,3.755222352305419,-0.19611613513818404,-0.19300937626135234,-0.12168146174384352,-0.06715342778730747,-0.03352007615769955,-1.8351149988007645,-0.13085598064755344,-0.2359813632291101,3.755222352305419,-0.19611613513818404,-0.19300937626135234,-0.12168146174384352,-0.06715342778730747,-0.03352007615769955,-1.8351149988007645,-0.21680296415038888,-0.5118980953829163,0.8505317485662419,-0.40583972495671383,-0.16278112867447064
0,-0.3615731235812149,0.8273772438659699,0.4327933656785018,0.7676298785983874,-0.4989475622371262,0.5446511676720712,-1.1168810094012038,-1.5315413136505371,-0.6244040257055189,-0.3615731235812149,0.8273772438659699,0.4327933656785018,0.7676298785983874,-0.4989475622371262,0.5446511676720712,-1.1168810094012038,-1.5315413136505371,-0.6244040257055189,-0.5928276625816825,0.050202087207636255,0.2357804290766365,0.42004161840945736,-0.4304868447765987,0.01811018110988075,-0.8133779521884262,-1.0679505131647973,-0.5394849963038795,0.8635041745453002,0.5387118689362969,0.9889639986931354,-0.571347415835755,0.7925352191037062,-0.7285731700889909,-1.3511866656994136,-0.3576753639798948,-0.07639966350995119,0.2184329747796864,-0.2322306332310479,0.5281575091431288,-0.09084380059842266,-0.3694246287326534,-0.16720298638958608,0.07498045644575013,-0.1960252449458247,0.9624460102277982,0.061644365260601956,-0.2943754514063852,-0.15471052272968278,-0.19836401418550262,-0.33212765423625973,-0.626822817058193,-0.5019144239909011,-0.4123594838653976,0.5449215208897721,-0.6685250661686233,-1.107608862589304,-0.337529114616601,-1.1087392780725651,-1.086381470456385,-0.7049484103449949,-1.0507990843927357,-0.855906515359889,-0.4271559153457235,-0.7376951317802901,0.7376951317802901,2.0745051044939435,-0.3075623426146228,-1.6238025415294657,-0.13085598064755344,-0.2359813632291101,-0.2662958158485814,-0.19611613513818404,-0.19300937626135234,-0.12168146174384352,-0.06715342778730747,-0.03352007615769955,0.5449249778098338,-0.21680296415038888,-0.5118980953829163,0.8505317485662419,-0.40583972495671383,-0.16278112867447064,-1.2316448970959013,-0.1699069165076462,-0.2081478487327801,1.4322604033532795,-0.7376951317802901,0.7376951317802901,-0.7376951317802901,0.7376951317802901,-0.7376951317802901,0.7376951317802901,-0.7376951317802901,0.7376951317802901,2.0745051044939435,-0.3075623426146228,-1.6238025415294657,2.0745051044939435,-0.3075623426146228,-1.6238025415294657,2.0745051044939435,-0.3075623426146228,-1.6238025415294657,-0.13085598064755344,-0.2359813632291101,-0.2662958158485814,-0.19611613513818404,-0.19300937626135234,-0.12168146174384352,-0.06715342778730747,-0.03352007615769955,0.5449249778098338,-0.13085598064755344,-0.2359813632291101,-0.2662958158485814,-0.19611613513818404,-0.19300937626135234,-0.12168146174384352,-0.06715342778730747,-0.03352007615769955,0.5449249778098338,-0.21680296415038888,-0.5118980953829163,0.8505317485662419,-0.40583972495671383,-0.16278112867447064
0,-0.35768524053195455,0.8273772438659699,0.4327933656785018,-0.4736736092984604,-0.2976424191682621,0.5446511676720712,0.96425644365423,-0.497228546751122,-0.0675031379141101,-0.35768524053195455,0.8273772438659699,0.4327933656785018,-0.4736736092984604,-0.2976424191682621,0.5446511676720712,0.96425644365423,-0.497228546751122,-0.0675031379141101,-0.5898437652693627,0.054283669441599555,0.23751352230866898,-0.3895323082701867,-0.3018187566268966,0.02159237517712631,0.234700439598635,-0.5028466541807342,-0.21494320560697294,0.8635041745453002,0.5387118689362969,-0.4194008220350217,0.009120711313227545,0.7925352191037062,1.3577269342345568,-0.07073690533028135,0.2263602181326639,-0.07639966350995119,-0.28708333828187355,-0.10572201608207278,0.5281575091431288,0.770770541893495,0.2676541019785611,-0.05924801474239681,-0.2900883232983121,-0.2955781683826058,-0.3888554871521795,-0.41265547100857053,-0.2943754514063852,-0.3658086479243954,-0.18448032773560327,0.053166641649329084,-0.010010273366758318,-0.33707871163177466,-0.3003005169703626,0.5449215208897721,1.1227307914744915,-0.07507948397468743,0.20090432700850336,0.9989187709831968,0.026867934339009688,0.42033946735152133,-0.714793108726999,-0.26058043793158214,-0.23657207930514282,-0.7376951317802901,0.7376951317802901,-0.4820426798824101,-0.3075623426146228,0.6158384251930635,-0.13085598064755344,-0.2359813632291101,-0.2662958158485814,-0.19611613513818404,-0.19300937626135234,-0.12168146174384352,-0.06715342778730747,-0.03352007615769955,0.5449249778098338,-0.21680296415038888,-0.5118980953829163,0.8505317485662419,-0.40583972495671383,-0.16278112867447064,-1.2316448970959013,-0.1699069165076462,-0.2081478487327801,1.4322604033532795,-0.7376951317802901,0.7376951317802901,-0.7376951317802901,0.7376951317802901,-0.7376951317802901,0.7376951317802901,-0.7376951317802901,0.7376951317802901,-0.4820426798824101,-0.3075623426146228,0.6158384251930635,-0.4820426798824101,-0.3075623426146228,0.6158384251930635,-0.4820426798824101,-0.3075623426146228,0.6158384251930635,-0.13085598064755344,-0.2359813632291101,-0.2662958158485814,-0.19611613513818404,-0.19300937626135234,-0.12168146174384352,-0.06715342778730747,-0.03352007615769955,0.5449249778098338,-0.13085598064755344,-0.2359813632291101,-0.2662958158485814,-0.19611613513818404,-0.19300937626135234,-0.12168146174384352,-0.06715342778730747,-0.03352007615769955,0.5449249778098338,-0.21680296415038888,-0.5118980953829163,0.8505317485662419,-0.40583972495671383,-0.16278112867447064
0,-0.35379735748269414,0.8273772438659699,-0.47454519624983954,-0.4736736092984604,-0.4989475622371262,0.5446511676720712,-1.1168810094012038,-0.841999469050927,-0.6244040257055189,-0.35379735748269414,0.8273772438659699,-0.47454519624983954,-0.4736736092984604,-0.4989475622371262,0.5446511676720712,-1.1168810094012038,-0.841999469050927,-0.6244040257055189,-0.5868514269462584,0.058365251675562856,-0.3760014818308347,-0.3895323082701867,-0.42997899215914853,0.02507456924437187,-0.8113848888287013,-0.690150381452288,-0.5376565918492491,0.8635041745453002,-0.4030649954631285,-0.4194008220350217,-0.571347415835755,0.7925352191037062,-0.7285731700889909,-0.4975534921199921,-0.3576753639798948,-0.2328872501475753,-0.28708333828187355,-0.32078666523533045,-0.39610534423349997,-0.38113017778990566,-0.3694246287326534,-0.2751579580367754,-0.2900883232983121,-0.2955781683826058,-0.3888554871521795,-0.41265547100857053,-0.2943754514063852,-0.3658086479243954,-0.19836401418550262,-0.33212765423625973,-0.626822817058193,-0.45666540491192525,-0.4123594838653976,0.5449215208897721,-0.6685250661686233,-0.41925594351289297,-0.337529114616601,-1.1087392780725651,-0.8993508053382716,-0.7049484103449949,-0.9014630952079639,-0.6574644895504534,-0.4271559153457235,-0.7376951317802901,0.7376951317802901,2.0745051044939435,-0.3075623426146228,-1.6238025415294657,-0.13085598064755344,-0.2359813632291101,-0.2662958158485814,-0.19611613513818404,-0.19300937626135234,-0.12168146174384352,-0.06715342778730747,-0.03352007615769955,0.5449249778098338,-0.21680296415038888,-0.5118980953829163,0.8505317485662419,-0.40583972495671383,-0.16278112867447064,0.8119223343984152,-0.1699069165076462,-0.2081478487327801,-0.6981970580620328,-0.7376951317802901,0.7376951317802901,-0.7376951317802901,0.7376951317802901,-0.7376951317802901,0.7376951317802901,-0.7376951317802901,0.7376951317802901,2.0745051044939435,-0.3075623426146228,-1.6238025415294657,2.0745051044939435,-0.3075623426146228,-1.6238025415294657,2.0745051044939435,-0.3075623426146228,-1.6238025415294657,-0.13085598064755344,-0.2359813632291101,-0.2662958158485814,-0.19611613513818404,-0.19300937626135234,-0.12168146174384352,-0.06715342778730747,-0.03352007615769955,0.5449249778098338,-0.13085598064755344,-0.2359813632291101,-0.2662958158485814,-0.19611613513818404,-0.19300937626135234,-0.12168146174384352,-0.06715342778730747,-0.03352007615769955,0.5449249778098338,-0.21680296415038888,-0.5118980953829163,0.8505317485662419,-0.40583972495671383,-0.16278112867447064
0,-0.3499094744334338,0.8273772438659699,-0.47454519624983954,-0.4736736092984604,-0.45868653362335343,0.5446511676720712,0.96425644365423,-0.1524576244513169,-0.6244040257055189,-0.3499094744334338,0.8273772438659699,-0.47454519624983954,-0.4736736092984604,-0.45868653362335343,0.5446511676720712,0.96425644365423,-0.1524576244513169,-0.6244040257055189,-0.5838506476123696,0.06244683390952616,-0.3760014818308347,-0.3895323082701867,-0.4038971327343851,0.028556763311617432,0.24260921968212942,-0.31022179829351115,-0.5367423896219338,0.8635041745453002,-0.4030649954631285,-0.4194008220350217,-0.4552537904059585,0.7925352191037062,1.3577269342345568,0.3560796814594294,-0.3576753639798948,-0.2328872501475753,-0.28708333828187355,-0.32078666523533045,-0.39610534423349997,-0.38113017778990566,-0.3694246287326534,-0.2751579580367754,-0.2900883232983121,-0.2955781683826058,-0.3888554871521795,-0.41265547100857053,-0.2943754514063852,-0.3658086479243954,-0.1965128559921827,-0.255068795059142,-0.33388234645547626,-0.385559803502106,-0.40405881965095053,0.5449215208897721,1.1227307914744915,0.2690969755635181,-0.337529114616601,0.9989187709831968,0.3979510692708079,-0.22342026433344614,-0.45345512765364804,-0.4590224637410178,-0.4271559153457235,-0.7376951317802901,0.7376951317802901,-0.4820426798824101,-0.3075623426146228,0.6158384251930635,-0.13085598064755344,-0.2359813632291101,-0.2662958158485814,-0.19611613513818404,-0.19300937626135234,-0.12168146174384352,-0.06715342778730747,-0.03352007615769955,0.5449249778098338,-0.21680296415038888,-0.5118980953829163,0.8505317485662419,-0.40583972495671383,-0.16278112867447064,0.8119223343984152,-0.1699069165076462,-0.2081478487327801,-0.6981970580620328,-0.7376951317802901,0.7376951317802901,-0.7376951317802901,0.7376951317802901,-0.7376951317802901,0.7376951317802901,-0.7376951317802901,0.7376951317802901,-0.4820426798824101,-0.3075623426146228,0.6158384251930635,-0.4820426798824101,-0.3075623426146228,0.6158384251930635,-0.4820426798824101,-0.3075623426146228,0.6158384251930635,-0.13085598064755344,-0.2359813632291101,-0.2662958158485814,-0.19611613513818404,-0.19300937626135234,-0.12168146174384352,-0.06715342778730747,-0.03352007615769955,0.5449249778098338,-0.13085598064755344,-0.2359813632291101,-0.2662958158485814,-0.19611613513818404,-0.19300937626135234,-0.12168146174384352,-0.06715342778730747,-0.03352007615769955,0.5449249778098338,-0.21680296415038888,-0.5118980953829163,0.8505317485662419,-0.40583972495671383,-0.16278112867447064
1,-0.34602159138417343,-1.5661069258891576,-0.47454519624983954,0.7676298785983874,0.4673171244934215,-1.8792661492571456,-0.5095104222433947,-0.841999469050927,-0.0675031379141101,-0.34602159138417343,-1.5661069258891576,-0.47454519624983954,0.7676298785983874,0.4673171244934215,-1.8792661492571456,-0.5095104222433947,-0.841999469050927,-0.0675031379141101,-0.5808414272676964,-0.9048881555397766,-0.3760014818308347,0.4292152606381219,0.19214046421733624,-1.160839162337592,-0.501215990305397,-0.6880219300060204,-0.20945799224308156,-1.4609134070857044,-0.4030649954631285,0.0500541182076973,0.08651646159975855,-1.6745420808165796,-0.9942108085507874,-1.0666422745062731,-0.5523538913507477,-0.2328872501475753,-0.28708333828187355,-0.32078666523533045,-0.39610534423349997,-0.38113017778990566,-0.3694246287326534,-0.2751579580367754,0.07498045644575013,0.4866233729063885,-0.33421706368809756,0.4725028221561908,0.13350142820713717,0.056387602465029836,-0.02620630220675072,-0.5161493776064675,0.3489522731304483,-0.14638641694180474,0.015124723178624856,-1.8409560124108695,-1.2264776641471424,-1.0797760522518949,-0.8324206013962827,-0.7538678336953983,-0.7373369807773581,-0.26165318579788244,-0.9014630952079639,-0.4590224637410178,-0.23657207930514282,1.3555735383351193,-1.3555735383351195,-0.4820426798824101,-0.3075623426146228,0.6158384251930635,-0.13085598064755344,-0.2359813632291101,-0.2662958158485814,-0.19611613513818404,5.181095444015676,-0.12168146174384352,-0.06715342778730747,-0.03352007615769955,-1.8351149988007645,-0.21680296415038888,1.9535138126504805,-1.175735064194511,-0.40583972495671383,-0.16278112867447064,-1.2316448970959013,-0.1699069165076462,-0.2081478487327801,1.4322604033532795,1.3555735383351193,-1.3555735383351195,1.3555735383351193,-1.3555735383351195,1.3555735383351193,-1.3555735383351195,1.3555735383351193,-1.3555735383351195,-0.4820426798824101,-0.3075623426146228,0.6158384251930635,-0.4820426798824101,-0.3075623426146228,0.6158384251930635,-0.4820426798824101,-0.3075623426146228,0.6158384251930635,-0.13085598064755344,-0.2359813632291101,-0.2662958158485814,-0.19611613513818404,5.181095444015676,-0.12168146174384352,-0.06715342778730747,-0.03352007615769955,-1.8351149988007645,-0.13085598064755344,-0.2359813632291101,-0.2662958158485814,-0.19611613513818404,5.181095444015676,-0.12168146174384352,-0.06715342778730747,-0.03352007615769955,-1.8351149988007645,-0.21680296415038888,1.9535138126504805,-1.175735064194511,-0.40583972495671383,-0.16278112867447064
0,-0.342133708334913,-0.3693648410115938,-0.47454519624983954,-0.4736736092984604,-0.37816447639580775,0.5446511676720712,-0.5095104222433947,0.8818551424480984,-0.6244040257055189,-0.342133708334913,-0.3693648410115938,-0.47454519624983954,-0.4736736092984604,-0.37816447639580775,0.5446511676720712,-0.5095104222433947,0.8818551424480984,-0.6244040257055189,-0.5778237659122386,-0.41645881487550135,-0.3760014818308347,-0.3895323082701867,-0.35129811164132957,0.035521151446108554,-0.4993562209920231,0.2655243179218903,-0.5349139851673034,-0.5892568139740777,-0.4030649954631285,-0.4194008220350217,-0.4746027279775913,-0.04105904351514409,-0.5569533474872684,0.6406240726525699,-0.5523538913507477,-0.2328872501475753,-0.28708333828187355,-0.32078666523533045,-0.39610534423349997,-0.38113017778990566,-0.3694246287326534,-0.2751579580367754,-0.2900883232983121,-0.2955781683826058,-0.3888554871521795,-0.41265547100857053,-0.2943754514063852,-0.3658086479243954,-0.19142217096055295,-0.10095107670490644,-0.45072062643411087,-0.20779579997755776,-0.38745749122205647,0.5449215208897721,-0.14575511629852972,1.3016263541781348,-0.337529114616601,-0.7538678336953983,0.13527424342020916,-0.564416590908148,0.7785667831207204,-0.16135942502686434,-0.4271559153457235,1.3555735383351193,-1.3555735383351195,-0.4820426798824101,-0.3075623426146228,0.6158384251930635,-0.13085598064755344,-0.2359813632291101,-0.2662958158485814,-0.19611613513818404,-0.19300937626135234,-0.12168146174384352,-0.06715342778730747,-0.03352007615769955,0.5449249778098338,-0.21680296415038888,1.9535138126504805,-1.175735064194511,-0.40583972495671383,-0.16278112867447064,0.8119223343984152,-0.1699069165076462,-0.2081478487327801,-0.6981970580620328,1.3555735383351193,-1.3555735383351195,1.3555735383351193,-1.3555735383351195,1.3555735383351193,-1.3555735383351195,1.3555735383351193,-1.3555735383351195,-0.4820426798824101,-0.3075623426146228,0.6158384251930635,-0.4820426798824101,-0.3075623426146228,0.6158384251930635,-0.4820426798824101,-0.3075623426146228,0.6158384251930635,-0.13085598064755344,-0.2359813632291101,-0.2662958158485814,-0.19611613513818404,-0.19300937626135234,-0.12168146174384352,-0.06715342778730747,-0.03352007615769955,0.5449249778098338,-0.13085598064755344,-0.2359813632291101,-0.2662958158485814,-0.19611613513818404,-0.19300937626135234,-0.12168146174384352,-0.06715342778730747,-0.03352007615769955,0.5449249778098338,-0.21680296415038888,1.9535138126504805,-1.175735064194511,-0.40583972495671383,-0.16278112867447064
1,-0.33824582528565267,0.8273772438659699,-0.47454519624983954,-0.4736736092984604,-0.4989475622371262,0.5446511676720712,-1.5500791487711116,-0.1524576244513169,-0.6244040257055189,-0.33824582528565267,0.8273772438659699,-0.47454519624983954,-0.4736736092984604,-0.4989475622371262,0.5446511676720712,-1.5500791487711116,-0.1524576244513169,-0.6244040257055189,-0.5747976635459963,0.07469158061141606,-0.3760014818308347,-0.3895323082701867,-0.4289632869242481,0.03900334551335412,-1.0284320276369605,-0.30383644395470816,-0.5339997829399881,0.8635041745453002,-0.4030649954631285,-0.4194008220350217,-0.571347415835755,0.7925352191037062,-1.1628459385855234,0.3560796814594294,-0.3576753639798948,-0.2328872501475753,-0.28708333828187355,-0.32078666523533045,-0.39610534423349997,-0.38113017778990566,-0.3694246287326534,-0.2751579580367754,-0.2900883232983121,-0.2955781683826058,-0.3888554871521795,-0.41265547100857053,-0.2943754514063852,-0.3658086479243954,-0.19836401418550262,-0.33212765423625973,-0.6709458382514594,-0.41141638583294937,-0.4123594838653976,0.5449215208897721,-1.0413830451200872,0.2690969755635181,-0.337529114616601,-1.2307930204368625,-0.9434280958438143,-0.8051806639139224,-0.45345512765364804,-0.4590224637410178,-0.4271559153457235,1.3555735383351193,-1.3555735383351195,-0.4820426798824101,3.2513733362117265,-1.6238025415294657,-0.13085598064755344,-0.2359813632291101,-0.2662958158485814,-0.19611613513818404,-0.19300937626135234,-0.12168146174384352,-0.06715342778730747,-0.03352007615769955,0.5449249778098338,-0.21680296415038888,1.9535138126504805,-1.175735064194511,-0.40583972495671383,-0.16278112867447064,0.8119223343984152,-0.1699069165076462,-0.2081478487327801,-0.6981970580620328,1.3555735383351193,-1.3555735383351195,1.3555735383351193,-1.3555735383351195,1.3555735383351193,-1.3555735383351195,1.3555735383351193,-1.3555735383351195,-0.4820426798824101,3.2513733362117265,-1.6238025415294657,-0.4820426798824101,3.2513733362117265,-1.6238025415294657,-0.4820426798824101,3.2513733362117265,-1.6238025415294657,-0.13085598064755344,-0.2359813632291101,-0.2662958158485814,-0.19611613513818404,-0.19300937626135234,-0.12168146174384352,-0.06715342778730747,-0.03352007615769955,0.5449249778098338,-0.13085598064755344,-0.2359813632291101,-0.2662958158485814,-0.19611613513818404,-0.19300937626135234,-0.12168146174384352,-0.06715342778730747,-0.03352007615769955,0.5449249778098338,-0.21680296415038888,1.9535138126504805,-1.175735064194511,-0.40583972495671383,-0.16278112867447064
1,-0.33435794223639226,0.8273772438659699,-0.47454519624983954,-0.4736736092984604,-0.4989475622371262,0.5446511676720712,-1.5500791487711116,0.19231329784848822,-0.6244040257055189,-0.33435794223639226,0.8273772438659699,-0.47454519624983954,-0.4736736092984604,-0.4989475622371262,0.5446511676720712,-1.5500791487711116,0.19231329784848822,-0.6244040257055189,-0.5717631201689695,0.07877316284537937,-0.3760014818308347,-0.3895323082701867,-0.42870936061552306,0.042485539580599675,-1.0280511875045288,-0.1101473623443513,-0.5330855807126729,0.8635041745453002,-0.4030649954631285,-0.4194008220350217,-0.571347415835755,0.7925352191037062,-1.1628459385855234,0.7828962682491402,-0.3576753639798948,-0.2328872501475753,-0.28708333828187355,-0.32078666523533045,-0.39610534423349997,-0.38113017778990566,-0.3694246287326534,-0.2751579580367754,-0.2900883232983121,-0.2955781683826058,-0.3888554871521795,-0.41265547100857053,-0.2943754514063852,-0.3658086479243954,-0.19836401418550262,-0.33212765423625973,-0.6709458382514594,-0.3887918762934614,-0.4123594838653976,0.5449215208897721,-1.0413830451200872,0.6132734351017236,-0.337529114616601,-1.2307930204368625,-0.9076897521906716,-0.8051806639139224,-0.1174491519879112,-0.3598014508363,-0.4271559153457235,1.3555735383351193,-1.3555735383351195,-0.4820426798824101,3.2513733362117265,-1.6238025415294657,-0.13085598064755344,-0.2359813632291101,-0.2662958158485814,-0.19611613513818404,-0.19300937626135234,-0.12168146174384352,-0.06715342778730747,-0.03352007615769955,0.5449249778098338,-0.21680296415038888,1.9535138126504805,-1.175735064194511,-0.40583972495671383,-0.16278112867447064,0.8119223343984152,-0.1699069165076462,-0.2081478487327801,-0.6981970580620328,1.3555735383351193,-1.3555735383351195,1.3555735383351193,-1.3555735383351195,1.3555735383351193,-1.3555735383351195,1.3555735383351193,-1.3555735383351195,-0.4820426798824101,3.2513733362117265,-1.6238025415294657,-0.4820426798824101,3.2513733362117265,-1.6238025415294657,-0.4820426798824101,3.2513733362117265,-1.6238025415294657,-0.13085598064755344,-0.2359813632291101,-0.2662958158485814,-0.19611613513818404,-0.19300937626135234,-0.12168146174384352,-0.06715342778730747,-0.03352007615769955,0.5449249778098338,-0.13085598064755344,-0.2359813632291101,-0.2662958158485814,-0.19611613513818404,-0.19300937626135234,-0.12168146174384352,-0.06715342778730747,-0.03352007615769955,0.5449249778098338,-0.21680296415038888,1.9535138126504805,-1.175735064194511,-0.40583972495671383,-0.16278112867447064
0,-0.3304700591871319,0.8273772438659699,0.4327933656785018,4.491540342288931,-0.09633727609939802,0.5446511676720712,0.96425644365423,0.8818551424480984,2.160100413251525,-0.3304700591871319,0.8273772438659699,0.4327933656785018,4.491540342288931,-0.09633727609939802,0.5446511676720712,0.96425644365423,0.8818551424480984,2.160100413251525,-0.5687201357811582,0.08285474507934268,0.24964517493289648,2.922152536277706,-0.16654858445034199,0.04596773364784524,0.2623811698908654,0.2766986880147955,1.1179636418186318,0.8635041745453002,0.5387118689362969,5.214058460877607,0.5895888384622101,0.7925352191037062,1.3577269342345568,1.6365294418285616,2.5625025465828988,-0.07639966350995119,1.7349819139643663,0.020786601066902312,0.5281575091431288,0.770770541893495,1.1170924095935137,0.3725718718463603,5.551012152606683,1.240381221784874,5.016350502367731,7.115721547990014,5.695900863182929,4.700546356748707,-0.15902690257745447,0.4384609375349179,0.3948298179941391,0.1089473335752736,0.23094199275424784,0.5449215208897721,1.1227307914744915,1.3016263541781348,2.354638093508921,0.9989187709831968,1.5112004740662026,2.995378394091391,0.7785667831207204,3.311376026638259,1.7963221717943845,-0.7376951317802901,0.7376951317802901,-0.4820426798824101,-0.3075623426146228,0.6158384251930635,-0.13085598064755344,-0.2359813632291101,-0.2662958158485814,-0.19611613513818404,-0.19300937626135234,-0.12168146174384352,-0.06715342778730747,-0.03352007615769955,0.5449249778098338,-0.21680296415038888,-0.5118980953829163,0.8505317485662419,-0.40583972495671383,-0.16278112867447064,-1.2316448970959013,-0.1699069165076462,4.804277373453898,-0.6981970580620328,-0.7376951317802901,0.7376951317802901,-0.7376951317802901,0.7376951317802901,-0.7376951317802901,0.7376951317802901,-0.7376951317802901,0.7376951317802901,-0.4820426798824101,-0.3075623426146228,0.6158384251930635,-0.4820426798824101,-0.3075623426146228,0.6158384251930635,-0.4820426798824101,-0.3075623426146228,0.6158384251930635,-0.13085598064755344,-0.2359813632291101,-0.2662958158485814,-0.19611613513818404,-0.19300937626135234,-0.12168146174384352,-0.06715342778730747,-0.03352007615769955,0.5449249778098338,-0.13085598064755344,-0.2359813632291101,-0.2662958158485814,-0.19611613513818404,-0.19300937626135234,-0.12168146174384352,-0.06715342778730747,-0.03352007615769955,0.5449249778098338,-0.21680296415038888,-0.5118980953829163,0.8505317485662419,-0.40583972495671383,-0.16278112867447064
0,-0.32658217613787155,-0.3693648410115938,0.4327933656785018,-0.4736736092984604,-0.09633727609939802,0.5446511676720712,-1.1168810094012038,0.19231329784848822,-0.0675031379141101,-0.32658217613787155,-0.3693648410115938,0.4327933656785018,-0.4736736092984604,-0.09633727609939802,0.5446511676720712,-1.1168810094012038,0.19231329784848822,-0.0675031379141101,-0.5656687103825625,-0.40557459558493253,0.251378268164929,-0.3895323082701867,-0.16556915440240233,0.049449927715090804,-0.8044091670696641,-0.10482623372868215,-0.20031596996992926,-0.5892568139740777,0.2247862474698217,-0.4194008220350217,0.0671675240281258,-0.04105904351514409,-0.9628715365974293,0.0715352902662889,-0.1629968366090419,-0.07639966350995119,-0.28708333828187355,0.020786601066902312,0.5281575091431288,-0.09084380059842266,0.6923732557860374,-0.05924801474239681,-0.2900883232983121,-0.2955781683826058,-0.3888554871521795,-0.41265547100857053,-0.2943754514063852,-0.3658086479243954,-0.15902690257745447,0.4384609375349179,-0.4227782124236476,-0.06558459715791919,-0.2172938748258922,0.5449215208897721,-0.6685250661686233,0.6132734351017236,0.20090432700850336,-1.1087392780725651,-0.6188048076611016,-0.5427168246715761,-0.1174491519879112,0.13630361368728913,-0.23657207930514282,-0.7376951317802901,0.7376951317802901,2.0745051044939435,-0.3075623426146228,-1.6238025415294657,-0.13085598064755344,-0.2359813632291101,-0.2662958158485814,-0.19611613513818404,-0.19300937626135234,-0.12168146174384352,-0.06715342778730747,-0.03352007615769955,0.5449249778098338,-0.21680296415038888,-0.5118980953829163,0.8505317485662419,-0.40583972495671383,-0.16278112867447064,-1.2316448970959013,-0.1699069165076462,-0.2081478487327801,1.4322604033532795,-0.7376951317802901,0.7376951317802901,-0.7376951317802901,0.7376951317802901,-0.7376951317802901,0.7376951317802901,-0.7376951317802901,0.7376951317802901,2.0745051044939435,-0.3075623426146228,-1.6238025415294657,2.0745051044939435,-0.3075623426146228,-1.6238025415294657,2.0745051044939435,-0.3075623426146228,-1.6238025415294657,-0.13085598064755344,-0.2359813632291101,-0.2662958158485814,-0.19611613513818404,-0.19300937626135234,-0.12168146174384352,-0.06715342778730747,-0.03352007615769955,0.5449249778098338,-0.13085598064755344,-0.2359813632291101,-0.2662958158485814,-0.19611613513818404,-0.19300937626135234,-0.12168146174384352,-0.06715342778730747,-0.03352007615769955,0.5449249778098338,-0.21680296415038888,-0.5118980953829163,0.8505317485662419,-0.40583972495671383,-0.16278112867447064
0,-0.32269429308861114,0.8273772438659699,-0.47454519624983954,0.7676298785983874,-0.35803396208892135,0.5446511676720712,-1.3133832581875537,1.2266260647479035,-0.0675031379141101,-0.32269429308861114,0.8273772438659699,-0.47454519624983954,0.7676298785983874,-0.35803396208892135,0.5446511676720712,-1.3133832581875537,1.2266260647479035,-0.0675031379141101,-0.5626088439731822,0.09101790954726928,-0.3760014818308347,0.4429757239811186,-0.335772331622138,0.05293212178233636,-0.9047922786430701,0.4773052368255223,-0.1984875655152988,0.8635041745453002,-0.4030649954631285,0.9889639986931354,-0.16501972683146723,0.7925352191037062,-0.9255628795100984,2.0633460286182723,0.2263602181326639,-0.2328872501475753,-0.28708333828187355,-0.32078666523533045,-0.39610534423349997,-0.38113017778990566,-0.3694246287326534,-0.2751579580367754,0.07498045644575013,-0.0964723215090436,0.9624460102277982,-0.07128042961738269,1.4171320670477043,0.056387602465029836,-0.18986025623493927,-0.06242164711634756,-0.5954363380650448,-0.1399222713590939,-0.32520250961370367,0.5449215208897721,-0.8376565205383595,1.64580281371634,0.20090432700850336,-1.177626087863427,-0.5479237594157019,-0.6336491784248299,1.3385767425636153,0.7316296911155961,-0.23657207930514282,1.3555735383351193,-1.3555735383351195,2.0745051044939435,-0.3075623426146228,-1.6238025415294657,-0.13085598064755344,-0.2359813632291101,-0.2662958158485814,-0.19611613513818404,-0.19300937626135234,-0.12168146174384352,-0.06715342778730747,-0.03352007615769955,0.5449249778098338,-0.21680296415038888,-0.5118980953829163,-1.175735064194511,2.4640269015229057,-0.16278112867447064,-1.2316448970959013,-0.1699069165076462,-0.2081478487327801,1.4322604033532795,1.3555735383351193,-1.3555735383351195,1.3555735383351193,-1.3555735383351195,1.3555735383351193,-1.3555735383351195,1.3555735383351193,-1.3555735383351195,2.0745051044939435,-0.3075623426146228,-1.6238025415294657,2.0745051044939435,-0.3075623426146228,-1.6238025415294657,2.0745051044939435,-0.3075623426146228,-1.6238025415294657,-0.13085598064755344,-0.2359813632291101,-0.2662958158485814,-0.19611613513818404,-0.19300937626135234,-0.12168146174384352,-0.06715342778730747,-0.03352007615769955,0.5449249778098338,-0.13085598064755344,-0.2359813632291101,-0.2662958158485814,-0.19611613513818404,-0.19300937626135234,-0.12168146174384352,-0.06715342778730747,-0.03352007615769955,0.5449249778098338,-0.21680296415038888,-0.5118980953829163,-1.175735064194511,2.4640269015229057,-0.16278112867447064
0,-0.3188064100393508,0.8273772438659699,-0.47454519624983954,-0.4736736092984604,-0.4989475622371262,0.5446511676720712,0.96425644365423,0.5370842201482933,-0.6244040257055189,-0.3188064100393508,0.8273772438659699,-0.47454519624983954,-0.4736736092984604,-0.4989475622371262,0.5446511676720712,0.96425644365423,0.5370842201482933,-0.6244040257055189,-0.5595405365530175,0.09509949178123259,-0.3760014818308347,-0.3895323082701867,-0.42769365538062265,0.056414315849581925,0.27424434001610704,0.09418397649734386,-0.529428771803412,0.8635041745453002,-0.4030649954631285,-0.4194008220350217,-0.571347415835755,0.7925352191037062,1.3577269342345568,1.209712855038851,-0.3576753639798948,-0.2328872501475753,-0.28708333828187355,-0.32078666523533045,-0.39610534423349997,-0.38113017778990566,-0.3694246287326534,-0.2751579580367754,-0.2900883232983121,-0.2955781683826058,-0.3888554871521795,-0.41265547100857053,-0.2943754514063852,-0.3658086479243954,-0.19836401418550262,-0.33212765423625973,-0.41485036472765574,-0.36616736675397343,-0.4123594838653976,0.5449215208897721,1.1227307914744915,0.9574498946399291,-0.337529114616601,0.9989187709831968,1.1401173391344044,-0.22342026433344614,0.29322481827021163,-0.26058043793158214,-0.4271559153457235,-0.7376951317802901,0.7376951317802901,-0.4820426798824101,-0.3075623426146228,0.6158384251930635,-0.13085598064755344,-0.2359813632291101,-0.2662958158485814,-0.19611613513818404,-0.19300937626135234,-0.12168146174384352,-0.06715342778730747,-0.03352007615769955,0.5449249778098338,-0.21680296415038888,-0.5118980953829163,0.8505317485662419,-0.40583972495671383,-0.16278112867447064,0.8119223343984152,-0.1699069165076462,-0.2081478487327801,-0.6981970580620328,-0.7376951317802901,0.7376951317802901,-0.7376951317802901,0.7376951317802901,-0.7376951317802901,0.7376951317802901,-0.7376951317802901,0.7376951317802901,-0.4820426798824101,-0.3075623426146228,0.6158384251930635,-0.4820426798824101,-0.3075623426146228,0.6158384251930635,-0.4820426798824101,-0.3075623426146228,0.6158384251930635,-0.13085598064755344,-0.2359813632291101,-0.2662958158485814,-0.19611613513818404,-0.19300937626135234,-0.12168146174384352,-0.06715342778730747,-0.03352007615769955,0.5449249778098338,-0.13085598064755344,-0.2359813632291101,-0.2662958158485814,-0.19611613513818404,-0.19300937626135234,-0.12168146174384352,-0.06715342778730747,-0.03352007615769955,0.5449249778098338,-0.21680296415038888,-0.5118980953829163,0.8505317485662419,-0.40583972495671383,-0.16278112867447064
0,-0.31491852699009043,0.8273772438659699,0.4327933656785018,-0.4736736092984604,-0.33790344778203496,0.5446511676720712,-1.5366812681720423,0.8818551424480984,-0.0675031379141101,-0.31491852699009043,0.8273772438659699,0.4327933656785018,-0.4736736092984604,-0.33790344778203496,0.5446511676720712,-1.5366812681720423,0.8818551424480984,-0.0675031379141101,-0.5564637881220682,0.09918107401519588,0.25657754786102643,-0.3895323082701867,-0.3215161831465719,0.05989650991682748,-1.0191966544254962,0.2915978481386691,-0.19483075660603788,0.8635041745453002,0.5387118689362969,-0.4194008220350217,-0.10697291411656897,0.7925352191037062,-1.1494148220340843,1.6365294418285616,0.2263602181326639,-0.07639966350995119,-0.28708333828187355,-0.1310237395118678,0.5281575091431288,-0.26464583535001124,1.1170924095935137,-0.05924801474239681,-0.2900883232983121,-0.2955781683826058,-0.3888554871521795,-0.41265547100857053,-0.2943754514063852,-0.3658086479243954,-0.1881826441222431,-0.023892217527788678,-0.6368301002154287,-0.16254678089858185,-0.31690184539925664,0.5449215208897721,-1.0298513550494233,1.3016263541781348,0.20090432700850336,-1.2286533543751765,-0.8237046446057863,-0.736981398598982,0.7785667831207204,0.5331876653061604,-0.23657207930514282,-0.7376951317802901,0.7376951317802901,-0.4820426798824101,3.2513733362117265,-1.6238025415294657,-0.13085598064755344,-0.2359813632291101,-0.2662958158485814,-0.19611613513818404,-0.19300937626135234,-0.12168146174384352,-0.06715342778730747,-0.03352007615769955,0.5449249778098338,-0.21680296415038888,-0.5118980953829163,0.8505317485662419,-0.40583972495671383,-0.16278112867447064,-1.2316448970959013,-0.1699069165076462,-0.2081478487327801,1.4322604033532795,-0.7376951317802901,0.7376951317802901,-0.7376951317802901,0.7376951317802901,-0.7376951317802901,0.7376951317802901,-0.7376951317802901,0.7376951317802901,-0.4820426798824101,3.2513733362117265,-1.6238025415294657,-0.4820426798824101,3.2513733362117265,-1.6238025415294657,-0.4820426798824101,3.2513733362117265,-1.6238025415294657,-0.13085598064755344,-0.2359813632291101,-0.2662958158485814,-0.19611613513818404,-0.19300937626135234,-0.12168146174384352,-0.06715342778730747,-0.03352007615769955,0.5449249778098338,-0.13085598064755344,-0.2359813632291101,-0.2662958158485814,-0.19611613513818404,-0.19300937626135234,-0.12168146174384352,-0.06715342778730747,-0.03352007615769955,0.5449249778098338,-0.21680296415038888,-0.5118980953829163,0.8505317485662419,-0.40583972495671383,-0.16278112867447064
0,-0.31103064394083,0.8273772438659699,-0.47454519624983954,-0.4736736092984604,-0.4989475622371262,0.5446511676720712,0.96425644365423,0.19231329784848822,-0.6244040257055189,-0.31103064394083,0.8273772438659699,-0.47454519624983954,-0.4736736092984604,-0.4989475622371262,0.5446511676720712,0.96425644365423,0.19231329784848822,-0.6244040257055189,-0.5533785986803345,0.10326265624915919,-0.3760014818308347,-0.3895323082701867,-0.4271858027631725,0.06337870398407304,0.2821531200996014,-0.09418397649734386,-0.5276003673487815,0.8635041745453002,-0.4030649954631285,-0.4194008220350217,-0.571347415835755,0.7925352191037062,1.3577269342345568,0.7828962682491402,-0.3576753639798948,-0.2328872501475753,-0.28708333828187355,-0.32078666523533045,-0.39610534423349997,-0.38113017778990566,-0.3694246287326534,-0.2751579580367754,-0.2900883232983121,-0.2955781683826058,-0.3888554871521795,-0.41265547100857053,-0.2943754514063852,-0.3658086479243954,-0.19836401418550262,-0.33212765423625973,-0.41485036472765574,-0.3887918762934614,-0.4123594838653976,0.5449215208897721,1.1227307914744915,0.6132734351017236,-0.337529114616601,0.9989187709831968,0.7690342042026062,-0.22342026433344614,-0.1174491519879112,-0.3598014508363,-0.4271559153457235,-0.7376951317802901,0.7376951317802901,-0.4820426798824101,-0.3075623426146228,0.6158384251930635,-0.13085598064755344,-0.2359813632291101,-0.2662958158485814,-0.19611613513818404,-0.19300937626135234,-0.12168146174384352,-0.06715342778730747,-0.03352007615769955,0.5449249778098338,-0.21680296415038888,-0.5118980953829163,0.8505317485662419,-0.40583972495671383,-0.16278112867447064,0.8119223343984152,-0.1699069165076462,-0.2081478487327801,-0.6981970580620328,-0.7376951317802901,0.7376951317802901,-0.7376951317802901,0.7376951317802901,-0.7376951317802901,0.7376951317802901,-0.7376951317802901,0.7376951317802901,-0.4820426798824101,-0.3075623426146228,0.6158384251930635,-0.4820426798824101,-0.3075623426146228,0.6158384251930635,-0.4820426798824101,-0.3075623426146228,0.6158384251930635,-0.13085598064755344,-0.2359813632291101,-0.2662958158485814,-0.19611613513818404,-0.19300937626135234,-0.12168146174384352,-0.06715342778730747,-0.03352007615769955,0.5449249778098338,-0.13085598064755344,-0.2359813632291101,-0.2662958158485814,-0.19611613513818404,-0.19300937626135234,-0.12168146174384352,-0.06715342778730747,-0.03352007615769955,0.5449249778098338,-0.21680296415038888,-0.5118980953829163,0.8505317485662419,-0.40583972495671383,-0.16278112867447064
1,-0.30714276089156967,-1.5661069258891576,0.4327933656785018,-0.4736736092984604,0.8699274106311498,-1.8668102534866975,-1.3133832581875537,1.5713969870477085,-0.0675031379141101,-0.30714276089156967,-1.5661069258891576,0.4327933656785018,-0.4736736092984604,0.8699274106311498,-1.8668102534866975,-1.3133832581875537,1.5713969870477085,-0.0675031379141101,-0.5502849682278161,-0.8912828814265655,0.2600437343250914,-0.3895323082701867,0.47835168933747996,-1.1531295709362446,-0.9019232829787527,0.6896182685907212,-0.19117394769677695,-1.4609134070857044,-0.0891393739966534,-0.4194008220350217,0.4734952130324136,-1.6704316554584984,-1.2628331395795704,-0.07073690533028135,-0.5523538913507477,-0.07639966350995119,-0.28708333828187355,0.6280279633819829,-0.35417626015527026,-0.17219794452469814,1.5418115634009901,-0.05924801474239681,-0.2900883232983121,-0.2955781683826058,-0.3888554871521795,-0.41265547100857053,-0.2943754514063852,-0.3658086479243954,0.1242003010004922,-0.4707424068388858,-0.14751294324150294,1.6797347101740085,0.18113800746756561,-1.8399449636419904,-1.2523121374645567,-0.9670871128370189,-0.8271106069029386,-1.177626087863427,-0.4806165455356165,-0.6336491784248299,1.973254696598896,0.9300717169250317,-0.23657207930514282,1.3555735383351193,-1.3555735383351195,2.0745051044939435,-0.3075623426146228,-1.6238025415294657,-0.13085598064755344,-0.2359813632291101,-0.2662958158485814,5.099019513592785,-0.19300937626135234,-0.12168146174384352,-0.06715342778730747,-0.03352007615769955,-1.8351149988007645,-0.21680296415038888,-0.5118980953829163,-1.175735064194511,2.4640269015229057,-0.16278112867447064,-1.2316448970959013,-0.1699069165076462,-0.2081478487327801,1.4322604033532795,1.3555735383351193,-1.3555735383351195,1.3555735383351193,-1.3555735383351195,1.3555735383351193,-1.3555735383351195,1.3555735383351193,-1.3555735383351195,2.0745051044939435,-0.3075623426146228,-1.6238025415294657,2.0745051044939435,-0.3075623426146228,-1.6238025415294657,2.0745051044939435,-0.3075623426146228,-1.6238025415294657,-0.13085598064755344,-0.2359813632291101,-0.2662958158485814,5.099019513592785,-0.19300937626135234,-0.12168146174384352,-0.06715342778730747,-0.03352007615769955,-1.8351149988007645,-0.13085598064755344,-0.2359813632291101,-0.2662958158485814,5.099019513592785,-0.19300937626135234,-0.12168146174384352,-0.06715342778730747,-0.03352007615769955,-1.8351149988007645,-0.21680296415038888,-0.5118980953829163,-1.175735064194511,2.4640269015229057,-0.16278112867447064
1,-0.30325487784230926,0.8273772438659699,-0.47454519624983954,-0.4736736092984604,-0.4989475622371262,0.5446511676720712,-1.3133832581875537,-0.497228546751122,-0.6244040257055189,-0.30325487784230926,0.8273772438659699,-0.47454519624983954,-0.4736736092984604,-0.4989475622371262,0.5446511676720712,-1.3133832581875537,-0.497228546751122,-0.6244040257055189,-0.5471828967645134,0.11142582071708579,-0.3760014818308347,-0.3895323082701867,-0.4266779501457223,0.07034309211856417,-0.9012060340626734,-0.48049791399492375,-0.5257719628941511,0.8635041745453002,-0.4030649954631285,-0.4194008220350217,-0.571347415835755,0.7925352191037062,-0.9255628795100984,-0.07073690533028135,-0.3576753639798948,-0.2328872501475753,-0.28708333828187355,-0.32078666523533045,-0.39610534423349997,-0.38113017778990566,-0.3694246287326534,-0.2751579580367754,-0.2900883232983121,-0.2955781683826058,-0.3888554871521795,-0.41265547100857053,-0.2943754514063852,-0.3658086479243954,-0.19836401418550262,-0.33212765423625973,-0.6468373833726644,-0.4340408953724373,-0.4123594838653976,0.5449215208897721,-0.8376565205383595,-0.07507948397468743,-0.337529114616601,-1.177626087863427,-0.8844598288161288,-0.7504145872216218,-0.714793108726999,-0.5582434766457356,-0.4271559153457235,1.3555735383351193,-1.3555735383351195,2.0745051044939435,-0.3075623426146228,-1.6238025415294657,-0.13085598064755344,-0.2359813632291101,-0.2662958158485814,-0.19611613513818404,-0.19300937626135234,-0.12168146174384352,-0.06715342778730747,-0.03352007615769955,0.5449249778098338,-0.21680296415038888,-0.5118980953829163,-1.175735064194511,2.4640269015229057,-0.16278112867447064,0.8119223343984152,-0.1699069165076462,-0.2081478487327801,-0.6981970580620328,1.3555735383351193,-1.3555735383351195,1.3555735383351193,-1.3555735383351195,1.3555735383351193,-1.3555735383351195,1.3555735383351193,-1.3555735383351195,2.0745051044939435,-0.3075623426146228,-1.6238025415294657,2.0745051044939435,-0.3075623426146228,-1.6238025415294657,2.0745051044939435,-0.3075623426146228,-1.6238025415294657,-0.13085598064755344,-0.2359813632291101,-0.2662958158485814,-0.19611613513818404,-0.19300937626135234,-0.12168146174384352,-0.06715342778730747,-0.03352007615769955,0.5449249778098338,-0.13085598064755344,-0.2359813632291101,-0.2662958158485814,-0.19611613513818404,-0.19300937626135234,-0.12168146174384352,-0.06715342778730747,-0.03352007615769955,0.5449249778098338,-0.21680296415038888,-0.5118980953829163,-1.175735064194511,2.4640269015229057,-0.16278112867447064
1,-0.2993669947930489,0.8273772438659699,-0.47454519624983954,-0.4736736092984604,-0.4989475622371262,0.5446511676720712,-1.5500791487711116,-0.841999469050927,-0.6244040257055189,-0.2993669947930489,0.8273772438659699,-0.47454519624983954,-0.4736736092984604,-0.4989475622371262,0.5446511676720712,-1.5500791487711116,-0.841999469050927,-0.6244040257055189,-0.5440723842904261,0.1155074029510491,-0.3760014818308347,-0.3895323082701867,-0.4264240238369972,0.07382528618580973,-1.0246236263126454,-0.6752512213284144,-0.5248577606668358,0.8635041745453002,-0.4030649954631285,-0.4194008220350217,-0.571347415835755,0.7925352191037062,-1.1628459385855234,-0.4975534921199921,-0.3576753639798948,-0.2328872501475753,-0.28708333828187355,-0.32078666523533045,-0.39610534423349997,-0.38113017778990566,-0.3694246287326534,-0.2751579580367754,-0.2900883232983121,-0.2955781683826058,-0.3888554871521795,-0.41265547100857053,-0.2943754514063852,-0.3658086479243954,-0.19836401418550262,-0.33212765423625973,-0.6709458382514594,-0.45666540491192525,-0.4123594838653976,0.5449215208897721,-1.0413830451200872,-0.41925594351289297,-0.337529114616601,-1.2307930204368625,-1.0149047831500997,-0.8051806639139224,-0.9014630952079639,-0.6574644895504534,-0.4271559153457235,1.3555735383351193,-1.3555735383351195,-0.4820426798824101,3.2513733362117265,-1.6238025415294657,-0.13085598064755344,-0.2359813632291101,-0.2662958158485814,-0.19611613513818404,-0.19300937626135234,-0.12168146174384352,-0.06715342778730747,-0.03352007615769955,0.5449249778098338,-0.21680296415038888,1.9535138126504805,-1.175735064194511,-0.40583972495671383,-0.16278112867447064,0.8119223343984152,-0.1699069165076462,-0.2081478487327801,-0.6981970580620328,1.3555735383351193,-1.3555735383351195,1.3555735383351193,-1.3555735383351195,1.3555735383351193,-1.3555735383351195,1.3555735383351193,-1.3555735383351195,-0.4820426798824101,3.2513733362117265,-1.6238025415294657,-0.4820426798824101,3.2513733362117265,-1.6238025415294657,-0.4820426798824101,3.2513733362117265,-1.6238025415294657,-0.13085598064755344,-0.2359813632291101,-0.2662958158485814,-0.19611613513818404,-0.19300937626135234,-0.12168146174384352,-0.06715342778730747,-0.03352007615769955,0.5449249778098338,-0.13085598064755344,-0.2359813632291101,-0.2662958158485814,-0.19611613513818404,-0.19300937626135234,-0.12168146174384352,-0.06715342778730747,-0.03352007615769955,0.5449249778098338,-0.21680296415038888,1.9535138126504805,-1.175735064194511,-0.40583972495671383,-0.16278112867447064
1,-0.29547911174378855,-1.5661069258891576,-0.47454519624983954,-0.4736736092984604,0.7491443247898313,-1.8194778495589943,-1.3133832581875537,-0.497228546751122,-0.0675031379141101,-0.29547911174378855,-1.5661069258891576,-0.47454519624983954,-0.4736736092984604,0.7491443247898313,-1.8194778495589943,-1.3133832581875537,-0.497228546751122,-0.0675031379141101,-0.5409534308055545,-0.8872012991926023,-0.3760014818308347,-0.3895323082701867,0.40598269135082765,-1.1285138243149269,-0.8997715362305146,-0.4773052368255223,-0.18568873433288557,-1.4609134070857044,-0.4030649954631285,-0.4194008220350217,0.3574015876026171,-1.6548120390977903,-1.2628331395795704,-0.9243700789097029,-0.5523538913507477,-0.2328872501475753,-0.28708333828187355,-0.32078666523533045,-0.39610534423349997,-0.38113017778990566,-0.3694246287326534,-0.2751579580367754,-0.2900883232983121,-0.2955781683826058,-0.3888554871521795,-0.41265547100857053,-0.2943754514063852,-0.3658086479243954,0.07421902978085455,-0.43141503048369995,-0.19157098207660542,0.1671246438196712,0.1313340221808834,-1.83504312030046,-1.2441732358926583,-1.0414210819088798,-0.8069326278282305,-1.177626087863427,-0.8844598288161288,-0.6336491784248299,-0.714793108726999,-0.26058043793158214,-0.23657207930514282,1.3555735383351193,-1.3555735383351195,2.0745051044939435,-0.3075623426146228,-1.6238025415294657,-0.13085598064755344,4.237622777986573,-0.2662958158485814,-0.19611613513818404,-0.19300937626135234,-0.12168146174384352,-0.06715342778730747,-0.03352007615769955,-1.8351149988007645,-0.21680296415038888,-0.5118980953829163,-1.175735064194511,2.4640269015229057,-0.16278112867447064,0.8119223343984152,-0.1699069165076462,-0.2081478487327801,-0.6981970580620328,1.3555735383351193,-1.3555735383351195,1.3555735383351193,-1.3555735383351195,1.3555735383351193,-1.3555735383351195,1.3555735383351193,-1.3555735383351195,2.0745051044939435,-0.3075623426146228,-1.6238025415294657,2.0745051044939435,-0.3075623426146228,-1.6238025415294657,2.0745051044939435,-0.3075623426146228,-1.6238025415294657,-0.13085598064755344,4.237622777986573,-0.2662958158485814,-0.19611613513818404,-0.19300937626135234,-0.12168146174384352,-0.06715342778730747,-0.03352007615769955,-1.8351149988007645,-0.13085598064755344,4.237622777986573,-0.2662958158485814,-0.19611613513818404,-0.19300937626135234,-0.12168146174384352,-0.06715342778730747,-0.03352007615769955,-1.8351149988007645,-0.21680296415038888,-0.5118980953829163,-1.175735064194511,2.4640269015229057,-0.16278112867447064
1,-0.29159122869452814,-1.5661069258891576,0.4327933656785018,-0.4736736092984604,0.4673171244934215,-1.8792661492571456,-1.1168810094012038,-0.497228546751122,-0.0675031379141101,-0.29159122869452814,-1.5661069258891576,0.4327933656785018,-0.4736736092984604,0.4673171244934215,-1.8792661492571456,-1.1168810094012038,-0.497228546751122,-0.0675031379141101,-0.5378260363098982,-0.8858407717812812,0.2669761072532214,-0.3895323082701867,0.22007235817709678,-1.158867979502682,-0.795440381950902,-0.4757088982408215,-0.18386032987825512,-1.4609134070857044,-0.0891393739966534,-0.4194008220350217,0.08651646159975855,-1.6745420808165796,-1.1971699031058678,-0.9243700789097029,-0.5523538913507477,-0.07639966350995119,-0.28708333828187355,0.3750107290840326,-0.35873376929420825,-0.09084380059842266,0.2676541019785611,-0.05924801474239681,-0.2900883232983121,-0.2955781683826058,-0.3888554871521795,-0.41265547100857053,-0.2943754514063852,-0.3658086479243954,-0.02620630220675072,-0.5161493776064675,-0.13711576593528405,0.03137758658274347,0.015124723178624856,-1.8409560124108695,-1.2476153051182213,-1.0658596470831903,-0.8324206013962827,-1.1087392780725651,-0.805835472779215,-0.5427168246715761,-0.714793108726999,-0.26058043793158214,-0.23657207930514282,-0.7376951317802901,0.7376951317802901,2.0745051044939435,-0.3075623426146228,-1.6238025415294657,-0.13085598064755344,-0.2359813632291101,-0.2662958158485814,-0.19611613513818404,5.181095444015676,-0.12168146174384352,-0.06715342778730747,-0.03352007615769955,-1.8351149988007645,-0.21680296415038888,-0.5118980953829163,0.8505317485662419,-0.40583972495671383,-0.16278112867447064,-1.2316448970959013,-0.1699069165076462,-0.2081478487327801,1.4322604033532795,-0.7376951317802901,0.7376951317802901,-0.7376951317802901,0.7376951317802901,-0.7376951317802901,0.7376951317802901,-0.7376951317802901,0.7376951317802901,2.0745051044939435,-0.3075623426146228,-1.6238025415294657,2.0745051044939435,-0.3075623426146228,-1.6238025415294657,2.0745051044939435,-0.3075623426146228,-1.6238025415294657,-0.13085598064755344,-0.2359813632291101,-0.2662958158485814,-0.19611613513818404,5.181095444015676,-0.12168146174384352,-0.06715342778730747,-0.03352007615769955,-1.8351149988007645,-0.13085598064755344,-0.2359813632291101,-0.2662958158485814,-0.19611613513818404,5.181095444015676,-0.12168146174384352,-0.06715342778730747,-0.03352007615769955,-1.8351149988007645,-0.21680296415038888,-0.5118980953829163,0.8505317485662419,-0.40583972495671383,-0.16278112867447064
0,-0.2877033456452678,0.8273772438659699,0.4327933656785018,-0.4736736092984604,-0.5190780765440126,0.5446511676720712,0.96425644365423,-1.1867703913507321,-0.6244040257055189,-0.2877033456452678,0.8273772438659699,0.4327933656785018,-0.4736736092984604,-0.5190780765440126,0.5446511676720712,0.96425644365423,-1.1867703913507321,-0.6244040257055189,-0.5346902008034574,0.12775214965293902,0.26870920048525393,-0.3895323082701867,-0.4391566144602127,0.08427186838754641,0.3058794603500846,-0.8700045286619051,-0.5221151539848902,0.8635041745453002,0.5387118689362969,-0.4194008220350217,-0.6293942285506533,0.7925352191037062,1.3577269342345568,-0.9243700789097029,-0.3576753639798948,-0.07639966350995119,-0.28708333828187355,-0.24488149494594538,0.5281575091431288,0.770770541893495,-0.15706505182891523,-0.16720298638958608,-0.2900883232983121,-0.2955781683826058,-0.3888554871521795,-0.41265547100857053,-0.2943754514063852,-0.3658086479243954,-0.19911604720153883,-0.3706570838248186,-0.4553343738637455,-0.4825219872427686,-0.4165098159726211,0.5449215208897721,1.1227307914744915,-0.7634324030510985,-0.337529114616601,0.9989187709831968,-0.7152983355245868,-0.22342026433344614,-1.0134650870965427,-0.7566855024551713,-0.4271559153457235,-0.7376951317802901,0.7376951317802901,-0.4820426798824101,-0.3075623426146228,0.6158384251930635,-0.13085598064755344,-0.2359813632291101,-0.2662958158485814,-0.19611613513818404,-0.19300937626135234,-0.12168146174384352,-0.06715342778730747,-0.03352007615769955,0.5449249778098338,-0.21680296415038888,-0.5118980953829163,0.8505317485662419,-0.40583972495671383,-0.16278112867447064,-1.2316448970959013,-0.1699069165076462,-0.2081478487327801,1.4322604033532795,-0.7376951317802901,0.7376951317802901,-0.7376951317802901,0.7376951317802901,-0.7376951317802901,0.7376951317802901,-0.7376951317802901,0.7376951317802901,-0.4820426798824101,-0.3075623426146228,0.6158384251930635,-0.4820426798824101,-0.3075623426146228,0.6158384251930635,-0.4820426798824101,-0.3075623426146228,0.6158384251930635,-0.13085598064755344,-0.2359813632291101,-0.2662958158485814,-0.19611613513818404,-0.19300937626135234,-0.12168146174384352,-0.06715342778730747,-0.03352007615769955,0.5449249778098338,-0.13085598064755344,-0.2359813632291101,-0.2662958158485814,-0.19611613513818404,-0.19300937626135234,-0.12168146174384352,-0.06715342778730747,-0.03352007615769955,0.5449249778098338,-0.21680296415038888,-0.5118980953829163,0.8505317485662419,-0.40583972495671383,-0.16278112867447064
0,-0.28381546259600743,0.8273772438659699,-0.47454519624983954,-0.4736736092984604,-0.4788170479302398,0.5446511676720712,0.96425644365423,-1.1867703913507321,-0.6244040257055189,-0.28381546259600743,0.8273772438659699,-0.47454519624983954,-0.4736736092984604,-0.4788170479302398,0.5446511676720712,0.96425644365423,-1.1867703913507321,-0.6244040257055189,-0.5315459242862323,0.1318337318869023,-0.3760014818308347,-0.3895323082701867,-0.41187767386574525,0.08775406245479198,0.3098338503918318,-0.8694724158003383,-0.5212009517575749,0.8635041745453002,-0.4030649954631285,-0.4194008220350217,-0.5133006031208568,0.7925352191037062,1.3577269342345568,-0.9243700789097029,-0.3576753639798948,-0.2328872501475753,-0.28708333828187355,-0.32078666523533045,-0.39610534423349997,-0.38113017778990566,-0.3694246287326534,-0.2751579580367754,-0.2900883232983121,-0.2955781683826058,-0.3888554871521795,-0.41265547100857053,-0.2943754514063852,-0.3658086479243954,-0.1974962837823839,-0.29359822464770086,-0.374366355591566,-0.47605784166005777,-0.40820915175817407,0.5449215208897721,1.1227307914744915,-0.7634324030510985,-0.337529114616601,0.9989187709831968,-0.7152983355245868,-0.22342026433344614,-1.0134650870965427,-0.7566855024551713,-0.4271559153457235,-0.7376951317802901,0.7376951317802901,-0.4820426798824101,-0.3075623426146228,0.6158384251930635,-0.13085598064755344,-0.2359813632291101,-0.2662958158485814,-0.19611613513818404,-0.19300937626135234,-0.12168146174384352,-0.06715342778730747,-0.03352007615769955,0.5449249778098338,-0.21680296415038888,-0.5118980953829163,0.8505317485662419,-0.40583972495671383,-0.16278112867447064,0.8119223343984152,-0.1699069165076462,-0.2081478487327801,-0.6981970580620328,-0.7376951317802901,0.7376951317802901,-0.7376951317802901,0.7376951317802901,-0.7376951317802901,0.7376951317802901,-0.7376951317802901,0.7376951317802901,-0.4820426798824101,-0.3075623426146228,0.6158384251930635,-0.4820426798824101,-0.3075623426146228,0.6158384251930635,-0.4820426798824101,-0.3075623426146228,0.6158384251930635,-0.13085598064755344,-0.2359813632291101,-0.2662958158485814,-0.19611613513818404,-0.19300937626135234,-0.12168146174384352,-0.06715342778730747,-0.03352007615769955,0.5449249778098338,-0.13085598064755344,-0.2359813632291101,-0.2662958158485814,-0.19611613513818404,-0.19300937626135234,-0.12168146174384352,-0.06715342778730747,-0.03352007615769955,0.5449249778098338,-0.21680296415038888,-0.5118980953829163,0.8505317485662419,-0.40583972495671383,-0.16278112867447064
0,-0.279927579546747,-1.5661069258891576,-0.47454519624983954,-0.4736736092984604,2.0777582690443346,0.5446511676720712,-1.1168810094012038,-0.841999469050927,1.0462986376687076,-0.279927579546747,-1.5661069258891576,-0.47454519624983954,-0.4736736092984604,2.0777582690443346,0.5446511676720712,-1.1168810094012038,-0.841999469050927,1.0462986376687076,-0.5283932067582224,-0.8817591895473179,-0.3760014818308347,-0.3895323082701867,1.311411357890598,0.09123625652203754,-0.7924507869113147,-0.6699300927127453,0.5054481495174281,-1.4609134070857044,-0.4030649954631285,-0.4194008220350217,1.6344314673303788,-0.8746533061339944,-1.1971699031058678,-1.0666422745062731,-0.1629968366090419,-0.2328872501475753,-0.28708333828187355,-0.32078666523533045,-0.39610534423349997,-0.38113017778990566,-0.3694246287326534,-0.2751579580367754,-0.2900883232983121,-0.2955781683826058,-0.3888554871521795,-0.41265547100857053,-0.2943754514063852,-0.3658086479243954,0.8530938396202079,4.599639333099277,0.6790626526028976,0.3707452296750628,1.799767529284738,0.5449215208897721,-0.6685250661686233,-0.41925594351289297,1.2777712102587122,-1.1087392780725651,-0.8993508053382716,-0.21825365332473853,-0.9014630952079639,-0.06213841212214652,0.52576326485718,-0.7376951317802901,0.7376951317802901,2.0745051044939435,-0.3075623426146228,-1.6238025415294657,-0.13085598064755344,-0.2359813632291101,-0.2662958158485814,-0.19611613513818404,-0.19300937626135234,-0.12168146174384352,-0.06715342778730747,-0.03352007615769955,0.5449249778098338,-0.21680296415038888,-0.5118980953829163,0.8505317485662419,-0.40583972495671383,-0.16278112867447064,0.8119223343984152,-0.1699069165076462,-0.2081478487327801,-0.6981970580620328,-0.7376951317802901,0.7376951317802901,-0.7376951317802901,0.7376951317802901,-0.7376951317802901,0.7376951317802901,-0.7376951317802901,0.7376951317802901,2.0745051044939435,-0.3075623426146228,-1.6238025415294657,2.0745051044939435,-0.3075623426146228,-1.6238025415294657,2.0745051044939435,-0.3075623426146228,-1.6238025415294657,-0.13085598064755344,-0.2359813632291101,-0.2662958158485814,-0.19611613513818404,-0.19300937626135234,-0.12168146174384352,-0.06715342778730747,-0.03352007615769955,0.5449249778098338,-0.13085598064755344,-0.2359813632291101,-0.2662958158485814,-0.19611613513818404,-0.19300937626135234,-0.12168146174384352,-0.06715342778730747,-0.03352007615769955,0.5449249778098338,-0.21680296415038888,-0.5118980953829163,0.8505317485662419,-0.40583972495671383,-0.16278112867447064
0,-0.27603969649748666,0.8273772438659699,2.2474704895351842,0.7676298785983874,-0.2171203619407165,0.5446511676720712,-0.5095104222433947,-1.5315413136505371,1.6031995254601163,-0.27603969649748666,0.8273772438659699,2.2474704895351842,0.7676298785983874,-0.2171203619407165,0.5446511676720712,-0.5095104222433947,-1.5315413136505371,1.6031995254601163,-0.5252320482194283,0.13999689635482893,1.5737284042057238,0.4704966506671122,-0.23445573444082474,0.0947184505892831,-0.46774014266466707,-1.0679505131647973,0.8519307936699002,0.8635041745453002,2.4222655977351475,0.9889639986931354,0.24130796217282058,0.7925352191037062,-0.11969588642374947,-1.3511866656994136,1.9784669644703399,1.1755010295910417,1.2294656009028064,0.4762176228032127,2.3766832158963864,1.244103742919098,-0.3694246287326534,1.3441666166710637,0.07498045644575013,0.0030806019277374976,0.9624460102277982,0.4725028221561908,-0.2943754514063852,0.6896819780491676,-0.1756873263173337,0.20728436000356462,-0.29840197889800435,-0.5019144239909011,-0.00562693735749274,0.5449215208897721,-0.14575511629852972,-1.107608862589304,1.8162046518838164,-0.7538678336953983,-1.086381470456385,0.6466370295329145,-1.0507990843927357,-0.855906515359889,1.097514772978922,1.3555735383351193,-1.3555735383351195,-0.4820426798824101,-0.3075623426146228,0.6158384251930635,-0.13085598064755344,-0.2359813632291101,-0.2662958158485814,-0.19611613513818404,-0.19300937626135234,-0.12168146174384352,-0.06715342778730747,-0.03352007615769955,0.5449249778098338,-0.21680296415038888,1.9535138126504805,-1.175735064194511,-0.40583972495671383,-0.16278112867447064,-1.2316448970959013,-0.1699069165076462,4.804277373453898,-0.6981970580620328,1.3555735383351193,-1.3555735383351195,1.3555735383351193,-1.3555735383351195,1.3555735383351193,-1.3555735383351195,1.3555735383351193,-1.3555735383351195,-0.4820426798824101,-0.3075623426146228,0.6158384251930635,-0.4820426798824101,-0.3075623426146228,0.6158384251930635,-0.4820426798824101,-0.3075623426146228,0.6158384251930635,-0.13085598064755344,-0.2359813632291101,-0.2662958158485814,-0.19611613513818404,-0.19300937626135234,-0.12168146174384352,-0.06715342778730747,-0.03352007615769955,0.5449249778098338,-0.13085598064755344,-0.2359813632291101,-0.2662958158485814,-0.19611613513818404,-0.19300937626135234,-0.12168146174384352,-0.06715342778730747,-0.03352007615769955,0.5449249778098338,-0.21680296415038888,1.9535138126504805,-1.175735064194511,-0.40583972495671383,-0.16278112867447064
1,-0.27215181344822625,-1.5661069258891576,0.4327933656785018,-0.4736736092984604,1.0108410107793546,0.5446511676720712,-1.3133832581875537,0.5370842201482933,-0.0675031379141101,-0.27215181344822625,-1.5661069258891576,0.4327933656785018,-0.4736736092984604,1.0108410107793546,0.5446511676720712,-1.3133832581875537,0.5370842201482933,-0.0675031379141101,-0.5220624486698495,-0.8790381347246756,0.2756415734133839,-0.3895323082701867,0.5983137326166075,0.09820064465652865,-0.8954680427340386,0.1324961025301617,-0.17471830760510282,-1.4609134070857044,-0.0891393739966534,-0.4194008220350217,0.6089377760338429,-0.8746533061339944,-1.2628331395795704,-0.4975534921199921,-0.5523538913507477,-0.07639966350995119,-0.28708333828187355,0.7165839953862654,0.5281575091431288,-0.17219794452469814,0.9047328326897756,-0.05924801474239681,-0.2900883232983121,-0.2955781683826058,-0.3888554871521795,-0.41265547100857053,-0.2943754514063852,-0.3658086479243954,0.18777601520232295,2.5575795649056565,-0.09611189793388338,1.0882653893559664,0.23924265696869487,0.5449215208897721,-0.8376565205383595,0.9574498946399291,0.20090432700850336,-1.177626087863427,-0.6825381871758727,-0.6336491784248299,0.29322481827021163,0.33474563949672476,-0.23657207930514282,1.3555735383351193,-1.3555735383351195,2.0745051044939435,-0.3075623426146228,-1.6238025415294657,-0.13085598064755344,-0.2359813632291101,-0.2662958158485814,-0.19611613513818404,-0.19300937626135234,-0.12168146174384352,-0.06715342778730747,-0.03352007615769955,0.5449249778098338,-0.21680296415038888,-0.5118980953829163,-1.175735064194511,2.4640269015229057,-0.16278112867447064,-1.2316448970959013,-0.1699069165076462,-0.2081478487327801,1.4322604033532795,1.3555735383351193,-1.3555735383351195,1.3555735383351193,-1.3555735383351195,1.3555735383351193,-1.3555735383351195,1.3555735383351193,-1.3555735383351195,2.0745051044939435,-0.3075623426146228,-1.6238025415294657,2.0745051044939435,-0.3075623426146228,-1.6238025415294657,2.0745051044939435,-0.3075623426146228,-1.6238025415294657,-0.13085598064755344,-0.2359813632291101,-0.2662958158485814,-0.19611613513818404,-0.19300937626135234,-0.12168146174384352,-0.06715342778730747,-0.03352007615769955,0.5449249778098338,-0.13085598064755344,-0.2359813632291101,-0.2662958158485814,-0.19611613513818404,-0.19300937626135234,-0.12168146174384352,-0.06715342778730747,-0.03352007615769955,0.5449249778098338,-0.21680296415038888,-0.5118980953829163,-1.175735064194511,2.4640269015229057,-0.16278112867447064
1,-0.2682639303989659,0.8273772438659699,-0.47454519624983954,-0.4736736092984604,-0.4989475622371262,0.5446511676720712,-0.5095104222433947,-0.841999469050927,-0.6244040257055189,-0.2682639303989659,0.8273772438659699,-0.47454519624983954,-0.4736736092984604,-0.4989475622371262,0.5446511676720712,-0.5095104222433947,-0.841999469050927,-0.6244040257055189,-0.5188844081094863,0.1481600608227555,-0.3760014818308347,-0.3895323082701867,-0.4243926133671964,0.10168283872377422,-0.46402060403791934,-0.6667374155433439,-0.517544142848314,0.8635041745453002,-0.4030649954631285,-0.4194008220350217,-0.571347415835755,0.7925352191037062,-0.11969588642374947,-0.4975534921199921,-0.3576753639798948,-0.2328872501475753,-0.28708333828187355,-0.32078666523533045,-0.39610534423349997,-0.38113017778990566,-0.3694246287326534,-0.2751579580367754,-0.2900883232983121,-0.2955781683826058,-0.3888554871521795,-0.41265547100857053,-0.2943754514063852,-0.3658086479243954,-0.19836401418550262,-0.33212765423625973,-0.5649596120861907,-0.45666540491192525,-0.4123594838653976,0.5449215208897721,-0.14575511629852972,-0.41925594351289297,-0.337529114616601,-0.7538678336953983,-0.7373369807773581,-0.564416590908148,-0.9014630952079639,-0.6574644895504534,-0.4271559153457235,1.3555735383351193,-1.3555735383351195,-0.4820426798824101,-0.3075623426146228,0.6158384251930635,-0.13085598064755344,-0.2359813632291101,-0.2662958158485814,-0.19611613513818404,-0.19300937626135234,-0.12168146174384352,-0.06715342778730747,-0.03352007615769955,0.5449249778098338,-0.21680296415038888,1.9535138126504805,-1.175735064194511,-0.40583972495671383,-0.16278112867447064,0.8119223343984152,-0.1699069165076462,-0.2081478487327801,-0.6981970580620328,1.3555735383351193,-1.3555735383351195,1.3555735383351193,-1.3555735383351195,1.3555735383351193,-1.3555735383351195,1.3555735383351193,-1.3555735383351195,-0.4820426798824101,-0.3075623426146228,0.6158384251930635,-0.4820426798824101,-0.3075623426146228,0.6158384251930635,-0.4820426798824101,-0.3075623426146228,0.6158384251930635,-0.13085598064755344,-0.2359813632291101,-0.2662958158485814,-0.19611613513818404,-0.19300937626135234,-0.12168146174384352,-0.06715342778730747,-0.03352007615769955,0.5449249778098338,-0.13085598064755344,-0.2359813632291101,-0.2662958158485814,-0.19611613513818404,-0.19300937626135234,-0.12168146174384352,-0.06715342778730747,-0.03352007615769955,0.5449249778098338,-0.21680296415038888,1.9535138126504805,-1.175735064194511,-0.40583972495671383,-0.16278112867447064
0,-0.26437604734970555,-1.5661069258891576,-0.47454519624983954,2.0089333664952354,3.607677356367702,-1.747233654090395,-1.1168810094012038,-0.1524576244513169,1.6031995254601163,-0.26437604734970555,-1.5661069258891576,-0.47454519624983954,2.0089333664952354,3.607677356367702,-1.747233654090395,-1.1168810094012038,-0.1524576244513169,1.6031995254601163,-0.5156979265383386,-0.8763170799020334,-0.3760014818308347,1.3442860729474078,2.3731135298571844,-1.0890832993838484,-0.7884646601918648,-0.2633958664756227,0.8656438270796286,-1.4609134070857044,-0.4030649954631285,0.5195090584504164,3.1049507227744684,-1.6309715720209197,-1.1971699031058678,-0.7820978833131326,0.031681690761811,-0.2328872501475753,-0.28708333828187355,-0.32078666523533045,-0.39610534423349997,-0.38113017778990566,-0.3694246287326534,-0.2751579580367754,1.1701867956779368,5.706040930234769,-0.13831832590224283,0.5359442015297744,1.4171320670477043,1.7451726040227307,2.3742830849808465,0.15180806099045221,1.4544321502141702,2.225955011913075,3.9371885645048503,-1.8243260033503432,-1.2160718491425495,-0.9799852444567939,-0.6263928150545268,-1.1087392780725651,-0.7123201402201582,-0.05602206765131977,-0.45345512765364804,1.1285137427344674,1.097514772978922,-0.7376951317802901,0.7376951317802901,2.0745051044939435,-0.3075623426146228,-1.6238025415294657,-0.13085598064755344,-0.2359813632291101,3.755222352305419,-0.19611613513818404,-0.19300937626135234,-0.12168146174384352,-0.06715342778730747,-0.03352007615769955,-1.8351149988007645,-0.21680296415038888,-0.5118980953829163,0.8505317485662419,-0.40583972495671383,-0.16278112867447064,-1.2316448970959013,-0.1699069165076462,-0.2081478487327801,1.4322604033532795,-0.7376951317802901,0.7376951317802901,-0.7376951317802901,0.7376951317802901,-0.7376951317802901,0.7376951317802901,-0.7376951317802901,0.7376951317802901,2.0745051044939435,-0.3075623426146228,-1.6238025415294657,2.0745051044939435,-0.3075623426146228,-1.6238025415294657,2.0745051044939435,-0.3075623426146228,-1.6238025415294657,-0.13085598064755344,-0.2359813632291101,3.755222352305419,-0.19611613513818404,-0.19300937626135234,-0.12168146174384352,-0.06715342778730747,-0.03352007615769955,-1.8351149988007645,-0.13085598064755344,-0.2359813632291101,3.755222352305419,-0.19611613513818404,-0.19300937626135234,-0.12168146174384352,-0.06715342778730747,-0.03352007615769955,-1.8351149988007645,-0.21680296415038888,-0.5118980953829163,0.8505317485662419,-0.40583972495671383,-0.16278112867447064
0,-0.26048816430044514,0.8273772438659699,-0.47454519624983954,-0.4736736092984604,-0.5593391051577855,0.5446511676720712,-1.1168810094012038,-0.841999469050927,-0.6244040257055189,-0.26048816430044514,0.8273772438659699,-0.47454519624983954,-0.4736736092984604,-0.5593391051577855,0.5446511676720712,-1.1168810094012038,-0.841999469050927,-0.6244040257055189,-0.5125030039564064,0.15632322529068213,-0.3760014818308347,-0.3895323082701867,-0.4651296483240939,0.10864722685826535,-0.7874681285120023,-0.6646089640970761,-0.5157157383936836,0.8635041745453002,-0.4030649954631285,-0.4194008220350217,-0.7454878539804498,0.7925352191037062,-0.7285731700889909,-0.4975534921199921,-0.3576753639798948,-0.2328872501475753,-0.28708333828187355,-0.32078666523533045,-0.39610534423349997,-0.38113017778990566,-0.3694246287326534,-0.2751579580367754,-0.2900883232983121,-0.2955781683826058,-0.3888554871521795,-0.41265547100857053,-0.2943754514063852,-0.3658086479243954,-0.20027302107236378,-0.4477159430019364,-0.6574295077533748,-0.47605784166005777,-0.42481048018706813,0.5449215208897721,-0.6685250661686233,-0.41925594351289297,-0.337529114616601,-1.1087392780725651,-0.8993508053382716,-0.7049484103449949,-0.9014630952079639,-0.6574644895504534,-0.4271559153457235,-0.7376951317802901,0.7376951317802901,2.0745051044939435,-0.3075623426146228,-1.6238025415294657,-0.13085598064755344,-0.2359813632291101,-0.2662958158485814,-0.19611613513818404,-0.19300937626135234,-0.12168146174384352,-0.06715342778730747,-0.03352007615769955,0.5449249778098338,-0.21680296415038888,-0.5118980953829163,0.8505317485662419,-0.40583972495671383,-0.16278112867447064,0.8119223343984152,-0.1699069165076462,-0.2081478487327801,-0.6981970580620328,-0.7376951317802901,0.7376951317802901,-0.7376951317802901,0.7376951317802901,-0.7376951317802901,0.7376951317802901,-0.7376951317802901,0.7376951317802901,2.0745051044939435,-0.3075623426146228,-1.6238025415294657,2.0745051044939435,-0.3075623426146228,-1.6238025415294657,2.0745051044939435,-0.3075623426146228,-1.6238025415294657,-0.13085598064755344,-0.2359813632291101,-0.2662958158485814,-0.19611613513818404,-0.19300937626135234,-0.12168146174384352,-0.06715342778730747,-0.03352007615769955,0.5449249778098338,-0.13085598064755344,-0.2359813632291101,-0.2662958158485814,-0.19611613513818404,-0.19300937626135234,-0.12168146174384352,-0.06715342778730747,-0.03352007615769955,0.5449249778098338,-0.21680296415038888,-0.5118980953829163,0.8505317485662419,-0.40583972495671383,-0.16278112867447064
0,-0.2566002812511848,0.8273772438659699,-0.47454519624983954,-0.4736736092984604,-0.4989475622371262,0.5446511676720712,0.96425644365423,-1.1867703913507321,-0.6244040257055189,-0.2566002812511848,0.8273772438659699,-0.47454519624983954,-0.4736736092984604,-0.4989475622371262,0.5446511676720712,0.96425644365423,-1.1867703913507321,-0.6244040257055189,-0.5092996403636896,0.16040480752464542,-0.3760014818308347,-0.3895323082701867,-0.4236308344410211,0.11212942092551091,0.3375145806840622,-0.8657476257693698,-0.5148015361663683,0.8635041745453002,-0.4030649954631285,-0.4194008220350217,-0.571347415835755,0.7925352191037062,1.3577269342345568,-0.9243700789097029,-0.3576753639798948,-0.2328872501475753,-0.28708333828187355,-0.32078666523533045,-0.39610534423349997,-0.38113017778990566,-0.3694246287326534,-0.2751579580367754,-0.2900883232983121,-0.2955781683826058,-0.3888554871521795,-0.41265547100857053,-0.2943754514063852,-0.3658086479243954,-0.19836401418550262,-0.33212765423625973,-0.41485036472765574,-0.4792899144514132,-0.4123594838653976,0.5449215208897721,1.1227307914744915,-0.7634324030510985,-0.337529114616601,0.9989187709831968,-0.7152983355245868,-0.22342026433344614,-1.0134650870965427,-0.7566855024551713,-0.4271559153457235,-0.7376951317802901,0.7376951317802901,-0.4820426798824101,-0.3075623426146228,0.6158384251930635,-0.13085598064755344,-0.2359813632291101,-0.2662958158485814,-0.19611613513818404,-0.19300937626135234,-0.12168146174384352,-0.06715342778730747,-0.03352007615769955,0.5449249778098338,-0.21680296415038888,-0.5118980953829163,0.8505317485662419,-0.40583972495671383,-0.16278112867447064,0.8119223343984152,-0.1699069165076462,-0.2081478487327801,-0.6981970580620328,-0.7376951317802901,0.7376951317802901,-0.7376951317802901,0.7376951317802901,-0.7376951317802901,0.7376951317802901,-0.7376951317802901,0.7376951317802901,-0.4820426798824101,-0.3075623426146228,0.6158384251930635,-0.4820426798824101,-0.3075623426146228,0.6158384251930635,-0.4820426798824101,-0.3075623426146228,0.6158384251930635,-0.13085598064755344,-0.2359813632291101,-0.2662958158485814,-0.19611613513818404,-0.19300937626135234,-0.12168146174384352,-0.06715342778730747,-0.03352007615769955,0.5449249778098338,-0.13085598064755344,-0.2359813632291101,-0.2662958158485814,-0.19611613513818404,-0.19300937626135234,-0.12168146174384352,-0.06715342778730747,-0.03352007615769955,0.5449249778098338,-0.21680296415038888,-0.5118980953829163,0.8505317485662419,-0.40583972495671383,-0.16278112867447064
1,-0.2527123982019244,-1.5661069258891576,-0.47454519624983954,-0.4736736092984604,3.9297655852778846,0.5446511676720712,-1.3133832581875537,1.2266260647479035,1.6031995254601163,-0.2527123982019244,-1.5661069258891576,-0.47454519624983954,-0.4736736092984604,3.9297655852778846,0.5446511676720712,-1.3133832581875537,1.2266260647479035,1.6031995254601163,-0.5060878357601885,-0.8722354976680702,-0.3760014818308347,-0.3895323082701867,2.6172092629159227,0.11561161499275646,-0.8918817981536419,0.553929488891158,0.879356860489357,-1.4609134070857044,-0.4030649954631285,-0.4194008220350217,3.4145337239205924,-0.8746533061339944,-1.2628331395795704,-0.2130091009268516,0.031681690761811,-0.2328872501475753,-0.28708333828187355,-0.32078666523533045,-0.39610534423349997,-0.38113017778990566,-0.3694246287326534,-0.2751579580367754,-0.2900883232983121,-0.2955781683826058,-0.3888554871521795,-0.41265547100857053,-0.2943754514063852,-0.3658086479243954,2.7796867293179073,8.144346855246695,0.9686240405810932,5.367529765110545,4.2692151330827315,0.5449215208897721,-0.8376565205383595,1.64580281371634,1.8162046518838164,-1.177626087863427,-0.5479237594157019,-0.2833529520344544,1.3385767425636153,3.1129340008288238,1.097514772978922,1.3555735383351193,-1.3555735383351195,2.0745051044939435,-0.3075623426146228,-1.6238025415294657,-0.13085598064755344,-0.2359813632291101,-0.2662958158485814,-0.19611613513818404,-0.19300937626135234,-0.12168146174384352,-0.06715342778730747,-0.03352007615769955,0.5449249778098338,-0.21680296415038888,1.9535138126504805,-1.175735064194511,-0.40583972495671383,-0.16278112867447064,0.8119223343984152,-0.1699069165076462,-0.2081478487327801,-0.6981970580620328,1.3555735383351193,-1.3555735383351195,1.3555735383351193,-1.3555735383351195,1.3555735383351193,-1.3555735383351195,1.3555735383351193,-1.3555735383351195,2.0745051044939435,-0.3075623426146228,-1.6238025415294657,2.0745051044939435,-0.3075623426146228,-1.6238025415294657,2.0745051044939435,-0.3075623426146228,-1.6238025415294657,-0.13085598064755344,-0.2359813632291101,-0.2662958158485814,-0.19611613513818404,-0.19300937626135234,-0.12168146174384352,-0.06715342778730747,-0.03352007615769955,0.5449249778098338,-0.13085598064755344,-0.2359813632291101,-0.2662958158485814,-0.19611613513818404,-0.19300937626135234,-0.12168146174384352,-0.06715342778730747,-0.03352007615769955,0.5449249778098338,-0.21680296415038888,1.9535138126504805,-1.175735064194511,-0.40583972495671383,-0.16278112867447064
1,-0.24882451515266402,0.8273772438659699,-0.47454519624983954,2.0089333664952354,-0.33790344778203496,0.5446511676720712,-1.3133832581875537,-1.5315413136505371,0.48939774987729867,-0.24882451515266402,0.8273772438659699,-0.47454519624983954,2.0089333664952354,-0.33790344778203496,0.5446511676720712,-1.3133832581875537,-1.5315413136505371,0.48939774987729867,-0.5028675901459027,0.16856797199257204,-0.3760014818308347,1.362633357404737,-0.31226601047158625,0.11909380906000203,-0.8911645492375625,-1.0679505131647973,0.18547736995709768,0.8635041745453002,-0.4030649954631285,2.3973288194212925,-0.10697291411656897,0.7925352191037062,-0.9255628795100984,-1.3511866656994136,0.8103958002452226,-0.2328872501475753,-0.28708333828187355,-0.32078666523533045,-0.39610534423349997,-0.38113017778990566,-0.3694246287326534,-0.2751579580367754,1.1701867956779368,0.13107721777502748,2.313747507607776,0.27009461177380517,-0.2943754514063852,0.9007801032438802,-0.1881826441222431,-0.023892217527788678,-0.5880933315925277,-0.5019144239909011,-0.2546468637909039,0.5449215208897721,-0.8376565205383595,-1.107608862589304,0.7393377686336078,-1.177626087863427,-1.086381470456385,-0.5168837696280381,-1.0507990843927357,-0.855906515359889,0.08106764742915833,1.3555735383351193,-1.3555735383351195,2.0745051044939435,-0.3075623426146228,-1.6238025415294657,-0.13085598064755344,-0.2359813632291101,-0.2662958158485814,-0.19611613513818404,-0.19300937626135234,-0.12168146174384352,-0.06715342778730747,-0.03352007615769955,0.5449249778098338,-0.21680296415038888,1.9535138126504805,-1.175735064194511,-0.40583972495671383,-0.16278112867447064,-1.2316448970959013,-0.1699069165076462,-0.2081478487327801,1.4322604033532795,1.3555735383351193,-1.3555735383351195,1.3555735383351193,-1.3555735383351195,1.3555735383351193,-1.3555735383351195,1.3555735383351193,-1.3555735383351195,2.0745051044939435,-0.3075623426146228,-1.6238025415294657,2.0745051044939435,-0.3075623426146228,-1.6238025415294657,2.0745051044939435,-0.3075623426146228,-1.6238025415294657,-0.13085598064755344,-0.2359813632291101,-0.2662958158485814,-0.19611613513818404,-0.19300937626135234,-0.12168146174384352,-0.06715342778730747,-0.03352007615769955,0.5449249778098338,-0.13085598064755344,-0.2359813632291101,-0.2662958158485814,-0.19611613513818404,-0.19300937626135234,-0.12168146174384352,-0.06715342778730747,-0.03352007615769955,0.5449249778098338,-0.21680296415038888,1.9535138126504805,-1.175735064194511,-0.40583972495671383,-0.16278112867447064
0,-0.24493663210340366,0.8273772438659699,-0.47454519624983954,-0.4736736092984604,-0.4989475622371262,0.5446511676720712,0.96425644365423,0.5370842201482933,-0.6244040257055189,-0.24493663210340366,0.8273772438659699,-0.47454519624983954,-0.4736736092984604,-0.4989475622371262,0.5446511676720712,0.96425644365423,0.5370842201482933,-0.6244040257055189,-0.49963890352083246,0.17264955422653533,-0.3760014818308347,-0.3895323082701867,-0.4228690555148458,0.12257600312724759,0.3493777508093038,0.15484484271597213,-0.5120589294844226,0.8635041745453002,-0.4030649954631285,-0.4194008220350217,-0.571347415835755,0.7925352191037062,1.3577269342345568,1.209712855038851,-0.3576753639798948,-0.2328872501475753,-0.28708333828187355,-0.32078666523533045,-0.39610534423349997,-0.38113017778990566,-0.3694246287326534,-0.2751579580367754,-0.2900883232983121,-0.2955781683826058,-0.3888554871521795,-0.41265547100857053,-0.2943754514063852,-0.3658086479243954,-0.19836401418550262,-0.33212765423625973,-0.41485036472765574,-0.36616736675397343,-0.4123594838653976,0.5449215208897721,1.1227307914744915,0.9574498946399291,-0.337529114616601,0.9989187709831968,1.1401173391344044,-0.22342026433344614,0.29322481827021163,-0.26058043793158214,-0.4271559153457235,-0.7376951317802901,0.7376951317802901,-0.4820426798824101,-0.3075623426146228,0.6158384251930635,-0.13085598064755344,-0.2359813632291101,-0.2662958158485814,-0.19611613513818404,-0.19300937626135234,-0.12168146174384352,-0.06715342778730747,-0.03352007615769955,0.5449249778098338,-0.21680296415038888,-0.5118980953829163,0.8505317485662419,-0.40583972495671383,-0.16278112867447064,0.8119223343984152,-0.1699069165076462,-0.2081478487327801,-0.6981970580620328,-0.7376951317802901,0.7376951317802901,-0.7376951317802901,0.7376951317802901,-0.7376951317802901,0.7376951317802901,-0.7376951317802901,0.7376951317802901,-0.4820426798824101,-0.3075623426146228,0.6158384251930635,-0.4820426798824101,-0.3075623426146228,0.6158384251930635,-0.4820426798824101,-0.3075623426146228,0.6158384251930635,-0.13085598064755344,-0.2359813632291101,-0.2662958158485814,-0.19611613513818404,-0.19300937626135234,-0.12168146174384352,-0.06715342778730747,-0.03352007615769955,0.5449249778098338,-0.13085598064755344,-0.2359813632291101,-0.2662958158485814,-0.19611613513818404,-0.19300937626135234,-0.12168146174384352,-0.06715342778730747,-0.03352007615769955,0.5449249778098338,-0.21680296415038888,-0.5118980953829163,0.8505317485662419,-0.40583972495671383,-0.16278112867447064
1,-0.24104874905414328,-1.5661069258891576,0.4327933656785018,-0.4736736092984604,0.40692558157276226,0.5446511676720712,-0.5095104222433947,0.5370842201482933,-0.0675031379141101,-0.24104874905414328,-1.5661069258891576,0.4327933656785018,-0.4736736092984604,0.40692558157276226,0.5446511676720712,-0.5095104222433947,0.5370842201482933,-0.0675031379141101,-0.49640177588497775,-0.8681539154341069,0.2895063192696439,-0.3895323082701867,0.20422010147525865,0.12605819719449315,-0.45100221884430214,0.1580375198853736,-0.16009107196805916,-1.4609134070857044,-0.0891393739966534,-0.4194008220350217,0.028469648884860296,-0.8746533061339944,-0.9942108085507874,-0.4975534921199921,-0.5523538913507477,-0.07639966350995119,-0.28708333828187355,0.3370581439393401,0.5281575091431288,0.16061446244642888,0.9047328326897756,-0.05924801474239681,-0.2900883232983121,-0.2955781683826058,-0.3888554871521795,-0.41265547100857053,-0.2943754514063852,-0.3658086479243954,-0.044775732833491094,1.40169667724889,0.2918327803044084,0.5064922869119906,-0.009777269464716258,0.5449215208897721,-0.14575511629852972,0.9574498946399291,0.20090432700850336,-0.7538678336953983,-0.03924800141930428,-0.26165318579788244,0.29322481827021163,0.33474563949672476,-0.23657207930514282,1.3555735383351193,-1.3555735383351195,-0.4820426798824101,-0.3075623426146228,0.6158384251930635,-0.13085598064755344,-0.2359813632291101,-0.2662958158485814,-0.19611613513818404,-0.19300937626135234,-0.12168146174384352,-0.06715342778730747,-0.03352007615769955,0.5449249778098338,-0.21680296415038888,-0.5118980953829163,-1.175735064194511,2.4640269015229057,-0.16278112867447064,-1.2316448970959013,-0.1699069165076462,-0.2081478487327801,1.4322604033532795,1.3555735383351193,-1.3555735383351195,1.3555735383351193,-1.3555735383351195,1.3555735383351193,-1.3555735383351195,1.3555735383351193,-1.3555735383351195,-0.4820426798824101,-0.3075623426146228,0.6158384251930635,-0.4820426798824101,-0.3075623426146228,0.6158384251930635,-0.4820426798824101,-0.3075623426146228,0.6158384251930635,-0.13085598064755344,-0.2359813632291101,-0.2662958158485814,-0.19611613513818404,-0.19300937626135234,-0.12168146174384352,-0.06715342778730747,-0.03352007615769955,0.5449249778098338,-0.13085598064755344,-0.2359813632291101,-0.2662958158485814,-0.19611613513818404,-0.19300937626135234,-0.12168146174384352,-0.06715342778730747,-0.03352007615769955,0.5449249778098338,-0.21680296415038888,-0.5118980953829163,-1.175735064194511,2.4640269015229057,-0.16278112867447064
0,-0.2371608660048829,0.8273772438659699,-0.47454519624983954,-0.4736736092984604,-0.4989475622371262,0.5446511676720712,0.96425644365423,-1.1867703913507321,-0.6244040257055189,-0.2371608660048829,0.8273772438659699,-0.47454519624983954,-0.4736736092984604,-0.4989475622371262,0.5446511676720712,0.96425644365423,-1.1867703913507321,-0.6244040257055189,-0.4931562072383386,0.18081271869446194,-0.3760014818308347,-0.3895323082701867,-0.42236120289739565,0.12954039126173872,0.35728653089279816,-0.8630870614615352,-0.5102305250297922,0.8635041745453002,-0.4030649954631285,-0.4194008220350217,-0.571347415835755,0.7925352191037062,1.3577269342345568,-0.9243700789097029,-0.3576753639798948,-0.2328872501475753,-0.28708333828187355,-0.32078666523533045,-0.39610534423349997,-0.38113017778990566,-0.3694246287326534,-0.2751579580367754,-0.2900883232983121,-0.2955781683826058,-0.3888554871521795,-0.41265547100857053,-0.2943754514063852,-0.3658086479243954,-0.19836401418550262,-0.33212765423625973,-0.41485036472765574,-0.4792899144514132,-0.4123594838653976,0.5449215208897721,1.1227307914744915,-0.7634324030510985,-0.337529114616601,0.9989187709831968,-0.7152983355245868,-0.22342026433344614,-1.0134650870965427,-0.7566855024551713,-0.4271559153457235,-0.7376951317802901,0.7376951317802901,-0.4820426798824101,-0.3075623426146228,0.6158384251930635,-0.13085598064755344,-0.2359813632291101,-0.2662958158485814,-0.19611613513818404,-0.19300937626135234,-0.12168146174384352,-0.06715342778730747,-0.03352007615769955,0.5449249778098338,-0.21680296415038888,-0.5118980953829163,0.8505317485662419,-0.40583972495671383,-0.16278112867447064,0.8119223343984152,-0.1699069165076462,-0.2081478487327801,-0.6981970580620328,-0.7376951317802901,0.7376951317802901,-0.7376951317802901,0.7376951317802901,-0.7376951317802901,0.7376951317802901,-0.7376951317802901,0.7376951317802901,-0.4820426798824101,-0.3075623426146228,0.6158384251930635,-0.4820426798824101,-0.3075623426146228,0.6158384251930635,-0.4820426798824101,-0.3075623426146228,0.6158384251930635,-0.13085598064755344,-0.2359813632291101,-0.2662958158485814,-0.19611613513818404,-0.19300937626135234,-0.12168146174384352,-0.06715342778730747,-0.03352007615769955,0.5449249778098338,-0.13085598064755344,-0.2359813632291101,-0.2662958158485814,-0.19611613513818404,-0.19300937626135234,-0.12168146174384352,-0.06715342778730747,-0.03352007615769955,0.5449249778098338,-0.21680296415038888,-0.5118980953829163,0.8505317485662419,-0.40583972495671383,-0.16278112867447064
0,-0.23327298295562252,-0.3693648410115938,-0.47454519624983954,-0.4736736092984604,0.8296663820173769,0.5446511676720712,0.96425644365423,-1.1867703913507321,2.717001301042934,-0.23327298295562252,-0.3693648410115938,-0.47454519624983954,-0.4736736092984604,0.8296663820173769,0.5446511676720712,0.96425644365423,-1.1867703913507321,2.717001301042934,-0.48990219758091486,-0.3402692798415197,-0.3760014818308347,-0.3895323082701867,0.5020393864228353,0.13302258532898428,0.36124092093454535,-0.8625549485999684,1.6079760356595951,-0.5892568139740777,-0.4030649954631285,-0.4194008220350217,1.847269780618339,-0.04105904351514409,0.42799519961826915,-1.0666422745062731,1.783788437099487,-0.2328872501475753,-0.28708333828187355,-0.32078666523533045,-0.39610534423349997,-0.38113017778990566,-0.3694246287326534,-0.2751579580367754,-0.2900883232983121,-0.2955781683826058,-0.3888554871521795,-0.41265547100857053,-0.2943754514063852,-0.3658086479243954,0.10707708771228301,2.2108146986086266,2.2570942382542674,-0.26597311022195536,1.6794078981752558,0.5449215208897721,1.1227307914744915,-0.7634324030510985,2.8930715351340255,0.9989187709831968,-0.7152983355245868,3.6391381257763586,-1.0134650870965427,-0.16135942502686434,2.6221854613035673,-0.7376951317802901,0.7376951317802901,-0.4820426798824101,-0.3075623426146228,0.6158384251930635,-0.13085598064755344,-0.2359813632291101,-0.2662958158485814,-0.19611613513818404,-0.19300937626135234,-0.12168146174384352,-0.06715342778730747,-0.03352007615769955,0.5449249778098338,-0.21680296415038888,-0.5118980953829163,0.8505317485662419,-0.40583972495671383,-0.16278112867447064,0.8119223343984152,-0.1699069165076462,-0.2081478487327801,-0.6981970580620328,-0.7376951317802901,0.7376951317802901,-0.7376951317802901,0.7376951317802901,-0.7376951317802901,0.7376951317802901,-0.7376951317802901,0.7376951317802901,-0.4820426798824101,-0.3075623426146228,0.6158384251930635,-0.4820426798824101,-0.3075623426146228,0.6158384251930635,-0.4820426798824101,-0.3075623426146228,0.6158384251930635,-0.13085598064755344,-0.2359813632291101,-0.2662958158485814,-0.19611613513818404,-0.19300937626135234,-0.12168146174384352,-0.06715342778730747,-0.03352007615769955,0.5449249778098338,-0.13085598064755344,-0.2359813632291101,-0.2662958158485814,-0.19611613513818404,-0.19300937626135234,-0.12168146174384352,-0.06715342778730747,-0.03352007615769955,0.5449249778098338,-0.21680296415038888,-0.5118980953829163,0.8505317485662419,-0.40583972495671383,-0.16278112867447064
0,-0.22938509990636216,0.8273772438659699,4.0621476133918675,2.0089333664952354,0.2861424957314438,0.5446511676720712,0.96425644365423,-1.5315413136505371,3.2739021888343425,-0.22938509990636216,0.8273772438659699,4.0621476133918675,2.0089333664952354,0.2861424957314438,0.5446511676720712,0.96425644365423,-1.5315413136505371,3.2739021888343425,-0.48663974691270667,0.18897588316238856,2.9775339221520456,1.385567462976398,0.12564804651832187,0.13650477939622985,0.3651953109762926,-1.0679505131647973,1.9681717132217955,0.8635041745453002,4.305819326533998,2.3973288194212925,1.692478280045277,0.7925352191037062,1.3577269342345568,-1.3511866656994136,3.730573710808016,3.679302415793028,4.768079792333726,2.5889115291910967,4.225208922649644,5.378373420627098,-0.3694246287326534,4.043040907850796,1.1701867956779368,1.012831682500803,2.313747507607776,3.351533038490722,-0.2943754514063852,3.0117613551910063,-0.0787907646357445,1.1705200997175367,1.1640259915798443,-0.5019144239909011,1.0859104068422927,0.5449215208897721,1.1227307914744915,-1.107608862589304,3.43150497675913,0.9989187709831968,-1.086381470456385,4.282897857461326,-1.0507990843927357,-0.855906515359889,3.575104641506471,-0.7376951317802901,0.7376951317802901,-0.4820426798824101,-0.3075623426146228,0.6158384251930635,-0.13085598064755344,-0.2359813632291101,-0.2662958158485814,-0.19611613513818404,-0.19300937626135234,-0.12168146174384352,-0.06715342778730747,-0.03352007615769955,0.5449249778098338,4.612483062299524,-0.5118980953829163,-1.175735064194511,-0.40583972495671383,-0.16278112867447064,-1.2316448970959013,5.885575587824865,-0.2081478487327801,-0.6981970580620328,-0.7376951317802901,0.7376951317802901,-0.7376951317802901,0.7376951317802901,-0.7376951317802901,0.7376951317802901,-0.7376951317802901,0.7376951317802901,-0.4820426798824101,-0.3075623426146228,0.6158384251930635,-0.4820426798824101,-0.3075623426146228,0.6158384251930635,-0.4820426798824101,-0.3075623426146228,0.6158384251930635,-0.13085598064755344,-0.2359813632291101,-0.2662958158485814,-0.19611613513818404,-0.19300937626135234,-0.12168146174384352,-0.06715342778730747,-0.03352007615769955,0.5449249778098338,-0.13085598064755344,-0.2359813632291101,-0.2662958158485814,-0.19611613513818404,-0.19300937626135234,-0.12168146174384352,-0.06715342778730747,-0.03352007615769955,0.5449249778098338,4.612483062299524,-0.5118980953829163,-1.175735064194511,-0.40583972495671383,-0.16278112867447064
1,-0.22549721685710178,-0.3693648410115938,-0.47454519624983954,-0.4736736092984604,-0.37816447639580775,0.5446511676720712,-0.5095104222433947,0.8818551424480984,-0.6244040257055189,-0.22549721685710178,-0.3693648410115938,-0.47454519624983954,-0.4736736092984604,-0.37816447639580775,0.5446511676720712,-0.5095104222433947,0.8818551424480984,-0.6244040257055189,-0.483368855233714,-0.3348271701962353,-0.3760014818308347,-0.3895323082701867,-0.3371507887266456,0.13998697346347538,-0.4435631415908066,0.37726801885094235,-0.5074879183478465,-0.5892568139740777,-0.4030649954631285,-0.4194008220350217,-0.4746027279775913,-0.04105904351514409,-0.5569533474872684,0.6406240726525699,-0.5523538913507477,-0.2328872501475753,-0.28708333828187355,-0.32078666523533045,-0.39610534423349997,-0.38113017778990566,-0.3694246287326534,-0.2751579580367754,-0.2900883232983121,-0.2955781683826058,-0.3888554871521795,-0.41265547100857053,-0.2943754514063852,-0.3658086479243954,-0.19142217096055295,-0.10095107670490644,-0.45072062643411087,-0.20779579997755776,-0.38745749122205647,0.5449215208897721,-0.14575511629852972,1.3016263541781348,-0.337529114616601,-0.7538678336953983,0.13527424342020916,-0.564416590908148,0.7785667831207204,-0.16135942502686434,-0.4271559153457235,1.3555735383351193,-1.3555735383351195,-0.4820426798824101,-0.3075623426146228,0.6158384251930635,-0.13085598064755344,-0.2359813632291101,-0.2662958158485814,-0.19611613513818404,-0.19300937626135234,-0.12168146174384352,-0.06715342778730747,-0.03352007615769955,0.5449249778098338,-0.21680296415038888,1.9535138126504805,-1.175735064194511,-0.40583972495671383,-0.16278112867447064,0.8119223343984152,-0.1699069165076462,-0.2081478487327801,-0.6981970580620328,1.3555735383351193,-1.3555735383351195,1.3555735383351193,-1.3555735383351195,1.3555735383351193,-1.3555735383351195,1.3555735383351193,-1.3555735383351195,-0.4820426798824101,-0.3075623426146228,0.6158384251930635,-0.4820426798824101,-0.3075623426146228,0.6158384251930635,-0.4820426798824101,-0.3075623426146228,0.6158384251930635,-0.13085598064755344,-0.2359813632291101,-0.2662958158485814,-0.19611613513818404,-0.19300937626135234,-0.12168146174384352,-0.06715342778730747,-0.03352007615769955,0.5449249778098338,-0.13085598064755344,-0.2359813632291101,-0.2662958158485814,-0.19611613513818404,-0.19300937626135234,-0.12168146174384352,-0.06715342778730747,-0.03352007615769955,0.5449249778098338,-0.21680296415038888,1.9535138126504805,-1.175735064194511,-0.40583972495671383,-0.16278112867447064
0,-0.2216093338078414,0.8273772438659699,-0.47454519624983954,-0.4736736092984604,-0.4989475622371262,0.5446511676720712,-1.5366812681720423,0.19231329784848822,-0.6244040257055189,-0.2216093338078414,0.8273772438659699,-0.47454519624983954,-0.4736736092984604,-0.4989475622371262,0.5446511676720712,-1.5366812681720423,0.19231329784848822,-0.6244040257055189,-0.4800895225439368,0.19713904763031515,-0.3760014818308347,-0.3895323082701867,-0.4213454976624953,0.14346916753072095,-1.0095994830882222,-0.0329909974171487,-0.5065737161205313,0.8635041745453002,-0.4030649954631285,-0.4194008220350217,-0.571347415835755,0.7925352191037062,-1.1494148220340843,0.7828962682491402,-0.3576753639798948,-0.2328872501475753,-0.28708333828187355,-0.32078666523533045,-0.39610534423349997,-0.38113017778990566,-0.3694246287326534,-0.2751579580367754,-0.2900883232983121,-0.2955781683826058,-0.3888554871521795,-0.41265547100857053,-0.2943754514063852,-0.3658086479243954,-0.19836401418550262,-0.33212765423625973,-0.6695812087300181,-0.3887918762934614,-0.4123594838653976,0.5449215208897721,-1.0298513550494233,0.6132734351017236,-0.337529114616601,-1.2286533543751765,-0.8987551662773859,-0.8020806973086978,-0.1174491519879112,-0.3598014508363,-0.4271559153457235,-0.7376951317802901,0.7376951317802901,-0.4820426798824101,3.2513733362117265,-1.6238025415294657,-0.13085598064755344,-0.2359813632291101,-0.2662958158485814,-0.19611613513818404,-0.19300937626135234,-0.12168146174384352,-0.06715342778730747,-0.03352007615769955,0.5449249778098338,-0.21680296415038888,-0.5118980953829163,0.8505317485662419,-0.40583972495671383,-0.16278112867447064,0.8119223343984152,-0.1699069165076462,-0.2081478487327801,-0.6981970580620328,-0.7376951317802901,0.7376951317802901,-0.7376951317802901,0.7376951317802901,-0.7376951317802901,0.7376951317802901,-0.7376951317802901,0.7376951317802901,-0.4820426798824101,3.2513733362117265,-1.6238025415294657,-0.4820426798824101,3.2513733362117265,-1.6238025415294657,-0.4820426798824101,3.2513733362117265,-1.6238025415294657,-0.13085598064755344,-0.2359813632291101,-0.2662958158485814,-0.19611613513818404,-0.19300937626135234,-0.12168146174384352,-0.06715342778730747,-0.03352007615769955,0.5449249778098338,-0.13085598064755344,-0.2359813632291101,-0.2662958158485814,-0.19611613513818404,-0.19300937626135234,-0.12168146174384352,-0.06715342778730747,-0.03352007615769955,0.5449249778098338,-0.21680296415038888,-0.5118980953829163,0.8505317485662419,-0.40583972495671383,-0.16278112867447064
1,-0.21772145075858101,-0.3693648410115938,-0.47454519624983954,-0.4736736092984604,-0.3982949907026942,0.5446511676720712,-1.3133832581875537,-1.1867703913507321,-0.6244040257055189,-0.21772145075858101,-0.3693648410115938,-0.47454519624983954,-0.4736736092984604,-0.3982949907026942,0.5446511676720712,-1.3133832581875537,-1.1867703913507321,-0.6244040257055189,-0.47680174884337506,-0.3293850605509509,-0.3760014818308347,-0.3895323082701867,-0.3503549567803506,0.1469513615979665,-0.8854265579089278,-0.8604264971537007,-0.505659513893216,-0.5892568139740777,-0.4030649954631285,-0.4194008220350217,-0.5133006031208568,-0.04105904351514409,-1.0941980095448343,-1.0666422745062731,-0.5523538913507477,-0.2328872501475753,-0.28708333828187355,-0.32078666523533045,-0.39610534423349997,-0.38113017778990566,-0.3694246287326534,-0.2751579580367754,-0.2900883232983121,-0.2955781683826058,-0.3888554871521795,-0.41265547100857053,-0.2943754514063852,-0.3658086479243954,-0.19286838829908412,-0.1394805062934653,-0.610122351010079,-0.4631295504946361,-0.39160782332928,0.5449215208897721,-0.8376565205383595,-0.7634324030510985,-0.337529114616601,-1.177626087863427,-1.0190742565762996,-0.7504145872216218,-1.0134650870965427,-0.7566855024551713,-0.4271559153457235,1.3555735383351193,-1.3555735383351195,2.0745051044939435,-0.3075623426146228,-1.6238025415294657,-0.13085598064755344,-0.2359813632291101,-0.2662958158485814,-0.19611613513818404,-0.19300937626135234,-0.12168146174384352,-0.06715342778730747,-0.03352007615769955,0.5449249778098338,-0.21680296415038888,1.9535138126504805,-1.175735064194511,-0.40583972495671383,-0.16278112867447064,0.8119223343984152,-0.1699069165076462,-0.2081478487327801,-0.6981970580620328,1.3555735383351193,-1.3555735383351195,1.3555735383351193,-1.3555735383351195,1.3555735383351193,-1.3555735383351195,1.3555735383351193,-1.3555735383351195,2.0745051044939435,-0.3075623426146228,-1.6238025415294657,2.0745051044939435,-0.3075623426146228,-1.6238025415294657,2.0745051044939435,-0.3075623426146228,-1.6238025415294657,-0.13085598064755344,-0.2359813632291101,-0.2662958158485814,-0.19611613513818404,-0.19300937626135234,-0.12168146174384352,-0.06715342778730747,-0.03352007615769955,0.5449249778098338,-0.13085598064755344,-0.2359813632291101,-0.2662958158485814,-0.19611613513818404,-0.19300937626135234,-0.12168146174384352,-0.06715342778730747,-0.03352007615769955,0.5449249778098338,-0.21680296415038888,1.9535138126504805,-1.175735064194511,-0.40583972495671383,-0.16278112867447064
1,-0.21383356770932066,-1.5661069258891576,0.4327933656785018,2.0089333664952354,1.7758005544410382,-1.8194778495589943,0.96425644365423,0.8818551424480984,1.0462986376687076,-0.21383356770932066,-1.5661069258891576,0.4327933656785018,2.0089333664952354,1.7758005544410382,-1.8194778495589943,0.96425644365423,0.8818551424480984,1.0462986376687076,-0.4735055341320289,-0.8586302235548592,0.30163797189387137,1.4039147474337272,1.1819089404407992,-1.12382625537825,0.38101287114328136,0.3884423889438476,0.5676139009748637,-1.4609134070857044,-0.0891393739966534,0.5195090584504164,1.3441974037558875,-1.6548120390977903,-0.5017365349980186,-0.35528129652342183,-0.1629968366090419,-0.07639966350995119,0.7239492878412465,1.1973167405523708,-0.3368577254273058,0.770770541893495,1.1170924095935137,0.15666192855198174,1.1701867956779368,3.1176649208784606,-0.21561170543679775,3.351533038490722,2.7007627058882715,1.3229763536333055,0.6318225868249371,-0.30545343375187284,4.159842667650485,2.2130267207476533,1.5507476028513267,-1.83504312030046,-1.1185073825585012,-0.9531707076683144,-0.7379026994147555,0.9989187709831968,1.5112004740662026,1.7078589307214564,0.7785667831207204,1.92228184597221,0.52576326485718,-0.7376951317802901,0.7376951317802901,-0.4820426798824101,-0.3075623426146228,0.6158384251930635,-0.13085598064755344,4.237622777986573,-0.2662958158485814,-0.19611613513818404,-0.19300937626135234,-0.12168146174384352,-0.06715342778730747,-0.03352007615769955,-1.8351149988007645,-0.21680296415038888,-0.5118980953829163,0.8505317485662419,-0.40583972495671383,-0.16278112867447064,-1.2316448970959013,-0.1699069165076462,-0.2081478487327801,1.4322604033532795,-0.7376951317802901,0.7376951317802901,-0.7376951317802901,0.7376951317802901,-0.7376951317802901,0.7376951317802901,-0.7376951317802901,0.7376951317802901,-0.4820426798824101,-0.3075623426146228,0.6158384251930635,-0.4820426798824101,-0.3075623426146228,0.6158384251930635,-0.4820426798824101,-0.3075623426146228,0.6158384251930635,-0.13085598064755344,4.237622777986573,-0.2662958158485814,-0.19611613513818404,-0.19300937626135234,-0.12168146174384352,-0.06715342778730747,-0.03352007615769955,-1.8351149988007645,-0.13085598064755344,4.237622777986573,-0.2662958158485814,-0.19611613513818404,-0.19300937626135234,-0.12168146174384352,-0.06715342778730747,-0.03352007615769955,-1.8351149988007645,-0.21680296415038888,-0.5118980953829163,0.8505317485662419,-0.40583972495671383,-0.16278112867447064
1,-0.20994568466006028,0.8273772438659699,-0.47454519624983954,-0.4736736092984604,-0.4989475622371262,0.5446511676720712,0.96425644365423,-0.841999469050927,-0.6244040257055189,-0.20994568466006028,0.8273772438659699,-0.47454519624983954,-0.4736736092984604,-0.4989475622371262,0.5446511676720712,0.96425644365423,-0.841999469050927,-0.6244040257055189,-0.4702008784098982,0.20938379433220505,-0.3760014818308347,-0.3895323082701867,-0.42058371873632,0.15391574973245764,0.38496726118502855,-0.6507740296963364,-0.5038311094385856,0.8635041745453002,-0.4030649954631285,-0.4194008220350217,-0.571347415835755,0.7925352191037062,1.3577269342345568,-0.4975534921199921,-0.3576753639798948,-0.2328872501475753,-0.28708333828187355,-0.32078666523533045,-0.39610534423349997,-0.38113017778990566,-0.3694246287326534,-0.2751579580367754,-0.2900883232983121,-0.2955781683826058,-0.3888554871521795,-0.41265547100857053,-0.2943754514063852,-0.3658086479243954,-0.19836401418550262,-0.33212765423625973,-0.41485036472765574,-0.45666540491192525,-0.4123594838653976,0.5449215208897721,1.1227307914744915,-0.41925594351289297,-0.337529114616601,0.9989187709831968,-0.34421520059278854,-0.22342026433344614,-0.9014630952079639,-0.6574644895504534,-0.4271559153457235,-0.7376951317802901,0.7376951317802901,-0.4820426798824101,-0.3075623426146228,0.6158384251930635,-0.13085598064755344,-0.2359813632291101,-0.2662958158485814,-0.19611613513818404,-0.19300937626135234,-0.12168146174384352,-0.06715342778730747,-0.03352007615769955,0.5449249778098338,-0.21680296415038888,-0.5118980953829163,0.8505317485662419,-0.40583972495671383,-0.16278112867447064,0.8119223343984152,-0.1699069165076462,-0.2081478487327801,-0.6981970580620328,-0.7376951317802901,0.7376951317802901,-0.7376951317802901,0.7376951317802901,-0.7376951317802901,0.7376951317802901,-0.7376951317802901,0.7376951317802901,-0.4820426798824101,-0.3075623426146228,0.6158384251930635,-0.4820426798824101,-0.3075623426146228,0.6158384251930635,-0.4820426798824101,-0.3075623426146228,0.6158384251930635,-0.13085598064755344,-0.2359813632291101,-0.2662958158485814,-0.19611613513818404,-0.19300937626135234,-0.12168146174384352,-0.06715342778730747,-0.03352007615769955,0.5449249778098338,-0.13085598064755344,-0.2359813632291101,-0.2662958158485814,-0.19611613513818404,-0.19300937626135234,-0.12168146174384352,-0.06715342778730747,-0.03352007615769955,0.5449249778098338,-0.21680296415038888,-0.5118980953829163,0.8505317485662419,-0.40583972495671383,-0.16278112867447064
0,-0.2060578016107999,0.8273772438659699,1.340131927606843,-0.4736736092984604,-0.4989475622371262,0.5446511676720712,0.96425644365423,-0.1524576244513169,-0.6244040257055189,-0.2060578016107999,0.8273772438659699,1.340131927606843,-0.4736736092984604,-0.4989475622371262,0.5446511676720712,0.96425644365423,-0.1524576244513169,-0.6244040257055189,-0.466887781676983,0.21346537656616837,0.9862097985467074,-0.3895323082701867,-0.4203297924275949,0.1573979437997032,0.38892165122677574,-0.2314690947816078,-0.5029169072112702,0.8635041745453002,1.480488733335722,-0.4194008220350217,-0.571347415835755,0.7925352191037062,1.3577269342345568,0.3560796814594294,-0.3576753639798948,0.39306309640292114,-0.28708333828187355,-0.1436746012267653,1.4524203625197576,1.9226712615768957,1.3294519864972518,-0.05924801474239681,-0.2900883232983121,-0.2955781683826058,-0.3888554871521795,-0.41265547100857053,-0.2943754514063852,-0.3658086479243954,-0.19836401418550262,-0.33212765423625973,-0.41485036472765574,-0.41141638583294937,-0.4123594838653976,0.5449215208897721,1.1227307914744915,0.2690969755635181,-0.337529114616601,0.9989187709831968,0.3979510692708079,-0.22342026433344614,-0.45345512765364804,-0.4590224637410178,-0.4271559153457235,-0.7376951317802901,0.7376951317802901,-0.4820426798824101,-0.3075623426146228,0.6158384251930635,-0.13085598064755344,-0.2359813632291101,-0.2662958158485814,-0.19611613513818404,-0.19300937626135234,-0.12168146174384352,-0.06715342778730747,-0.03352007615769955,0.5449249778098338,-0.21680296415038888,-0.5118980953829163,0.8505317485662419,-0.40583972495671383,-0.16278112867447064,-1.2316448970959013,-0.1699069165076462,-0.2081478487327801,1.4322604033532795,-0.7376951317802901,0.7376951317802901,-0.7376951317802901,0.7376951317802901,-0.7376951317802901,0.7376951317802901,-0.7376951317802901,0.7376951317802901,-0.4820426798824101,-0.3075623426146228,0.6158384251930635,-0.4820426798824101,-0.3075623426146228,0.6158384251930635,-0.4820426798824101,-0.3075623426146228,0.6158384251930635,-0.13085598064755344,-0.2359813632291101,-0.2662958158485814,-0.19611613513818404,-0.19300937626135234,-0.12168146174384352,-0.06715342778730747,-0.03352007615769955,0.5449249778098338,-0.13085598064755344,-0.2359813632291101,-0.2662958158485814,-0.19611613513818404,-0.19300937626135234,-0.12168146174384352,-0.06715342778730747,-0.03352007615769955,0.5449249778098338,-0.21680296415038888,-0.5118980953829163,0.8505317485662419,-0.40583972495671383,-0.16278112867447064
1,-0.2021699185615395,-1.5661069258891576,0.4327933656785018,-0.4736736092984604,1.6348869542928333,-1.8668102534866975,-1.3133832581875537,-0.497228546751122,0.48939774987729867,-0.2021699185615395,-1.5661069258891576,0.4327933656785018,-0.4736736092984604,1.6348869542928333,-1.8668102534866975,-1.3133832581875537,-0.497228546751122,0.48939774987729867,-0.46356624393328333,-0.8545486413208958,0.30683725158996883,-0.3895323082701867,1.0949210421089735,-1.1488643983213345,-0.8825575622446103,-0.4389931107927044,0.21838865014044595,-1.4609134070857044,-0.0891393739966534,-0.4194008220350217,1.2087548407544582,-1.6704316554584984,-1.2628331395795704,-0.9243700789097029,-0.3576753639798948,-0.07639966350995119,-0.28708333828187355,1.1087607085480882,-0.35417626015527026,-0.17219794452469814,0.2676541019785611,0.048706956904792466,-0.2900883232983121,-0.2955781683826058,-0.3888554871521795,-0.41265547100857053,-0.2943754514063852,-0.3658086479243954,0.5374713676591627,-0.4043228378834608,0.1315213027141461,0.5937582522785869,0.9655507757328107,-1.8399449636419904,-1.2523121374645567,-1.0607682793385422,-0.8026846322335551,-1.177626087863427,-0.8844598288161288,-0.5168837696280381,-0.714793108726999,0.0370826007825713,0.08106764742915833,1.3555735383351193,-1.3555735383351195,2.0745051044939435,-0.3075623426146228,-1.6238025415294657,-0.13085598064755344,-0.2359813632291101,-0.2662958158485814,5.099019513592785,-0.19300937626135234,-0.12168146174384352,-0.06715342778730747,-0.03352007615769955,-1.8351149988007645,-0.21680296415038888,1.9535138126504805,-1.175735064194511,-0.40583972495671383,-0.16278112867447064,-1.2316448970959013,-0.1699069165076462,-0.2081478487327801,1.4322604033532795,1.3555735383351193,-1.3555735383351195,1.3555735383351193,-1.3555735383351195,1.3555735383351193,-1.3555735383351195,1.3555735383351193,-1.3555735383351195,2.0745051044939435,-0.3075623426146228,-1.6238025415294657,2.0745051044939435,-0.3075623426146228,-1.6238025415294657,2.0745051044939435,-0.3075623426146228,-1.6238025415294657,-0.13085598064755344,-0.2359813632291101,-0.2662958158485814,5.099019513592785,-0.19300937626135234,-0.12168146174384352,-0.06715342778730747,-0.03352007615769955,-1.8351149988007645,-0.13085598064755344,-0.2359813632291101,-0.2662958158485814,5.099019513592785,-0.19300937626135234,-0.12168146174384352,-0.06715342778730747,-0.03352007615769955,-1.8351149988007645,-0.21680296415038888,1.9535138126504805,-1.175735064194511,-0.40583972495671383,-0.16278112867447064
1,-0.19828203551227916,0.8273772438659699,-0.47454519624983954,2.0089333664952354,-0.3177729334751485,-1.9689485988043727,-0.5095104222433947,-0.497228546751122,0.48939774987729867,-0.19828203551227916,0.8273772438659699,-0.47454519624983954,2.0089333664952354,-0.3177729334751485,-1.9689485988043727,-0.5095104222433947,-0.497228546751122,0.48939774987729867,-0.4602362651787992,0.22162854103409496,-0.3760014818308347,1.4222620318910562,-0.29086365016475674,-1.204321944664479,-0.4305447563971894,-0.4373967722080037,0.22113125682239165,0.8635041745453002,-0.4030649954631285,2.3973288194212925,-0.04892610140167071,-1.6959162926786013,-0.11969588642374947,-0.07073690533028135,0.8103958002452226,-0.2328872501475753,-0.28708333828187355,-0.32078666523533045,-0.39610534423349997,-0.38113017778990566,-0.3694246287326534,-0.2751579580367754,1.1701867956779368,0.15952091018553638,-0.3755290424048425,1.3576611153209521,0.989255187434182,0.9007801032438802,-0.18638933462246443,-0.5987938641499739,-0.3936011336080709,-0.3467749300058409,-0.24219586746923333,-1.8448049704827396,-1.2664632877057758,-1.1025174948446559,-0.8679975645016891,-0.7538678336953983,-0.5628147359378447,0.04111021931238319,-0.714793108726999,0.0370826007825713,0.08106764742915833,1.3555735383351193,-1.3555735383351195,-0.4820426798824101,-0.3075623426146228,0.6158384251930635,-0.13085598064755344,-0.2359813632291101,-0.2662958158485814,-0.19611613513818404,-0.19300937626135234,-0.12168146174384352,14.891272611835431,-0.03352007615769955,-1.8351149988007645,-0.21680296415038888,-0.5118980953829163,-1.175735064194511,2.4640269015229057,-0.16278112867447064,-1.2316448970959013,-0.1699069165076462,-0.2081478487327801,1.4322604033532795,1.3555735383351193,-1.3555735383351195,1.3555735383351193,-1.3555735383351195,1.3555735383351193,-1.3555735383351195,1.3555735383351193,-1.3555735383351195,-0.4820426798824101,-0.3075623426146228,0.6158384251930635,-0.4820426798824101,-0.3075623426146228,0.6158384251930635,-0.4820426798824101,-0.3075623426146228,0.6158384251930635,-0.13085598064755344,-0.2359813632291101,-0.2662958158485814,-0.19611613513818404,-0.19300937626135234,-0.12168146174384352,14.891272611835431,-0.03352007615769955,-1.8351149988007645,-0.13085598064755344,-0.2359813632291101,-0.2662958158485814,-0.19611613513818404,-0.19300937626135234,-0.12168146174384352,14.891272611835431,-0.03352007615769955,-1.8351149988007645,-0.21680296415038888,-0.5118980953829163,-1.175735064194511,2.4640269015229057,-0.16278112867447064
0,-0.19439415246301878,0.8273772438659699,-0.47454519624983954,-0.4736736092984604,-0.4989475622371262,0.5446511676720712,0.96425644365423,-0.841999469050927,-0.6244040257055189,-0.19439415246301878,0.8273772438659699,-0.47454519624983954,-0.4736736092984604,-0.4989475622371262,0.5446511676720712,0.96425644365423,-0.841999469050927,-0.6244040257055189,-0.4568978454135305,0.22571012326805828,-0.3760014818308347,-0.3895323082701867,-0.4195680135014196,0.1678445260014399,0.4007848213520174,-0.6465171268038011,-0.5001743005293247,0.8635041745453002,-0.4030649954631285,-0.4194008220350217,-0.571347415835755,0.7925352191037062,1.3577269342345568,-0.4975534921199921,-0.3576753639798948,-0.2328872501475753,-0.28708333828187355,-0.32078666523533045,-0.39610534423349997,-0.38113017778990566,-0.3694246287326534,-0.2751579580367754,-0.2900883232983121,-0.2955781683826058,-0.3888554871521795,-0.41265547100857053,-0.2943754514063852,-0.3658086479243954,-0.19836401418550262,-0.33212765423625973,-0.41485036472765574,-0.45666540491192525,-0.4123594838653976,0.5449215208897721,1.1227307914744915,-0.41925594351289297,-0.337529114616601,0.9989187709831968,-0.34421520059278854,-0.22342026433344614,-0.9014630952079639,-0.6574644895504534,-0.4271559153457235,-0.7376951317802901,0.7376951317802901,-0.4820426798824101,-0.3075623426146228,0.6158384251930635,-0.13085598064755344,-0.2359813632291101,-0.2662958158485814,-0.19611613513818404,-0.19300937626135234,-0.12168146174384352,-0.06715342778730747,-0.03352007615769955,0.5449249778098338,-0.21680296415038888,-0.5118980953829163,0.8505317485662419,-0.40583972495671383,-0.16278112867447064,0.8119223343984152,-0.1699069165076462,-0.2081478487327801,-0.6981970580620328,-0.7376951317802901,0.7376951317802901,-0.7376951317802901,0.7376951317802901,-0.7376951317802901,0.7376951317802901,-0.7376951317802901,0.7376951317802901,-0.4820426798824101,-0.3075623426146228,0.6158384251930635,-0.4820426798824101,-0.3075623426146228,0.6158384251930635,-0.4820426798824101,-0.3075623426146228,0.6158384251930635,-0.13085598064755344,-0.2359813632291101,-0.2662958158485814,-0.19611613513818404,-0.19300937626135234,-0.12168146174384352,-0.06715342778730747,-0.03352007615769955,0.5449249778098338,-0.13085598064755344,-0.2359813632291101,-0.2662958158485814,-0.19611613513818404,-0.19300937626135234,-0.12168146174384352,-0.06715342778730747,-0.03352007615769955,0.5449249778098338,-0.21680296415038888,-0.5118980953829163,0.8505317485662419,-0.40583972495671383,-0.16278112867447064
0,-0.1905062694137584,0.8273772438659699,-0.47454519624983954,-0.4736736092984604,-0.4989475622371262,0.5446511676720712,-0.5095104222433947,0.19231329784848822,-0.6244040257055189,-0.1905062694137584,0.8273772438659699,-0.47454519624983954,-0.4736736092984604,-0.4989475622371262,0.5446511676720712,-0.5095104222433947,0.19231329784848822,-0.6244040257055189,-0.45355098463747734,0.22979170550202158,-0.3760014818308347,-0.3895323082701867,-0.41931408719269453,0.17132672006868543,-0.42682521777044163,-0.011706482954472118,-0.4992600983020094,0.8635041745453002,-0.4030649954631285,-0.4194008220350217,-0.571347415835755,0.7925352191037062,-0.11969588642374947,0.7828962682491402,-0.3576753639798948,-0.2328872501475753,-0.28708333828187355,-0.32078666523533045,-0.39610534423349997,-0.38113017778990566,-0.3694246287326534,-0.2751579580367754,-0.2900883232983121,-0.2955781683826058,-0.3888554871521795,-0.41265547100857053,-0.2943754514063852,-0.3658086479243954,-0.19836401418550262,-0.33212765423625973,-0.5649596120861907,-0.3887918762934614,-0.4123594838653976,0.5449215208897721,-0.14575511629852972,0.6132734351017236,-0.337529114616601,-0.7538678336953983,-0.21377024625881774,-0.564416590908148,-0.1174491519879112,-0.3598014508363,-0.4271559153457235,1.3555735383351193,-1.3555735383351195,-0.4820426798824101,-0.3075623426146228,0.6158384251930635,-0.13085598064755344,-0.2359813632291101,-0.2662958158485814,-0.19611613513818404,-0.19300937626135234,-0.12168146174384352,-0.06715342778730747,-0.03352007615769955,0.5449249778098338,-0.21680296415038888,1.9535138126504805,-1.175735064194511,-0.40583972495671383,-0.16278112867447064,0.8119223343984152,-0.1699069165076462,-0.2081478487327801,-0.6981970580620328,1.3555735383351193,-1.3555735383351195,1.3555735383351193,-1.3555735383351195,1.3555735383351193,-1.3555735383351195,1.3555735383351193,-1.3555735383351195,-0.4820426798824101,-0.3075623426146228,0.6158384251930635,-0.4820426798824101,-0.3075623426146228,0.6158384251930635,-0.4820426798824101,-0.3075623426146228,0.6158384251930635,-0.13085598064755344,-0.2359813632291101,-0.2662958158485814,-0.19611613513818404,-0.19300937626135234,-0.12168146174384352,-0.06715342778730747,-0.03352007615769955,0.5449249778098338,-0.13085598064755344,-0.2359813632291101,-0.2662958158485814,-0.19611613513818404,-0.19300937626135234,-0.12168146174384352,-0.06715342778730747,-0.03352007615769955,0.5449249778098338,-0.21680296415038888,1.9535138126504805,-1.175735064194511,-0.40583972495671383,-0.16278112867447064
0,-0.186618386364498,-0.3693648410115938,-0.47454519624983954,-0.4736736092984604,-0.11646779040628442,0.5446511676720712,0.96425644365423,1.2266260647479035,-0.0675031379141101,-0.186618386364498,-0.3693648410115938,-0.47454519624983954,-0.4736736092984604,-0.11646779040628442,0.5446511676720712,0.96425644365423,1.2266260647479035,-0.0675031379141101,-0.45019568285063966,-0.30761662196981326,-0.3760014818308347,-0.3895323082701867,-0.14474719708694447,0.174808914135931,0.40869360143551176,0.6262968380642583,-0.13449340960323272,-0.5892568139740777,-0.4030649954631285,-0.4194008220350217,0.028469648884860296,-0.04105904351514409,0.42799519961826915,0.9251684638457104,-0.1629968366090419,-0.2328872501475753,-0.28708333828187355,-0.32078666523533045,-0.39610534423349997,-0.38113017778990566,-0.3694246287326534,-0.2751579580367754,-0.2900883232983121,-0.2955781683826058,-0.3888554871521795,-0.41265547100857053,-0.2943754514063852,-0.3658086479243954,-0.16209288333514058,0.399931507946359,0.35434580885804934,0.1703567166110266,-0.22559453904033924,0.5449215208897721,1.1227307914744915,1.64580281371634,0.20090432700850336,0.9989187709831968,1.8822836089980008,0.42033946735152133,1.3385767425636153,0.7316296911155961,-0.23657207930514282,-0.7376951317802901,0.7376951317802901,-0.4820426798824101,-0.3075623426146228,0.6158384251930635,-0.13085598064755344,-0.2359813632291101,-0.2662958158485814,-0.19611613513818404,-0.19300937626135234,-0.12168146174384352,-0.06715342778730747,-0.03352007615769955,0.5449249778098338,-0.21680296415038888,-0.5118980953829163,0.8505317485662419,-0.40583972495671383,-0.16278112867447064,0.8119223343984152,-0.1699069165076462,-0.2081478487327801,-0.6981970580620328,-0.7376951317802901,0.7376951317802901,-0.7376951317802901,0.7376951317802901,-0.7376951317802901,0.7376951317802901,-0.7376951317802901,0.7376951317802901,-0.4820426798824101,-0.3075623426146228,0.6158384251930635,-0.4820426798824101,-0.3075623426146228,0.6158384251930635,-0.4820426798824101,-0.3075623426146228,0.6158384251930635,-0.13085598064755344,-0.2359813632291101,-0.2662958158485814,-0.19611613513818404,-0.19300937626135234,-0.12168146174384352,-0.06715342778730747,-0.03352007615769955,0.5449249778098338,-0.13085598064755344,-0.2359813632291101,-0.2662958158485814,-0.19611613513818404,-0.19300937626135234,-0.12168146174384352,-0.06715342778730747,-0.03352007615769955,0.5449249778098338,-0.21680296415038888,-0.5118980953829163,0.8505317485662419,-0.40583972495671383,-0.16278112867447064
0,-0.18273050331523763,-0.3693648410115938,-0.47454519624983954,-0.4736736092984604,-0.438556019316467,0.5446511676720712,0.96425644365423,-0.497228546751122,-0.6244040257055189,-0.18273050331523763,-0.3693648410115938,-0.47454519624983954,-0.4736736092984604,-0.438556019316467,0.5446511676720712,0.96425644365423,-0.497228546751122,-0.6244040257055189,-0.44683194005301746,-0.3048955671471711,-0.3760014818308347,-0.3895323082701867,-0.37538483578325293,0.17829110820317656,0.41264799147725895,-0.4310114178692007,-0.4974316938473789,-0.5892568139740777,-0.4030649954631285,-0.4194008220350217,-0.5906963534073878,-0.04105904351514409,0.42799519961826915,-0.4975534921199921,-0.5523538913507477,-0.2328872501475753,-0.28708333828187355,-0.32078666523533045,-0.39610534423349997,-0.38113017778990566,-0.3694246287326534,-0.2751579580367754,-0.2900883232983121,-0.2955781683826058,-0.3888554871521795,-0.41265547100857053,-0.2943754514063852,-0.3658086479243954,-0.19541373081489902,-0.21653936547058308,-0.2933983373193865,-0.4049522402502385,-0.39990848754372704,0.5449215208897721,1.1227307914744915,-0.07507948397468743,-0.337529114616601,0.9989187709831968,0.026867934339009688,-0.22342026433344614,-0.714793108726999,-0.5582434766457356,-0.4271559153457235,-0.7376951317802901,0.7376951317802901,-0.4820426798824101,-0.3075623426146228,0.6158384251930635,-0.13085598064755344,-0.2359813632291101,-0.2662958158485814,-0.19611613513818404,-0.19300937626135234,-0.12168146174384352,-0.06715342778730747,-0.03352007615769955,0.5449249778098338,-0.21680296415038888,-0.5118980953829163,-1.175735064194511,-0.40583972495671383,6.1432182473669785,0.8119223343984152,-0.1699069165076462,-0.2081478487327801,-0.6981970580620328,-0.7376951317802901,0.7376951317802901,-0.7376951317802901,0.7376951317802901,-0.7376951317802901,0.7376951317802901,-0.7376951317802901,0.7376951317802901,-0.4820426798824101,-0.3075623426146228,0.6158384251930635,-0.4820426798824101,-0.3075623426146228,0.6158384251930635,-0.4820426798824101,-0.3075623426146228,0.6158384251930635,-0.13085598064755344,-0.2359813632291101,-0.2662958158485814,-0.19611613513818404,-0.19300937626135234,-0.12168146174384352,-0.06715342778730747,-0.03352007615769955,0.5449249778098338,-0.13085598064755344,-0.2359813632291101,-0.2662958158485814,-0.19611613513818404,-0.19300937626135234,-0.12168146174384352,-0.06715342778730747,-0.03352007615769955,0.5449249778098338,-0.21680296415038888,-0.5118980953829163,-1.175735064194511,-0.40583972495671383,6.1432182473669785
1,-0.17884262026597728,-0.3693648410115938,-0.47454519624983954,-0.4736736092984604,-0.3982949907026942,0.5446511676720712,-0.5095104222433947,-0.1524576244513169,-0.6244040257055189,-0.17884262026597728,-0.3693648410115938,-0.47454519624983954,-0.4736736092984604,-0.3982949907026942,0.5446511676720712,-0.5095104222433947,-0.1524576244513169,-0.6244040257055189,-0.4434597562446108,-0.3021745123245289,-0.3760014818308347,-0.3895323082701867,-0.34600193434506327,0.18177330227042213,-0.42124590983032,-0.2165699346577342,-0.4965174916200637,-0.5892568139740777,-0.4030649954631285,-0.4194008220350217,-0.5133006031208568,-0.04105904351514409,-0.5569533474872684,-0.2130091009268516,-0.5523538913507477,-0.2328872501475753,-0.28708333828187355,-0.32078666523533045,-0.39610534423349997,-0.38113017778990566,-0.3694246287326534,-0.2751579580367754,-0.2900883232983121,-0.2955781683826058,-0.3888554871521795,-0.41265547100857053,-0.2943754514063852,-0.3658086479243954,-0.19286838829908412,-0.1394805062934653,-0.46976045737612415,-0.3467749300058409,-0.39160782332928,0.5449215208897721,-0.14575511629852972,0.2690969755635181,-0.337529114616601,-0.7538678336953983,-0.3882924910983312,-0.564416590908148,-0.45345512765364804,-0.4590224637410178,-0.4271559153457235,1.3555735383351193,-1.3555735383351195,-0.4820426798824101,-0.3075623426146228,0.6158384251930635,-0.13085598064755344,-0.2359813632291101,-0.2662958158485814,-0.19611613513818404,-0.19300937626135234,-0.12168146174384352,-0.06715342778730747,-0.03352007615769955,0.5449249778098338,-0.21680296415038888,-0.5118980953829163,-1.175735064194511,2.4640269015229057,-0.16278112867447064,0.8119223343984152,-0.1699069165076462,-0.2081478487327801,-0.6981970580620328,1.3555735383351193,-1.3555735383351195,1.3555735383351193,-1.3555735383351195,1.3555735383351193,-1.3555735383351195,1.3555735383351193,-1.3555735383351195,-0.4820426798824101,-0.3075623426146228,0.6158384251930635,-0.4820426798824101,-0.3075623426146228,0.6158384251930635,-0.4820426798824101,-0.3075623426146228,0.6158384251930635,-0.13085598064755344,-0.2359813632291101,-0.2662958158485814,-0.19611613513818404,-0.19300937626135234,-0.12168146174384352,-0.06715342778730747,-0.03352007615769955,0.5449249778098338,-0.13085598064755344,-0.2359813632291101,-0.2662958158485814,-0.19611613513818404,-0.19300937626135234,-0.12168146174384352,-0.06715342778730747,-0.03352007615769955,0.5449249778098338,-0.21680296415038888,-0.5118980953829163,-1.175735064194511,2.4640269015229057,-0.16278112867447064
1,-0.1749547372167169,0.8273772438659699,-0.47454519624983954,-0.4736736092984604,-0.4989475622371262,0.5446511676720712,0.96425644365423,0.8818551424480984,-0.6244040257055189,-0.1749547372167169,0.8273772438659699,-0.47454519624983954,-0.4736736092984604,-0.4989475622371262,0.5446511676720712,0.96425644365423,0.8818551424480984,-0.6244040257055189,-0.44007913142541966,0.24611803443787478,-0.3760014818308347,-0.3895323082701867,-0.4182983819577941,0.1852554963376677,0.42055677156075333,0.4256902892535316,-0.49560328939274845,0.8635041745453002,-0.4030649954631285,-0.4194008220350217,-0.571347415835755,0.7925352191037062,1.3577269342345568,1.6365294418285616,-0.3576753639798948,-0.2328872501475753,-0.28708333828187355,-0.32078666523533045,-0.39610534423349997,-0.38113017778990566,-0.3694246287326534,-0.2751579580367754,-0.2900883232983121,-0.2955781683826058,-0.3888554871521795,-0.41265547100857053,-0.2943754514063852,-0.3658086479243954,-0.19836401418550262,-0.33212765423625973,-0.41485036472765574,-0.34354285721448546,-0.4123594838653976,0.5449215208897721,1.1227307914744915,1.3016263541781348,-0.337529114616601,0.9989187709831968,1.5112004740662026,-0.22342026433344614,0.7785667831207204,-0.16135942502686434,-0.4271559153457235,-0.7376951317802901,0.7376951317802901,-0.4820426798824101,-0.3075623426146228,0.6158384251930635,-0.13085598064755344,-0.2359813632291101,-0.2662958158485814,-0.19611613513818404,-0.19300937626135234,-0.12168146174384352,-0.06715342778730747,-0.03352007615769955,0.5449249778098338,-0.21680296415038888,-0.5118980953829163,0.8505317485662419,-0.40583972495671383,-0.16278112867447064,0.8119223343984152,-0.1699069165076462,-0.2081478487327801,-0.6981970580620328,-0.7376951317802901,0.7376951317802901,-0.7376951317802901,0.7376951317802901,-0.7376951317802901,0.7376951317802901,-0.7376951317802901,0.7376951317802901,-0.4820426798824101,-0.3075623426146228,0.6158384251930635,-0.4820426798824101,-0.3075623426146228,0.6158384251930635,-0.4820426798824101,-0.3075623426146228,0.6158384251930635,-0.13085598064755344,-0.2359813632291101,-0.2662958158485814,-0.19611613513818404,-0.19300937626135234,-0.12168146174384352,-0.06715342778730747,-0.03352007615769955,0.5449249778098338,-0.13085598064755344,-0.2359813632291101,-0.2662958158485814,-0.19611613513818404,-0.19300937626135234,-0.12168146174384352,-0.06715342778730747,-0.03352007615769955,0.5449249778098338,-0.21680296415038888,-0.5118980953829163,0.8505317485662419,-0.40583972495671383,-0.16278112867447064
0,-0.1710668541674565,0.8273772438659699,-0.47454519624983954,-0.4736736092984604,-0.4788170479302398,0.5446511676720712,0.96425644365423,-0.1524576244513169,-0.6244040257055189,-0.1710668541674565,0.8273772438659699,-0.47454519624983954,-0.4736736092984604,-0.4788170479302398,0.5446511676720712,0.96425644365423,-0.1524576244513169,-0.6244040257055189,-0.436690065595444,0.2501996166718381,-0.3760014818308347,-0.3895323082701867,-0.4034618304908564,0.18873769040491326,0.4245111616025006,-0.21231303176519886,-0.49468908716543325,0.8635041745453002,-0.4030649954631285,-0.4194008220350217,-0.5133006031208568,0.7925352191037062,1.3577269342345568,0.3560796814594294,-0.3576753639798948,-0.2328872501475753,-0.28708333828187355,-0.32078666523533045,-0.39610534423349997,-0.38113017778990566,-0.3694246287326534,-0.2751579580367754,-0.2900883232983121,-0.2955781683826058,-0.3888554871521795,-0.41265547100857053,-0.2943754514063852,-0.3658086479243954,-0.1974962837823839,-0.29359822464770086,-0.374366355591566,-0.39848809466752766,-0.40820915175817407,0.5449215208897721,1.1227307914744915,0.2690969755635181,-0.337529114616601,0.9989187709831968,0.3979510692708079,-0.22342026433344614,-0.45345512765364804,-0.4590224637410178,-0.4271559153457235,-0.7376951317802901,0.7376951317802901,-0.4820426798824101,-0.3075623426146228,0.6158384251930635,-0.13085598064755344,-0.2359813632291101,-0.2662958158485814,-0.19611613513818404,-0.19300937626135234,-0.12168146174384352,-0.06715342778730747,-0.03352007615769955,0.5449249778098338,-0.21680296415038888,-0.5118980953829163,0.8505317485662419,-0.40583972495671383,-0.16278112867447064,0.8119223343984152,-0.1699069165076462,-0.2081478487327801,-0.6981970580620328,-0.7376951317802901,0.7376951317802901,-0.7376951317802901,0.7376951317802901,-0.7376951317802901,0.7376951317802901,-0.7376951317802901,0.7376951317802901,-0.4820426798824101,-0.3075623426146228,0.6158384251930635,-0.4820426798824101,-0.3075623426146228,0.6158384251930635,-0.4820426798824101,-0.3075623426146228,0.6158384251930635,-0.13085598064755344,-0.2359813632291101,-0.2662958158485814,-0.19611613513818404,-0.19300937626135234,-0.12168146174384352,-0.06715342778730747,-0.03352007615769955,0.5449249778098338,-0.13085598064755344,-0.2359813632291101,-0.2662958158485814,-0.19611613513818404,-0.19300937626135234,-0.12168146174384352,-0.06715342778730747,-0.03352007615769955,0.5449249778098338,-0.21680296415038888,-0.5118980953829163,0.8505317485662419,-0.40583972495671383,-0.16278112867447064
0,-0.16717897111819613,0.8273772438659699,0.4327933656785018,-0.4736736092984604,-0.45868653362335343,0.5446511676720712,-0.5095104222433947,-0.841999469050927,-0.6244040257055189,-0.16717897111819613,0.8273772438659699,0.4327933656785018,-0.4736736092984604,-0.45868653362335343,0.5446511676720712,-0.5095104222433947,-0.841999469050927,-0.6244040257055189,-0.43329255875468387,0.25428119890580136,0.3224350906782613,-0.3895323082701867,-0.3885527286499972,0.19221988447215882,-0.41566660189019833,-0.6390675467418643,-0.493774884938118,0.8635041745453002,0.5387118689362969,-0.4194008220350217,-0.4552537904059585,0.7925352191037062,-0.11969588642374947,-0.4975534921199921,-0.3576753639798948,-0.07639966350995119,-0.28708333828187355,-0.20692890980125286,0.5281575091431288,0.16061446244642888,0.055294525074822944,-0.16720298638958608,-0.2900883232983121,-0.2955781683826058,-0.3888554871521795,-0.41265547100857053,-0.2943754514063852,-0.3658086479243954,-0.1965128559921827,-0.255068795059142,-0.526879950202164,-0.4437371137465036,-0.40405881965095053,0.5449215208897721,-0.14575511629852972,-0.41925594351289297,-0.337529114616601,-0.7538678336953983,-0.7373369807773581,-0.564416590908148,-0.9014630952079639,-0.6574644895504534,-0.4271559153457235,1.3555735383351193,-1.3555735383351195,-0.4820426798824101,-0.3075623426146228,0.6158384251930635,-0.13085598064755344,-0.2359813632291101,-0.2662958158485814,-0.19611613513818404,-0.19300937626135234,-0.12168146174384352,-0.06715342778730747,-0.03352007615769955,0.5449249778098338,-0.21680296415038888,1.9535138126504805,-1.175735064194511,-0.40583972495671383,-0.16278112867447064,-1.2316448970959013,-0.1699069165076462,-0.2081478487327801,1.4322604033532795,1.3555735383351193,-1.3555735383351195,1.3555735383351193,-1.3555735383351195,1.3555735383351193,-1.3555735383351195,1.3555735383351193,-1.3555735383351195,-0.4820426798824101,-0.3075623426146228,0.6158384251930635,-0.4820426798824101,-0.3075623426146228,0.6158384251930635,-0.4820426798824101,-0.3075623426146228,0.6158384251930635,-0.13085598064755344,-0.2359813632291101,-0.2662958158485814,-0.19611613513818404,-0.19300937626135234,-0.12168146174384352,-0.06715342778730747,-0.03352007615769955,0.5449249778098338,-0.13085598064755344,-0.2359813632291101,-0.2662958158485814,-0.19611613513818404,-0.19300937626135234,-0.12168146174384352,-0.06715342778730747,-0.03352007615769955,0.5449249778098338,-0.21680296415038888,1.9535138126504805,-1.175735064194511,-0.40583972495671383,-0.16278112867447064
0,-0.16329108806893577,0.8273772438659699,0.4327933656785018,-0.4736736092984604,-0.33790344778203496,0.5446511676720712,0.96425644365423,-0.1524576244513169,-0.0675031379141101,-0.16329108806893577,0.8273772438659699,0.4327933656785018,-0.4736736092984604,-0.33790344778203496,0.5446511676720712,0.96425644365423,-0.1524576244513169,-0.0675031379141101,-0.4298866109031392,0.2583627811397647,0.3241681839102938,-0.3895323082701867,-0.300295198774546,0.19570207853940438,0.43241994168599496,-0.20805612887266356,-0.12352298287544997,0.8635041745453002,0.5387118689362969,-0.4194008220350217,-0.10697291411656897,0.7925352191037062,1.3577269342345568,0.3560796814594294,0.2263602181326639,-0.07639966350995119,-0.28708333828187355,-0.1310237395118678,0.5281575091431288,0.770770541893495,0.48001367888229923,-0.05924801474239681,-0.2900883232983121,-0.2955781683826058,-0.3888554871521795,-0.41265547100857053,-0.2943754514063852,-0.3658086479243954,-0.1881826441222431,-0.023892217527788678,-0.09097829163893781,-0.30799005650957584,-0.31690184539925664,0.5449215208897721,1.1227307914744915,0.2690969755635181,0.20090432700850336,0.9989187709831968,0.3979510692708079,0.42033946735152133,-0.45345512765364804,-0.06213841212214652,-0.23657207930514282,-0.7376951317802901,0.7376951317802901,-0.4820426798824101,-0.3075623426146228,0.6158384251930635,-0.13085598064755344,-0.2359813632291101,-0.2662958158485814,-0.19611613513818404,-0.19300937626135234,-0.12168146174384352,-0.06715342778730747,-0.03352007615769955,0.5449249778098338,-0.21680296415038888,-0.5118980953829163,0.8505317485662419,-0.40583972495671383,-0.16278112867447064,-1.2316448970959013,-0.1699069165076462,-0.2081478487327801,1.4322604033532795,-0.7376951317802901,0.7376951317802901,-0.7376951317802901,0.7376951317802901,-0.7376951317802901,0.7376951317802901,-0.7376951317802901,0.7376951317802901,-0.4820426798824101,-0.3075623426146228,0.6158384251930635,-0.4820426798824101,-0.3075623426146228,0.6158384251930635,-0.4820426798824101,-0.3075623426146228,0.6158384251930635,-0.13085598064755344,-0.2359813632291101,-0.2662958158485814,-0.19611613513818404,-0.19300937626135234,-0.12168146174384352,-0.06715342778730747,-0.03352007615769955,0.5449249778098338,-0.13085598064755344,-0.2359813632291101,-0.2662958158485814,-0.19611613513818404,-0.19300937626135234,-0.12168146174384352,-0.06715342778730747,-0.03352007615769955,0.5449249778098338,-0.21680296415038888,-0.5118980953829163,0.8505317485662419,-0.40583972495671383,-0.16278112867447064
0,-0.1594032050196754,0.8273772438659699,-0.47454519624983954,-0.4736736092984604,-0.4788170479302398,0.5446511676720712,-0.5095104222433947,-0.841999469050927,-0.6244040257055189,-0.1594032050196754,0.8273772438659699,-0.47454519624983954,-0.4736736092984604,-0.4788170479302398,0.5446511676720712,-0.5095104222433947,-0.841999469050927,-0.6244040257055189,-0.42647222204081003,0.262444363373728,-0.3760014818308347,-0.3895323082701867,-0.40259122600379893,0.19918427260664995,-0.4119470632634506,-0.6369390952955967,-0.49194648048348755,0.8635041745453002,-0.4030649954631285,-0.4194008220350217,-0.5133006031208568,0.7925352191037062,-0.11969588642374947,-0.4975534921199921,-0.3576753639798948,-0.2328872501475753,-0.28708333828187355,-0.32078666523533045,-0.39610534423349997,-0.38113017778990566,-0.3694246287326534,-0.2751579580367754,-0.2900883232983121,-0.2955781683826058,-0.3888554871521795,-0.41265547100857053,-0.2943754514063852,-0.3658086479243954,-0.1974962837823839,-0.29359822464770086,-0.5459197811441774,-0.4502012593292144,-0.40820915175817407,0.5449215208897721,-0.14575511629852972,-0.41925594351289297,-0.337529114616601,-0.7538678336953983,-0.7373369807773581,-0.564416590908148,-0.9014630952079639,-0.6574644895504534,-0.4271559153457235,1.3555735383351193,-1.3555735383351195,-0.4820426798824101,-0.3075623426146228,0.6158384251930635,-0.13085598064755344,-0.2359813632291101,-0.2662958158485814,-0.19611613513818404,-0.19300937626135234,-0.12168146174384352,-0.06715342778730747,-0.03352007615769955,0.5449249778098338,-0.21680296415038888,1.9535138126504805,-1.175735064194511,-0.40583972495671383,-0.16278112867447064,0.8119223343984152,-0.1699069165076462,-0.2081478487327801,-0.6981970580620328,1.3555735383351193,-1.3555735383351195,1.3555735383351193,-1.3555735383351195,1.3555735383351193,-1.3555735383351195,1.3555735383351193,-1.3555735383351195,-0.4820426798824101,-0.3075623426146228,0.6158384251930635,-0.4820426798824101,-0.3075623426146228,0.6158384251930635,-0.4820426798824101,-0.3075623426146228,0.6158384251930635,-0.13085598064755344,-0.2359813632291101,-0.2662958158485814,-0.19611613513818404,-0.19300937626135234,-0.12168146174384352,-0.06715342778730747,-0.03352007615769955,0.5449249778098338,-0.13085598064755344,-0.2359813632291101,-0.2662958158485814,-0.19611613513818404,-0.19300937626135234,-0.12168146174384352,-0.06715342778730747,-0.03352007615769955,0.5449249778098338,-0.21680296415038888,1.9535138126504805,-1.175735064194511,-0.40583972495671383,-0.16278112867447064
0,-0.155515321970415,-0.3693648410115938,0.4327933656785018,-0.4736736092984604,-0.2171203619407165,0.5446511676720712,0.96425644365423,0.5370842201482933,-0.0675031379141101,-0.155515321970415,-0.3693648410115938,0.4327933656785018,-0.4736736092984604,-0.2171203619407165,0.5446511676720712,0.96425644365423,0.5370842201482933,-0.0675031379141101,-0.4230493921676964,-0.2858481833886757,0.3276343703743588,-0.3895323082701867,-0.21084058772939082,0.2026664666738955,0.44032872176948934,0.22827641761220632,-0.11986617396618904,-0.5892568139740777,0.2247862474698217,-0.4194008220350217,-0.16501972683146723,-0.04105904351514409,0.42799519961826915,0.3560796814594294,-0.1629968366090419,-0.07639966350995119,-0.28708333828187355,-0.05511856922248275,0.5281575091431288,0.770770541893495,0.9047328326897756,-0.05924801474239681,-0.2900883232983121,-0.2955781683826058,-0.3888554871521795,-0.41265547100857053,-0.2943754514063852,-0.3658086479243954,-0.1756873263173337,0.20728436000356462,0.15192576317760065,-0.09467325228011798,-0.2670978601125744,0.5449215208897721,1.1227307914744915,0.9574498946399291,0.20090432700850336,0.9989187709831968,1.1401173391344044,0.42033946735152133,0.29322481827021163,0.33474563949672476,-0.23657207930514282,-0.7376951317802901,0.7376951317802901,-0.4820426798824101,-0.3075623426146228,0.6158384251930635,-0.13085598064755344,-0.2359813632291101,-0.2662958158485814,-0.19611613513818404,-0.19300937626135234,-0.12168146174384352,-0.06715342778730747,-0.03352007615769955,0.5449249778098338,-0.21680296415038888,-0.5118980953829163,0.8505317485662419,-0.40583972495671383,-0.16278112867447064,-1.2316448970959013,-0.1699069165076462,-0.2081478487327801,1.4322604033532795,-0.7376951317802901,0.7376951317802901,-0.7376951317802901,0.7376951317802901,-0.7376951317802901,0.7376951317802901,-0.7376951317802901,0.7376951317802901,-0.4820426798824101,-0.3075623426146228,0.6158384251930635,-0.4820426798824101,-0.3075623426146228,0.6158384251930635,-0.4820426798824101,-0.3075623426146228,0.6158384251930635,-0.13085598064755344,-0.2359813632291101,-0.2662958158485814,-0.19611613513818404,-0.19300937626135234,-0.12168146174384352,-0.06715342778730747,-0.03352007615769955,0.5449249778098338,-0.13085598064755344,-0.2359813632291101,-0.2662958158485814,-0.19611613513818404,-0.19300937626135234,-0.12168146174384352,-0.06715342778730747,-0.03352007615769955,0.5449249778098338,-0.21680296415038888,-0.5118980953829163,0.8505317485662419,-0.40583972495671383,-0.16278112867447064
0,-0.15162743892115463,0.8273772438659699,-0.47454519624983954,-0.4736736092984604,-0.4989475622371262,0.5446511676720712,0.96425644365423,1.5713969870477085,-0.6244040257055189,-0.15162743892115463,0.8273772438659699,-0.47454519624983954,-0.4736736092984604,-0.4989475622371262,0.5446511676720712,0.96425644365423,1.5713969870477085,-0.6244040257055189,-0.4196181212837982,0.2706075278416546,-0.3760014818308347,-0.3895323082701867,-0.41677482410544353,0.20614866074114105,0.44428311181123653,0.8811788987548104,-0.4901180760288571,0.8635041745453002,-0.4030649954631285,-0.4194008220350217,-0.571347415835755,0.7925352191037062,1.3577269342345568,2.490162615407983,-0.3576753639798948,-0.2328872501475753,-0.28708333828187355,-0.32078666523533045,-0.39610534423349997,-0.38113017778990566,-0.3694246287326534,-0.2751579580367754,-0.2900883232983121,-0.2955781683826058,-0.3888554871521795,-0.41265547100857053,-0.2943754514063852,-0.3658086479243954,-0.19836401418550262,-0.33212765423625973,-0.41485036472765574,-0.2982938381355096,-0.4123594838653976,0.5449215208897721,1.1227307914744915,1.9899792732545456,-0.337529114616601,0.9989187709831968,2.2533667439297993,-0.22342026433344614,1.973254696598896,0.0370826007825713,-0.4271559153457235,-0.7376951317802901,0.7376951317802901,-0.4820426798824101,-0.3075623426146228,0.6158384251930635,-0.13085598064755344,-0.2359813632291101,-0.2662958158485814,-0.19611613513818404,-0.19300937626135234,-0.12168146174384352,-0.06715342778730747,-0.03352007615769955,0.5449249778098338,-0.21680296415038888,-0.5118980953829163,0.8505317485662419,-0.40583972495671383,-0.16278112867447064,0.8119223343984152,-0.1699069165076462,-0.2081478487327801,-0.6981970580620328,-0.7376951317802901,0.7376951317802901,-0.7376951317802901,0.7376951317802901,-0.7376951317802901,0.7376951317802901,-0.7376951317802901,0.7376951317802901,-0.4820426798824101,-0.3075623426146228,0.6158384251930635,-0.4820426798824101,-0.3075623426146228,0.6158384251930635,-0.4820426798824101,-0.3075623426146228,0.6158384251930635,-0.13085598064755344,-0.2359813632291101,-0.2662958158485814,-0.19611613513818404,-0.19300937626135234,-0.12168146174384352,-0.06715342778730747,-0.03352007615769955,0.5449249778098338,-0.13085598064755344,-0.2359813632291101,-0.2662958158485814,-0.19611613513818404,-0.19300937626135234,-0.12168146174384352,-0.06715342778730747,-0.03352007615769955,0.5449249778098338,-0.21680296415038888,-0.5118980953829163,0.8505317485662419,-0.40583972495671383,-0.16278112867447064
1,-0.14773955587189427,-0.3693648410115938,0.4327933656785018,0.7676298785983874,-0.2775119048613757,0.5446511676720712,0.96425644365423,-1.5315413136505371,0.48939774987729867,-0.14773955587189427,-0.3693648410115938,0.4327933656785018,0.7676298785983874,-0.2775119048613757,0.5446511676720712,0.96425644365423,-1.5315413136505371,0.48939774987729867,-0.4161784093891156,-0.28040607374339127,0.33110055683842377,0.5461791990535945,-0.2537178587169713,0.2096308548083866,0.4482375018529837,-1.0679505131647973,0.2567851436876856,-0.5892568139740777,0.2247862474698217,0.5195090584504164,-0.2811133522612637,-0.04105904351514409,0.42799519961826915,-1.3511866656994136,0.2263602181326639,-0.07639966350995119,0.2184329747796864,-0.09307115436717528,0.5281575091431288,0.770770541893495,-0.3694246287326534,0.048706956904792466,0.07498045644575013,-0.03958493668802583,0.9624460102277982,1.4694387837410756,-0.2943754514063852,0.26748572765974243,-0.1824556234616596,0.09169607123788796,0.030473735769331423,-0.5019144239909011,-0.2172938748258922,0.5449215208897721,1.1227307914744915,-1.107608862589304,0.7393377686336078,0.9989187709831968,-1.086381470456385,1.0640991990364888,-1.0507990843927357,-0.855906515359889,0.08106764742915833,-0.7376951317802901,0.7376951317802901,-0.4820426798824101,-0.3075623426146228,0.6158384251930635,-0.13085598064755344,-0.2359813632291101,-0.2662958158485814,-0.19611613513818404,-0.19300937626135234,-0.12168146174384352,-0.06715342778730747,-0.03352007615769955,0.5449249778098338,4.612483062299524,-0.5118980953829163,-1.175735064194511,-0.40583972495671383,-0.16278112867447064,-1.2316448970959013,-0.1699069165076462,-0.2081478487327801,1.4322604033532795,-0.7376951317802901,0.7376951317802901,-0.7376951317802901,0.7376951317802901,-0.7376951317802901,0.7376951317802901,-0.7376951317802901,0.7376951317802901,-0.4820426798824101,-0.3075623426146228,0.6158384251930635,-0.4820426798824101,-0.3075623426146228,0.6158384251930635,-0.4820426798824101,-0.3075623426146228,0.6158384251930635,-0.13085598064755344,-0.2359813632291101,-0.2662958158485814,-0.19611613513818404,-0.19300937626135234,-0.12168146174384352,-0.06715342778730747,-0.03352007615769955,0.5449249778098338,-0.13085598064755344,-0.2359813632291101,-0.2662958158485814,-0.19611613513818404,-0.19300937626135234,-0.12168146174384352,-0.06715342778730747,-0.03352007615769955,0.5449249778098338,4.612483062299524,-0.5118980953829163,-1.175735064194511,-0.40583972495671383,-0.16278112867447064
0,-0.1438516728226339,0.8273772438659699,-0.47454519624983954,-0.4736736092984604,-0.4989475622371262,0.5446511676720712,0.96425644365423,-0.841999469050927,-0.6244040257055189,-0.1438516728226339,0.8273772438659699,-0.47454519624983954,-0.4736736092984604,-0.4989475622371262,0.5446511676720712,0.96425644365423,-0.841999469050927,-0.6244040257055189,-0.41273025648364847,0.2787706923095812,-0.3760014818308347,-0.3895323082701867,-0.41626697148799335,0.21311304887563218,0.4521918918947309,-0.6326821924030613,-0.48828967157422665,0.8635041745453002,-0.4030649954631285,-0.4194008220350217,-0.571347415835755,0.7925352191037062,1.3577269342345568,-0.4975534921199921,-0.3576753639798948,-0.2328872501475753,-0.28708333828187355,-0.32078666523533045,-0.39610534423349997,-0.38113017778990566,-0.3694246287326534,-0.2751579580367754,-0.2900883232983121,-0.2955781683826058,-0.3888554871521795,-0.41265547100857053,-0.2943754514063852,-0.3658086479243954,-0.19836401418550262,-0.33212765423625973,-0.41485036472765574,-0.45666540491192525,-0.4123594838653976,0.5449215208897721,1.1227307914744915,-0.41925594351289297,-0.337529114616601,0.9989187709831968,-0.34421520059278854,-0.22342026433344614,-0.9014630952079639,-0.6574644895504534,-0.4271559153457235,-0.7376951317802901,0.7376951317802901,-0.4820426798824101,-0.3075623426146228,0.6158384251930635,-0.13085598064755344,-0.2359813632291101,-0.2662958158485814,-0.19611613513818404,-0.19300937626135234,-0.12168146174384352,-0.06715342778730747,-0.03352007615769955,0.5449249778098338,-0.21680296415038888,-0.5118980953829163,0.8505317485662419,-0.40583972495671383,-0.16278112867447064,0.8119223343984152,-0.1699069165076462,-0.2081478487327801,-0.6981970580620328,-0.7376951317802901,0.7376951317802901,-0.7376951317802901,0.7376951317802901,-0.7376951317802901,0.7376951317802901,-0.7376951317802901,0.7376951317802901,-0.4820426798824101,-0.3075623426146228,0.6158384251930635,-0.4820426798824101,-0.3075623426146228,0.6158384251930635,-0.4820426798824101,-0.3075623426146228,0.6158384251930635,-0.13085598064755344,-0.2359813632291101,-0.2662958158485814,-0.19611613513818404,-0.19300937626135234,-0.12168146174384352,-0.06715342778730747,-0.03352007615769955,0.5449249778098338,-0.13085598064755344,-0.2359813632291101,-0.2662958158485814,-0.19611613513818404,-0.19300937626135234,-0.12168146174384352,-0.06715342778730747,-0.03352007615769955,0.5449249778098338,-0.21680296415038888,-0.5118980953829163,0.8505317485662419,-0.40583972495671383,-0.16278112867447064
0,-0.1399637897733735,0.8273772438659699,2.2474704895351842,0.7676298785983874,-0.13659830471317083,0.5446511676720712,-0.5095104222433947,0.8818551424480984,1.6031995254601163,-0.1399637897733735,0.8273772438659699,2.2474704895351842,0.7676298785983874,-0.13659830471317083,0.5446511676720712,-0.5095104222433947,0.8818551424480984,1.6031995254601163,-0.40927366256739683,0.2828522745435445,1.7557031935691358,0.5507660201679268,-0.1483021654090958,0.21659524294287774,-0.4026482166965812,0.4592133995322472,1.0119161834500652,0.8635041745453002,2.4222655977351475,0.9889639986931354,0.4734952130324136,0.7925352191037062,-0.11969588642374947,1.6365294418285616,1.9784669644703399,1.1755010295910417,1.2294656009028064,0.6280279633819829,2.3766832158963864,1.244103742919098,4.090126486245849,1.3441666166710637,0.07498045644575013,0.059967986748755274,0.9624460102277982,0.4725028221561908,1.2031936272409431,0.6896819780491676,-0.16504316670574418,0.36140207835780014,-0.2222426551299511,0.06369831449629769,0.07737970478697764,0.5449215208897721,-0.14575511629852972,1.3016263541781348,1.8162046518838164,-0.7538678336953983,0.13527424342020916,0.6466370295329145,0.7785667831207204,2.6168289363052346,1.097514772978922,1.3555735383351193,-1.3555735383351195,-0.4820426798824101,-0.3075623426146228,0.6158384251930635,-0.13085598064755344,-0.2359813632291101,-0.2662958158485814,-0.19611613513818404,-0.19300937626135234,-0.12168146174384352,-0.06715342778730747,-0.03352007615769955,0.5449249778098338,-0.21680296415038888,1.9535138126504805,-1.175735064194511,-0.40583972495671383,-0.16278112867447064,-1.2316448970959013,-0.1699069165076462,4.804277373453898,-0.6981970580620328,1.3555735383351193,-1.3555735383351195,1.3555735383351193,-1.3555735383351195,1.3555735383351193,-1.3555735383351195,1.3555735383351193,-1.3555735383351195,-0.4820426798824101,-0.3075623426146228,0.6158384251930635,-0.4820426798824101,-0.3075623426146228,0.6158384251930635,-0.4820426798824101,-0.3075623426146228,0.6158384251930635,-0.13085598064755344,-0.2359813632291101,-0.2662958158485814,-0.19611613513818404,-0.19300937626135234,-0.12168146174384352,-0.06715342778730747,-0.03352007615769955,0.5449249778098338,-0.13085598064755344,-0.2359813632291101,-0.2662958158485814,-0.19611613513818404,-0.19300937626135234,-0.12168146174384352,-0.06715342778730747,-0.03352007615769955,0.5449249778098338,-0.21680296415038888,1.9535138126504805,-1.175735064194511,-0.40583972495671383,-0.16278112867447064
0,-0.13607590672411313,0.8273772438659699,-0.47454519624983954,-0.4736736092984604,-0.4989475622371262,0.5446511676720712,0.96425644365423,-0.1524576244513169,-0.6244040257055189,-0.13607590672411313,0.8273772438659699,-0.47454519624983954,-0.4736736092984604,-0.4989475622371262,0.5446511676720712,0.96425644365423,-0.1524576244513169,-0.6244040257055189,-0.4058086276403607,0.2869338567775078,-0.3760014818308347,-0.3895323082701867,-0.4157591188705432,0.2200774370101233,0.46010067197822535,-0.19315696874878996,-0.48646126711959614,0.8635041745453002,-0.4030649954631285,-0.4194008220350217,-0.571347415835755,0.7925352191037062,1.3577269342345568,0.3560796814594294,-0.3576753639798948,-0.2328872501475753,-0.28708333828187355,-0.32078666523533045,-0.39610534423349997,-0.38113017778990566,-0.3694246287326534,-0.2751579580367754,-0.2900883232983121,-0.2955781683826058,-0.3888554871521795,-0.41265547100857053,-0.2943754514063852,-0.3658086479243954,-0.19836401418550262,-0.33212765423625973,-0.41485036472765574,-0.41141638583294937,-0.4123594838653976,0.5449215208897721,1.1227307914744915,0.2690969755635181,-0.337529114616601,0.9989187709831968,0.3979510692708079,-0.22342026433344614,-0.45345512765364804,-0.4590224637410178,-0.4271559153457235,-0.7376951317802901,0.7376951317802901,-0.4820426798824101,-0.3075623426146228,0.6158384251930635,-0.13085598064755344,-0.2359813632291101,-0.2662958158485814,-0.19611613513818404,-0.19300937626135234,-0.12168146174384352,-0.06715342778730747,-0.03352007615769955,0.5449249778098338,-0.21680296415038888,-0.5118980953829163,0.8505317485662419,-0.40583972495671383,-0.16278112867447064,0.8119223343984152,-0.1699069165076462,-0.2081478487327801,-0.6981970580620328,-0.7376951317802901,0.7376951317802901,-0.7376951317802901,0.7376951317802901,-0.7376951317802901,0.7376951317802901,-0.7376951317802901,0.7376951317802901,-0.4820426798824101,-0.3075623426146228,0.6158384251930635,-0.4820426798824101,-0.3075623426146228,0.6158384251930635,-0.4820426798824101,-0.3075623426146228,0.6158384251930635,-0.13085598064755344,-0.2359813632291101,-0.2662958158485814,-0.19611613513818404,-0.19300937626135234,-0.12168146174384352,-0.06715342778730747,-0.03352007615769955,0.5449249778098338,-0.13085598064755344,-0.2359813632291101,-0.2662958158485814,-0.19611613513818404,-0.19300937626135234,-0.12168146174384352,-0.06715342778730747,-0.03352007615769955,0.5449249778098338,-0.21680296415038888,-0.5118980953829163,0.8505317485662419,-0.40583972495671383,-0.16278112867447064
0,-0.13218802367485277,0.8273772438659699,-0.47454519624983954,-0.4736736092984604,-0.5190780765440126,0.5446511676720712,-1.5366812681720423,-0.841999469050927,-0.6244040257055189,-0.13218802367485277,0.8273772438659699,-0.47454519624983954,-0.4736736092984604,-0.5190780765440126,0.5446511676720712,-1.5366812681720423,-0.841999469050927,-0.6244040257055189,-0.4023351517025401,0.2910154390114711,-0.3760014818308347,-0.3895323082701867,-0.430450569589638,0.22355963107736887,-1.0004021938900012,-0.6294895152336598,-0.48554706489228094,0.8635041745453002,-0.4030649954631285,-0.4194008220350217,-0.6293942285506533,0.7925352191037062,-1.1494148220340843,-0.4975534921199921,-0.3576753639798948,-0.2328872501475753,-0.28708333828187355,-0.32078666523533045,-0.39610534423349997,-0.38113017778990566,-0.3694246287326534,-0.2751579580367754,-0.2900883232983121,-0.2955781683826058,-0.3888554871521795,-0.41265547100857053,-0.2943754514063852,-0.3658086479243954,-0.19911604720153883,-0.3706570838248186,-0.6736750972943418,-0.4631295504946361,-0.4165098159726211,0.5449215208897721,-1.0298513550494233,-0.41925594351289297,-0.337529114616601,-1.2286533543751765,-1.0113309487847855,-0.8020806973086978,-0.9014630952079639,-0.6574644895504534,-0.4271559153457235,-0.7376951317802901,0.7376951317802901,-0.4820426798824101,3.2513733362117265,-1.6238025415294657,-0.13085598064755344,-0.2359813632291101,-0.2662958158485814,-0.19611613513818404,-0.19300937626135234,-0.12168146174384352,-0.06715342778730747,-0.03352007615769955,0.5449249778098338,-0.21680296415038888,-0.5118980953829163,0.8505317485662419,-0.40583972495671383,-0.16278112867447064,0.8119223343984152,-0.1699069165076462,-0.2081478487327801,-0.6981970580620328,-0.7376951317802901,0.7376951317802901,-0.7376951317802901,0.7376951317802901,-0.7376951317802901,0.7376951317802901,-0.7376951317802901,0.7376951317802901,-0.4820426798824101,3.2513733362117265,-1.6238025415294657,-0.4820426798824101,3.2513733362117265,-1.6238025415294657,-0.4820426798824101,3.2513733362117265,-1.6238025415294657,-0.13085598064755344,-0.2359813632291101,-0.2662958158485814,-0.19611613513818404,-0.19300937626135234,-0.12168146174384352,-0.06715342778730747,-0.03352007615769955,0.5449249778098338,-0.13085598064755344,-0.2359813632291101,-0.2662958158485814,-0.19611613513818404,-0.19300937626135234,-0.12168146174384352,-0.06715342778730747,-0.03352007615769955,0.5449249778098338,-0.21680296415038888,-0.5118980953829163,0.8505317485662419,-0.40583972495671383,-0.16278112867447064
1,-0.1283001406255924,-1.5661069258891576,0.4327933656785018,-0.4736736092984604,1.1718851252344458,-1.747233654090395,-1.5500791487711116,0.5370842201482933,0.48939774987729867,-0.1283001406255924,-1.5661069258891576,0.4327933656785018,-0.4736736092984604,1.1718851252344458,-1.747233654090395,-1.5500791487711116,0.5370842201482933,0.48939774987729867,-0.3988532347539349,-0.8286986205057949,0.33976602299858627,-0.3895323082701867,0.8282258675737013,-1.0777850563057045,-1.0078666604856588,0.2506251577980167,0.270498177097414,-1.4609134070857044,-0.0891393739966534,-0.4194008220350217,0.7637292766069049,-1.6309715720209197,-1.341927492604712,-0.4975534921199921,-0.3576753639798948,-0.07639966350995119,-0.28708333828187355,0.8177908891054455,-0.31042417242146536,-0.27019270879953,0.9047328326897756,0.048706956904792466,-0.2900883232983121,-0.2955781683826058,-0.3888554871521795,-0.41265547100857053,-0.2943754514063852,-0.3658086479243954,0.26737581751507916,-0.2803751068007398,-0.3473336945953969,1.2434048833410267,0.6791778603343879,-1.8243260033503432,-1.2506365927534346,-0.9161734353905387,-0.7262207115293983,-1.2307930204368625,-0.871951408537529,-0.6811819997049399,0.29322481827021163,0.9300717169250317,0.08106764742915833,1.3555735383351193,-1.3555735383351195,-0.4820426798824101,3.2513733362117265,-1.6238025415294657,-0.13085598064755344,-0.2359813632291101,3.755222352305419,-0.19611613513818404,-0.19300937626135234,-0.12168146174384352,-0.06715342778730747,-0.03352007615769955,-1.8351149988007645,-0.21680296415038888,1.9535138126504805,-1.175735064194511,-0.40583972495671383,-0.16278112867447064,-1.2316448970959013,-0.1699069165076462,-0.2081478487327801,1.4322604033532795,1.3555735383351193,-1.3555735383351195,1.3555735383351193,-1.3555735383351195,1.3555735383351193,-1.3555735383351195,1.3555735383351193,-1.3555735383351195,-0.4820426798824101,3.2513733362117265,-1.6238025415294657,-0.4820426798824101,3.2513733362117265,-1.6238025415294657,-0.4820426798824101,3.2513733362117265,-1.6238025415294657,-0.13085598064755344,-0.2359813632291101,3.755222352305419,-0.19611613513818404,-0.19300937626135234,-0.12168146174384352,-0.06715342778730747,-0.03352007615769955,-1.8351149988007645,-0.13085598064755344,-0.2359813632291101,3.755222352305419,-0.19611613513818404,-0.19300937626135234,-0.12168146174384352,-0.06715342778730747,-0.03352007615769955,-1.8351149988007645,-0.21680296415038888,1.9535138126504805,-1.175735064194511,-0.40583972495671383,-0.16278112867447064
0,-0.12441225757633201,-0.3693648410115938,-0.47454519624983954,-0.4736736092984604,-0.6398611623853311,0.5446511676720712,0.96425644365423,0.5370842201482933,0.48939774987729867,-0.12441225757633201,-0.3693648410115938,-0.47454519624983954,-0.4736736092984604,-0.6398611623853311,0.5446511676720712,0.96425644365423,0.5370842201482933,0.48939774987729867,-0.3953628767945453,-0.26407974480753804,-0.3760014818308347,-0.3895323082701867,-0.5201228317565575,0.23052401921186,0.4719638421034669,0.2538178349674182,0.27324078377935973,-0.5892568139740777,-0.4030649954631285,-0.4194008220350217,-0.9776751048400428,-0.04105904351514409,0.42799519961826915,0.3560796814594294,0.2263602181326639,-0.2328872501475753,-0.28708333828187355,-0.32078666523533045,-0.39610534423349997,-0.38113017778990566,-0.3694246287326534,-0.2751579580367754,-0.2900883232983121,-0.2955781683826058,-0.3888554871521795,-0.41265547100857053,-0.2943754514063852,-0.3658086479243954,-0.20119860016902374,-0.6018336613561719,-0.698238428680284,-0.5019144239909011,-0.44141180861596224,0.5449215208897721,1.1227307914744915,0.9574498946399291,0.7393377686336078,0.9989187709831968,1.1401173391344044,1.0640991990364888,0.29322481827021163,0.9300717169250317,0.08106764742915833,-0.7376951317802901,0.7376951317802901,-0.4820426798824101,-0.3075623426146228,0.6158384251930635,-0.13085598064755344,-0.2359813632291101,-0.2662958158485814,-0.19611613513818404,-0.19300937626135234,-0.12168146174384352,-0.06715342778730747,-0.03352007615769955,0.5449249778098338,-0.21680296415038888,-0.5118980953829163,0.8505317485662419,-0.40583972495671383,-0.16278112867447064,0.8119223343984152,-0.1699069165076462,-0.2081478487327801,-0.6981970580620328,-0.7376951317802901,0.7376951317802901,-0.7376951317802901,0.7376951317802901,-0.7376951317802901,0.7376951317802901,-0.7376951317802901,0.7376951317802901,-0.4820426798824101,-0.3075623426146228,0.6158384251930635,-0.4820426798824101,-0.3075623426146228,0.6158384251930635,-0.4820426798824101,-0.3075623426146228,0.6158384251930635,-0.13085598064755344,-0.2359813632291101,-0.2662958158485814,-0.19611613513818404,-0.19300937626135234,-0.12168146174384352,-0.06715342778730747,-0.03352007615769955,0.5449249778098338,-0.13085598064755344,-0.2359813632291101,-0.2662958158485814,-0.19611613513818404,-0.19300937626135234,-0.12168146174384352,-0.06715342778730747,-0.03352007615769955,0.5449249778098338,-0.21680296415038888,-0.5118980953829163,0.8505317485662419,-0.40583972495671383,-0.16278112867447064
1,-0.12052437452707164,0.8273772438659699,-0.47454519624983954,-0.4736736092984604,-0.4989475622371262,0.5446511676720712,0.96425644365423,1.2266260647479035,-0.6244040257055189,-0.12052437452707164,0.8273772438659699,-0.47454519624983954,-0.4736736092984604,-0.4989475622371262,0.5446511676720712,0.96425644365423,1.2266260647479035,-0.6244040257055189,-0.39186407782437116,0.303260185713361,-0.3760014818308347,-0.3895323082701867,-0.41474341363564277,0.23400621327910556,0.4759182321452141,0.6986641872373587,-0.48280445821033524,0.8635041745453002,-0.4030649954631285,-0.4194008220350217,-0.571347415835755,0.7925352191037062,1.3577269342345568,2.0633460286182723,-0.3576753639798948,-0.2328872501475753,-0.28708333828187355,-0.32078666523533045,-0.39610534423349997,-0.38113017778990566,-0.3694246287326534,-0.2751579580367754,-0.2900883232983121,-0.2955781683826058,-0.3888554871521795,-0.41265547100857053,-0.2943754514063852,-0.3658086479243954,-0.19836401418550262,-0.33212765423625973,-0.41485036472765574,-0.32091834767499755,-0.4123594838653976,0.5449215208897721,1.1227307914744915,1.64580281371634,-0.337529114616601,0.9989187709831968,1.8822836089980008,-0.22342026433344614,1.3385767425636153,-0.06213841212214652,-0.4271559153457235,-0.7376951317802901,0.7376951317802901,-0.4820426798824101,-0.3075623426146228,0.6158384251930635,-0.13085598064755344,-0.2359813632291101,-0.2662958158485814,-0.19611613513818404,-0.19300937626135234,-0.12168146174384352,-0.06715342778730747,-0.03352007615769955,0.5449249778098338,-0.21680296415038888,-0.5118980953829163,0.8505317485662419,-0.40583972495671383,-0.16278112867447064,0.8119223343984152,-0.1699069165076462,-0.2081478487327801,-0.6981970580620328,-0.7376951317802901,0.7376951317802901,-0.7376951317802901,0.7376951317802901,-0.7376951317802901,0.7376951317802901,-0.7376951317802901,0.7376951317802901,-0.4820426798824101,-0.3075623426146228,0.6158384251930635,-0.4820426798824101,-0.3075623426146228,0.6158384251930635,-0.4820426798824101,-0.3075623426146228,0.6158384251930635,-0.13085598064755344,-0.2359813632291101,-0.2662958158485814,-0.19611613513818404,-0.19300937626135234,-0.12168146174384352,-0.06715342778730747,-0.03352007615769955,0.5449249778098338,-0.13085598064755344,-0.2359813632291101,-0.2662958158485814,-0.19611613513818404,-0.19300937626135234,-0.12168146174384352,-0.06715342778730747,-0.03352007615769955,0.5449249778098338,-0.21680296415038888,-0.5118980953829163,0.8505317485662419,-0.40583972495671383,-0.16278112867447064
0,-0.11663649147781126,0.8273772438659699,-0.47454519624983954,-0.4736736092984604,-0.4788170479302398,0.5446511676720712,-0.5095104222433947,-1.1867703913507321,-0.6244040257055189,-0.11663649147781126,0.8273772438659699,-0.47454519624983954,-0.4736736092984604,-0.4788170479302398,0.5446511676720712,-0.5095104222433947,-1.1867703913507321,-0.6244040257055189,-0.3883568378434126,0.3073417679473243,-0.3760014818308347,-0.3895323082701867,-0.39939900955125485,0.2374884073463511,-0.3914896008163379,-0.8465915627529609,-0.48189025598302004,0.8635041745453002,-0.4030649954631285,-0.4194008220350217,-0.5133006031208568,0.7925352191037062,-0.11969588642374947,-0.9243700789097029,-0.3576753639798948,-0.2328872501475753,-0.28708333828187355,-0.32078666523533045,-0.39610534423349997,-0.38113017778990566,-0.3694246287326534,-0.2751579580367754,-0.2900883232983121,-0.2955781683826058,-0.3888554871521795,-0.41265547100857053,-0.2943754514063852,-0.3658086479243954,-0.1974962837823839,-0.29359822464770086,-0.5459197811441774,-0.47605784166005777,-0.40820915175817407,0.5449215208897721,-0.14575511629852972,-0.7634324030510985,-0.337529114616601,-0.7538678336953983,-0.9118592256168716,-0.564416590908148,-1.0134650870965427,-0.7566855024551713,-0.4271559153457235,1.3555735383351193,-1.3555735383351195,-0.4820426798824101,-0.3075623426146228,0.6158384251930635,-0.13085598064755344,-0.2359813632291101,-0.2662958158485814,-0.19611613513818404,-0.19300937626135234,-0.12168146174384352,-0.06715342778730747,-0.03352007615769955,0.5449249778098338,-0.21680296415038888,-0.5118980953829163,-1.175735064194511,2.4640269015229057,-0.16278112867447064,0.8119223343984152,-0.1699069165076462,-0.2081478487327801,-0.6981970580620328,1.3555735383351193,-1.3555735383351195,1.3555735383351193,-1.3555735383351195,1.3555735383351193,-1.3555735383351195,1.3555735383351193,-1.3555735383351195,-0.4820426798824101,-0.3075623426146228,0.6158384251930635,-0.4820426798824101,-0.3075623426146228,0.6158384251930635,-0.4820426798824101,-0.3075623426146228,0.6158384251930635,-0.13085598064755344,-0.2359813632291101,-0.2662958158485814,-0.19611613513818404,-0.19300937626135234,-0.12168146174384352,-0.06715342778730747,-0.03352007615769955,0.5449249778098338,-0.13085598064755344,-0.2359813632291101,-0.2662958158485814,-0.19611613513818404,-0.19300937626135234,-0.12168146174384352,-0.06715342778730747,-0.03352007615769955,0.5449249778098338,-0.21680296415038888,-0.5118980953829163,-1.175735064194511,2.4640269015229057,-0.16278112867447064
1,-0.11274860842855089,-0.3693648410115938,0.4327933656785018,0.7676298785983874,0.004315295435034039,0.5446511676720712,-0.5095104222433947,0.5370842201482933,0.48939774987729867,-0.11274860842855089,-0.3693648410115938,0.4327933656785018,0.7676298785983874,0.004315295435034039,0.5446511676720712,-0.5095104222433947,0.5370842201482933,0.48939774987729867,-0.3848411568516694,-0.25591658033961145,0.34669839592671625,0.5668198940680896,-0.03606673695260345,0.24097060141359666,-0.389629831502964,0.2633958664756227,0.2814686038251968,-0.5892568139740777,0.2247862474698217,0.5195090584504164,0.26065689974445333,-0.04105904351514409,-0.5569533474872684,0.3560796814594294,0.2263602181326639,-0.07639966350995119,0.2184329747796864,0.08404090964138985,0.5281575091431288,0.16061446244642888,0.9047328326897756,0.048706956904792466,0.07498045644575013,0.15952091018553638,0.9624460102277982,0.4725028221561908,0.989255187434182,0.26748572765974243,-0.14196153798278652,0.6311080854777122,-0.08896383853585789,0.11864355194933987,-0.04297992632250441,0.5449215208897721,-0.14575511629852972,0.9574498946399291,0.7393377686336078,-0.7538678336953983,-0.03924800141930428,0.04111021931238319,0.29322481827021163,0.9300717169250317,0.08106764742915833,1.3555735383351193,-1.3555735383351195,-0.4820426798824101,-0.3075623426146228,0.6158384251930635,-0.13085598064755344,-0.2359813632291101,-0.2662958158485814,-0.19611613513818404,-0.19300937626135234,-0.12168146174384352,-0.06715342778730747,-0.03352007615769955,0.5449249778098338,-0.21680296415038888,-0.5118980953829163,-1.175735064194511,2.4640269015229057,-0.16278112867447064,-1.2316448970959013,-0.1699069165076462,-0.2081478487327801,1.4322604033532795,1.3555735383351193,-1.3555735383351195,1.3555735383351193,-1.3555735383351195,1.3555735383351193,-1.3555735383351195,1.3555735383351193,-1.3555735383351195,-0.4820426798824101,-0.3075623426146228,0.6158384251930635,-0.4820426798824101,-0.3075623426146228,0.6158384251930635,-0.4820426798824101,-0.3075623426146228,0.6158384251930635,-0.13085598064755344,-0.2359813632291101,-0.2662958158485814,-0.19611613513818404,-0.19300937626135234,-0.12168146174384352,-0.06715342778730747,-0.03352007615769955,0.5449249778098338,-0.13085598064755344,-0.2359813632291101,-0.2662958158485814,-0.19611613513818404,-0.19300937626135234,-0.12168146174384352,-0.06715342778730747,-0.03352007615769955,0.5449249778098338,-0.21680296415038888,-0.5118980953829163,-1.175735064194511,2.4640269015229057,-0.16278112867447064
1,-0.10886072537929051,-0.3693648410115938,-0.47454519624983954,2.0089333664952354,-0.37816447639580775,0.5446511676720712,-0.5095104222433947,-1.1867703913507321,-0.6244040257055189,-0.10886072537929051,-0.3693648410115938,-0.47454519624983954,2.0089333664952354,-0.37816447639580775,0.5446511676720712,-0.5095104222433947,-1.1867703913507321,-0.6244040257055189,-0.3813170348491418,-0.2531955255169693,-0.3760014818308347,1.5277589175206983,-0.3230034658119617,0.24445279548084223,-0.3877700621895901,-0.8455273370298271,-0.48006185152838954,-0.5892568139740777,-0.4030649954631285,1.4584189389358544,-0.4746027279775913,-0.04105904351514409,-0.5569533474872684,-1.0666422745062731,-0.5523538913507477,-0.2328872501475753,-0.28708333828187355,-0.32078666523533045,-0.39610534423349997,-0.38113017778990566,-0.3694246287326534,-0.2751579580367754,1.1701867956779368,0.07418983295400972,2.313747507607776,1.3576611153209521,0.13350142820713717,0.056387602465029836,-0.19142217096055295,-0.10095107670490644,-0.45072062643411087,-0.45989747770328065,-0.38745749122205647,0.5449215208897721,-0.14575511629852972,-0.7634324030510985,-0.337529114616601,-0.7538678336953983,-0.9118592256168716,-0.564416590908148,-1.0134650870965427,-0.7566855024551713,-0.4271559153457235,1.3555735383351193,-1.3555735383351195,-0.4820426798824101,-0.3075623426146228,0.6158384251930635,-0.13085598064755344,-0.2359813632291101,-0.2662958158485814,-0.19611613513818404,-0.19300937626135234,-0.12168146174384352,-0.06715342778730747,-0.03352007615769955,0.5449249778098338,-0.21680296415038888,1.9535138126504805,-1.175735064194511,-0.40583972495671383,-0.16278112867447064,-1.2316448970959013,-0.1699069165076462,-0.2081478487327801,1.4322604033532795,1.3555735383351193,-1.3555735383351195,1.3555735383351193,-1.3555735383351195,1.3555735383351193,-1.3555735383351195,1.3555735383351193,-1.3555735383351195,-0.4820426798824101,-0.3075623426146228,0.6158384251930635,-0.4820426798824101,-0.3075623426146228,0.6158384251930635,-0.4820426798824101,-0.3075623426146228,0.6158384251930635,-0.13085598064755344,-0.2359813632291101,-0.2662958158485814,-0.19611613513818404,-0.19300937626135234,-0.12168146174384352,-0.06715342778730747,-0.03352007615769955,0.5449249778098338,-0.13085598064755344,-0.2359813632291101,-0.2662958158485814,-0.19611613513818404,-0.19300937626135234,-0.12168146174384352,-0.06715342778730747,-0.03352007615769955,0.5449249778098338,-0.21680296415038888,1.9535138126504805,-1.175735064194511,-0.40583972495671383,-0.16278112867447064
0,-0.10497284233003014,-0.3693648410115938,-0.47454519624983954,-0.4736736092984604,-0.37816447639580775,0.5446511676720712,0.96425644365423,0.19231329784848822,-0.6244040257055189,-0.10497284233003014,-0.3693648410115938,-0.47454519624983954,-0.4736736092984604,-0.37816447639580775,0.5446511676720712,0.96425644365423,0.19231329784848822,-0.6244040257055189,-0.3777844718358297,-0.25047447069432704,-0.3760014818308347,-0.3895323082701867,-0.3225318883814723,0.2479349895480878,0.49173579231220294,0.04682593181788847,-0.47914764930107434,-0.5892568139740777,-0.4030649954631285,-0.4194008220350217,-0.4746027279775913,-0.04105904351514409,0.42799519961826915,0.0715352902662889,-0.5523538913507477,-0.2328872501475753,-0.28708333828187355,-0.32078666523533045,-0.39610534423349997,-0.38113017778990566,-0.3694246287326534,-0.2751579580367754,-0.2900883232983121,-0.2955781683826058,-0.3888554871521795,-0.41265547100857053,-0.2943754514063852,-0.3658086479243954,-0.19142217096055295,-0.10095107670490644,-0.17194630991111728,-0.2918296925527987,-0.38745749122205647,0.5449215208897721,1.1227307914744915,0.6132734351017236,-0.337529114616601,0.9989187709831968,0.7690342042026062,-0.22342026433344614,-0.1174491519879112,-0.3598014508363,-0.4271559153457235,-0.7376951317802901,0.7376951317802901,-0.4820426798824101,-0.3075623426146228,0.6158384251930635,-0.13085598064755344,-0.2359813632291101,-0.2662958158485814,-0.19611613513818404,-0.19300937626135234,-0.12168146174384352,-0.06715342778730747,-0.03352007615769955,0.5449249778098338,-0.21680296415038888,-0.5118980953829163,0.8505317485662419,-0.40583972495671383,-0.16278112867447064,0.8119223343984152,-0.1699069165076462,-0.2081478487327801,-0.6981970580620328,-0.7376951317802901,0.7376951317802901,-0.7376951317802901,0.7376951317802901,-0.7376951317802901,0.7376951317802901,-0.7376951317802901,0.7376951317802901,-0.4820426798824101,-0.3075623426146228,0.6158384251930635,-0.4820426798824101,-0.3075623426146228,0.6158384251930635,-0.4820426798824101,-0.3075623426146228,0.6158384251930635,-0.13085598064755344,-0.2359813632291101,-0.2662958158485814,-0.19611613513818404,-0.19300937626135234,-0.12168146174384352,-0.06715342778730747,-0.03352007615769955,0.5449249778098338,-0.13085598064755344,-0.2359813632291101,-0.2662958158485814,-0.19611613513818404,-0.19300937626135234,-0.12168146174384352,-0.06715342778730747,-0.03352007615769955,0.5449249778098338,-0.21680296415038888,-0.5118980953829163,0.8505317485662419,-0.40583972495671383,-0.16278112867447064
0,-0.10108495928076976,0.8273772438659699,-0.47454519624983954,2.0089333664952354,-0.15672881902005725,0.5446511676720712,-0.5095104222433947,-1.5315413136505371,0.48939774987729867,-0.10108495928076976,0.8273772438659699,-0.47454519624983954,2.0089333664952354,-0.15672881902005725,0.5446511676720712,-0.5095104222433947,-1.5315413136505371,0.48939774987729867,-0.3742434678117331,0.32366809688317755,-0.3760014818308347,1.5369325597493628,-0.15446894719241955,0.2514171836153334,-0.38405052356284236,-1.0679505131647973,0.2896964238710339,0.8635041745453002,-0.4030649954631285,2.3973288194212925,0.41544840031751534,0.7925352191037062,-0.11969588642374947,-1.3511866656994136,0.8103958002452226,-0.2328872501475753,-0.28708333828187355,-0.32078666523533045,-0.39610534423349997,-0.38113017778990566,-0.3694246287326534,-0.2751579580367754,1.1701867956779368,0.38707044946960745,2.313747507607776,1.3576611153209521,-0.2943754514063852,0.9007801032438802,-0.1678777526892653,0.32287264876924127,-0.2412824860719644,-0.5019144239909011,-0.14258789689586887,0.5449215208897721,-0.14575511629852972,-1.107608862589304,0.7393377686336078,-0.7538678336953983,-1.086381470456385,0.04111021931238319,-1.0507990843927357,-0.855906515359889,0.08106764742915833,1.3555735383351193,-1.3555735383351195,-0.4820426798824101,-0.3075623426146228,0.6158384251930635,-0.13085598064755344,-0.2359813632291101,-0.2662958158485814,-0.19611613513818404,-0.19300937626135234,-0.12168146174384352,-0.06715342778730747,-0.03352007615769955,0.5449249778098338,-0.21680296415038888,1.9535138126504805,-1.175735064194511,-0.40583972495671383,-0.16278112867447064,-1.2316448970959013,-0.1699069165076462,-0.2081478487327801,1.4322604033532795,1.3555735383351193,-1.3555735383351195,1.3555735383351193,-1.3555735383351195,1.3555735383351193,-1.3555735383351195,1.3555735383351193,-1.3555735383351195,-0.4820426798824101,-0.3075623426146228,0.6158384251930635,-0.4820426798824101,-0.3075623426146228,0.6158384251930635,-0.4820426798824101,-0.3075623426146228,0.6158384251930635,-0.13085598064755344,-0.2359813632291101,-0.2662958158485814,-0.19611613513818404,-0.19300937626135234,-0.12168146174384352,-0.06715342778730747,-0.03352007615769955,0.5449249778098338,-0.13085598064755344,-0.2359813632291101,-0.2662958158485814,-0.19611613513818404,-0.19300937626135234,-0.12168146174384352,-0.06715342778730747,-0.03352007615769955,0.5449249778098338,-0.21680296415038888,1.9535138126504805,-1.175735064194511,-0.40583972495671383,-0.16278112867447064
0,-0.09719707623150939,0.8273772438659699,-0.47454519624983954,-0.4736736092984604,-0.4989475622371262,0.5446511676720712,-1.1168810094012038,0.8818551424480984,-0.6244040257055189,-0.09719707623150939,0.8273772438659699,-0.47454519624983954,-0.4736736092984604,-0.4989475622371262,0.5446511676720712,-1.1168810094012038,0.8818551424480984,-0.6244040257055189,-0.370694022776852,0.3277496791171408,-0.3760014818308347,-0.3895323082701867,-0.4132198557832922,0.2548993776825789,-0.7456137979577792,0.5001860898728996,-0.4773192448464439,0.8635041745453002,-0.4030649954631285,-0.4194008220350217,-0.571347415835755,0.7925352191037062,-0.7285731700889909,1.6365294418285616,-0.3576753639798948,-0.2328872501475753,-0.28708333828187355,-0.32078666523533045,-0.39610534423349997,-0.38113017778990566,-0.3694246287326534,-0.2751579580367754,-0.2900883232983121,-0.2955781683826058,-0.3888554871521795,-0.41265547100857053,-0.2943754514063852,-0.3658086479243954,-0.19836401418550262,-0.33212765423625973,-0.626822817058193,-0.34354285721448546,-0.4123594838653976,0.5449215208897721,-0.6685250661686233,1.3016263541781348,-0.337529114616601,-1.1087392780725651,-0.4317741425429881,-0.7049484103449949,0.7785667831207204,-0.16135942502686434,-0.4271559153457235,-0.7376951317802901,0.7376951317802901,2.0745051044939435,-0.3075623426146228,-1.6238025415294657,-0.13085598064755344,-0.2359813632291101,-0.2662958158485814,-0.19611613513818404,-0.19300937626135234,-0.12168146174384352,-0.06715342778730747,-0.03352007615769955,0.5449249778098338,-0.21680296415038888,-0.5118980953829163,0.8505317485662419,-0.40583972495671383,-0.16278112867447064,0.8119223343984152,-0.1699069165076462,-0.2081478487327801,-0.6981970580620328,-0.7376951317802901,0.7376951317802901,-0.7376951317802901,0.7376951317802901,-0.7376951317802901,0.7376951317802901,-0.7376951317802901,0.7376951317802901,2.0745051044939435,-0.3075623426146228,-1.6238025415294657,2.0745051044939435,-0.3075623426146228,-1.6238025415294657,2.0745051044939435,-0.3075623426146228,-1.6238025415294657,-0.13085598064755344,-0.2359813632291101,-0.2662958158485814,-0.19611613513818404,-0.19300937626135234,-0.12168146174384352,-0.06715342778730747,-0.03352007615769955,0.5449249778098338,-0.13085598064755344,-0.2359813632291101,-0.2662958158485814,-0.19611613513818404,-0.19300937626135234,-0.12168146174384352,-0.06715342778730747,-0.03352007615769955,0.5449249778098338,-0.21680296415038888,-0.5118980953829163,0.8505317485662419,-0.40583972495671383,-0.16278112867447064
0,-0.093309193182249,0.8273772438659699,-0.47454519624983954,-0.4736736092984604,-0.4989475622371262,0.5446511676720712,-1.5366812681720423,-0.841999469050927,-0.6244040257055189,-0.093309193182249,0.8273772438659699,-0.47454519624983954,-0.4736736092984604,-0.4989475622371262,0.5446511676720712,-1.5366812681720423,-0.841999469050927,-0.6244040257055189,-0.3671361367311864,0.33183126135110413,-0.3760014818308347,-0.3895323082701867,-0.4129659294745671,0.25838157174982446,-0.9964033724994703,-0.6188472580023215,-0.47640504261912864,0.8635041745453002,-0.4030649954631285,-0.4194008220350217,-0.571347415835755,0.7925352191037062,-1.1494148220340843,-0.4975534921199921,-0.3576753639798948,-0.2328872501475753,-0.28708333828187355,-0.32078666523533045,-0.39610534423349997,-0.38113017778990566,-0.3694246287326534,-0.2751579580367754,-0.2900883232983121,-0.2955781683826058,-0.3888554871521795,-0.41265547100857053,-0.2943754514063852,-0.3658086479243954,-0.19836401418550262,-0.33212765423625973,-0.6695812087300181,-0.45666540491192525,-0.4123594838653976,0.5449215208897721,-1.0298513550494233,-0.41925594351289297,-0.337529114616601,-1.2286533543751765,-1.0113309487847855,-0.8020806973086978,-0.9014630952079639,-0.6574644895504534,-0.4271559153457235,-0.7376951317802901,0.7376951317802901,-0.4820426798824101,3.2513733362117265,-1.6238025415294657,-0.13085598064755344,-0.2359813632291101,-0.2662958158485814,-0.19611613513818404,-0.19300937626135234,-0.12168146174384352,-0.06715342778730747,-0.03352007615769955,0.5449249778098338,-0.21680296415038888,-0.5118980953829163,0.8505317485662419,-0.40583972495671383,-0.16278112867447064,0.8119223343984152,-0.1699069165076462,-0.2081478487327801,-0.6981970580620328,-0.7376951317802901,0.7376951317802901,-0.7376951317802901,0.7376951317802901,-0.7376951317802901,0.7376951317802901,-0.7376951317802901,0.7376951317802901,-0.4820426798824101,3.2513733362117265,-1.6238025415294657,-0.4820426798824101,3.2513733362117265,-1.6238025415294657,-0.4820426798824101,3.2513733362117265,-1.6238025415294657,-0.13085598064755344,-0.2359813632291101,-0.2662958158485814,-0.19611613513818404,-0.19300937626135234,-0.12168146174384352,-0.06715342778730747,-0.03352007615769955,0.5449249778098338,-0.13085598064755344,-0.2359813632291101,-0.2662958158485814,-0.19611613513818404,-0.19300937626135234,-0.12168146174384352,-0.06715342778730747,-0.03352007615769955,0.5449249778098338,-0.21680296415038888,-0.5118980953829163,0.8505317485662419,-0.40583972495671383,-0.16278112867447064
0,-0.08942131013298864,0.8273772438659699,-0.47454519624983954,-0.4736736092984604,-0.4989475622371262,0.5446511676720712,0.96425644365423,0.19231329784848822,-0.6244040257055189,-0.08942131013298864,0.8273772438659699,-0.47454519624983954,-0.4736736092984604,-0.4989475622371262,0.5446511676720712,0.96425644365423,0.19231329784848822,-0.6244040257055189,-0.3635698096747363,0.33591284358506746,-0.3760014818308347,-0.3895323082701867,-0.412712003165842,0.26186376581707005,0.5075533524791918,0.057468189049226764,-0.4754908403918134,0.8635041745453002,-0.4030649954631285,-0.4194008220350217,-0.571347415835755,0.7925352191037062,1.3577269342345568,0.7828962682491402,-0.3576753639798948,-0.2328872501475753,-0.28708333828187355,-0.32078666523533045,-0.39610534423349997,-0.38113017778990566,-0.3694246287326534,-0.2751579580367754,-0.2900883232983121,-0.2955781683826058,-0.3888554871521795,-0.41265547100857053,-0.2943754514063852,-0.3658086479243954,-0.19836401418550262,-0.33212765423625973,-0.41485036472765574,-0.3887918762934614,-0.4123594838653976,0.5449215208897721,1.1227307914744915,0.6132734351017236,-0.337529114616601,0.9989187709831968,0.7690342042026062,-0.22342026433344614,-0.1174491519879112,-0.3598014508363,-0.4271559153457235,-0.7376951317802901,0.7376951317802901,-0.4820426798824101,-0.3075623426146228,0.6158384251930635,-0.13085598064755344,-0.2359813632291101,-0.2662958158485814,-0.19611613513818404,-0.19300937626135234,-0.12168146174384352,-0.06715342778730747,-0.03352007615769955,0.5449249778098338,-0.21680296415038888,-0.5118980953829163,0.8505317485662419,-0.40583972495671383,-0.16278112867447064,0.8119223343984152,-0.1699069165076462,-0.2081478487327801,-0.6981970580620328,-0.7376951317802901,0.7376951317802901,-0.7376951317802901,0.7376951317802901,-0.7376951317802901,0.7376951317802901,-0.7376951317802901,0.7376951317802901,-0.4820426798824101,-0.3075623426146228,0.6158384251930635,-0.4820426798824101,-0.3075623426146228,0.6158384251930635,-0.4820426798824101,-0.3075623426146228,0.6158384251930635,-0.13085598064755344,-0.2359813632291101,-0.2662958158485814,-0.19611613513818404,-0.19300937626135234,-0.12168146174384352,-0.06715342778730747,-0.03352007615769955,0.5449249778098338,-0.13085598064755344,-0.2359813632291101,-0.2662958158485814,-0.19611613513818404,-0.19300937626135234,-0.12168146174384352,-0.06715342778730747,-0.03352007615769955,0.5449249778098338,-0.21680296415038888,-0.5118980953829163,0.8505317485662419,-0.40583972495671383,-0.16278112867447064
0,-0.08553342708372826,0.8273772438659699,0.4327933656785018,0.7676298785983874,-0.35803396208892135,0.5446511676720712,-0.5095104222433947,-0.1524576244513169,0.48939774987729867,-0.08553342708372826,0.8273772438659699,0.4327933656785018,0.7676298785983874,-0.35803396208892135,0.5446511676720712,-0.5095104222433947,-0.1524576244513169,0.48939774987729867,-0.3599950416075017,0.3399944258190307,0.35883004855094375,0.5828737679682526,-0.3047933219576763,0.2653459598843156,-0.3766114463093468,-0.1654870999473104,0.30066685059881665,0.8635041745453002,0.5387118689362969,0.9889639986931354,-0.16501972683146723,0.7925352191037062,-0.11969588642374947,0.3560796814594294,0.8103958002452226,-0.07639966350995119,0.2184329747796864,-0.1436746012267653,0.5281575091431288,0.16061446244642888,0.48001367888229923,0.048706956904792466,0.07498045644575013,-0.0964723215090436,0.9624460102277982,0.4725028221561908,0.5613783078206596,0.26748572765974243,-0.18986025623493927,-0.06242164711634756,-0.43168079549209754,-0.32091834767499755,-0.2670978601125744,0.5449215208897721,-0.14575511629852972,0.2690969755635181,0.7393377686336078,-0.7538678336953983,-0.3882924910983312,0.04111021931238319,-0.45345512765364804,0.33474563949672476,0.08106764742915833,1.3555735383351193,-1.3555735383351195,-0.4820426798824101,-0.3075623426146228,0.6158384251930635,-0.13085598064755344,-0.2359813632291101,-0.2662958158485814,-0.19611613513818404,-0.19300937626135234,-0.12168146174384352,-0.06715342778730747,-0.03352007615769955,0.5449249778098338,-0.21680296415038888,-0.5118980953829163,-1.175735064194511,2.4640269015229057,-0.16278112867447064,-1.2316448970959013,-0.1699069165076462,-0.2081478487327801,1.4322604033532795,1.3555735383351193,-1.3555735383351195,1.3555735383351193,-1.3555735383351195,1.3555735383351193,-1.3555735383351195,1.3555735383351193,-1.3555735383351195,-0.4820426798824101,-0.3075623426146228,0.6158384251930635,-0.4820426798824101,-0.3075623426146228,0.6158384251930635,-0.4820426798824101,-0.3075623426146228,0.6158384251930635,-0.13085598064755344,-0.2359813632291101,-0.2662958158485814,-0.19611613513818404,-0.19300937626135234,-0.12168146174384352,-0.06715342778730747,-0.03352007615769955,0.5449249778098338,-0.13085598064755344,-0.2359813632291101,-0.2662958158485814,-0.19611613513818404,-0.19300937626135234,-0.12168146174384352,-0.06715342778730747,-0.03352007615769955,0.5449249778098338,-0.21680296415038888,-0.5118980953829163,-1.175735064194511,2.4640269015229057,-0.16278112867447064
0,-0.08164554403446789,0.8273772438659699,0.4327933656785018,0.7676298785983874,-0.23725087624760288,0.5446511676720712,0.96425644365423,-1.1867703913507321,0.48939774987729867,-0.08164554403446789,0.8273772438659699,0.4327933656785018,0.7676298785983874,-0.23725087624760288,0.5446511676720712,0.96425644365423,-1.1867703913507321,0.48939774987729867,-0.3564118325294826,0.34407600805299404,0.3605631417829762,0.5851671785254188,-0.21178374259036975,0.2688281539515612,0.5154621325626861,-0.8418025469988587,0.3034094572807623,0.8635041745453002,0.5387118689362969,0.9889639986931354,0.18326114945792232,0.7925352191037062,1.3577269342345568,-0.9243700789097029,0.8103958002452226,-0.07639966350995119,0.2184329747796864,-0.06776943093738026,0.5281575091431288,0.770770541893495,-0.15706505182891523,0.048706956904792466,0.07498045644575013,-0.011141244277516945,0.9624460102277982,1.4694387837410756,-0.080437011599624,0.26748572765974243,-0.17805912275252483,0.16875493041500572,0.11144175404151091,-0.43727296816379274,-0.1923918821825511,0.5449215208897721,1.1227307914744915,-0.7634324030510985,0.7393377686336078,0.9989187709831968,-0.7152983355245868,1.0640991990364888,-1.0134650870965427,-0.5582434766457356,0.08106764742915833,-0.7376951317802901,0.7376951317802901,-0.4820426798824101,-0.3075623426146228,0.6158384251930635,-0.13085598064755344,-0.2359813632291101,-0.2662958158485814,-0.19611613513818404,-0.19300937626135234,-0.12168146174384352,-0.06715342778730747,-0.03352007615769955,0.5449249778098338,-0.21680296415038888,-0.5118980953829163,0.8505317485662419,-0.40583972495671383,-0.16278112867447064,-1.2316448970959013,-0.1699069165076462,-0.2081478487327801,1.4322604033532795,-0.7376951317802901,0.7376951317802901,-0.7376951317802901,0.7376951317802901,-0.7376951317802901,0.7376951317802901,-0.7376951317802901,0.7376951317802901,-0.4820426798824101,-0.3075623426146228,0.6158384251930635,-0.4820426798824101,-0.3075623426146228,0.6158384251930635,-0.4820426798824101,-0.3075623426146228,0.6158384251930635,-0.13085598064755344,-0.2359813632291101,-0.2662958158485814,-0.19611613513818404,-0.19300937626135234,-0.12168146174384352,-0.06715342778730747,-0.03352007615769955,0.5449249778098338,-0.13085598064755344,-0.2359813632291101,-0.2662958158485814,-0.19611613513818404,-0.19300937626135234,-0.12168146174384352,-0.06715342778730747,-0.03352007615769955,0.5449249778098338,-0.21680296415038888,-0.5118980953829163,0.8505317485662419,-0.40583972495671383,-0.16278112867447064
0,-0.0777576609852075,0.8273772438659699,-0.47454519624983954,-0.4736736092984604,-0.4989475622371262,0.5446511676720712,0.96425644365423,0.19231329784848822,-0.6244040257055189,-0.0777576609852075,0.8273772438659699,-0.47454519624983954,-0.4736736092984604,-0.4989475622371262,0.5446511676720712,0.96425644365423,0.19231329784848822,-0.6244040257055189,-0.352820182440679,0.34815759028695736,-0.3760014818308347,-0.3895323082701867,-0.4119502242396667,0.2723103480188067,0.5194165226044333,0.06544988197273048,-0.47274823370986774,0.8635041745453002,-0.4030649954631285,-0.4194008220350217,-0.571347415835755,0.7925352191037062,1.3577269342345568,0.7828962682491402,-0.3576753639798948,-0.2328872501475753,-0.28708333828187355,-0.32078666523533045,-0.39610534423349997,-0.38113017778990566,-0.3694246287326534,-0.2751579580367754,-0.2900883232983121,-0.2955781683826058,-0.3888554871521795,-0.41265547100857053,-0.2943754514063852,-0.3658086479243954,-0.19836401418550262,-0.33212765423625973,-0.41485036472765574,-0.3887918762934614,-0.4123594838653976,0.5449215208897721,1.1227307914744915,0.6132734351017236,-0.337529114616601,0.9989187709831968,0.7690342042026062,-0.22342026433344614,-0.1174491519879112,-0.3598014508363,-0.4271559153457235,-0.7376951317802901,0.7376951317802901,-0.4820426798824101,-0.3075623426146228,0.6158384251930635,-0.13085598064755344,-0.2359813632291101,-0.2662958158485814,-0.19611613513818404,-0.19300937626135234,-0.12168146174384352,-0.06715342778730747,-0.03352007615769955,0.5449249778098338,-0.21680296415038888,-0.5118980953829163,0.8505317485662419,-0.40583972495671383,-0.16278112867447064,0.8119223343984152,-0.1699069165076462,-0.2081478487327801,-0.6981970580620328,-0.7376951317802901,0.7376951317802901,-0.7376951317802901,0.7376951317802901,-0.7376951317802901,0.7376951317802901,-0.7376951317802901,0.7376951317802901,-0.4820426798824101,-0.3075623426146228,0.6158384251930635,-0.4820426798824101,-0.3075623426146228,0.6158384251930635,-0.4820426798824101,-0.3075623426146228,0.6158384251930635,-0.13085598064755344,-0.2359813632291101,-0.2662958158485814,-0.19611613513818404,-0.19300937626135234,-0.12168146174384352,-0.06715342778730747,-0.03352007615769955,0.5449249778098338,-0.13085598064755344,-0.2359813632291101,-0.2662958158485814,-0.19611613513818404,-0.19300937626135234,-0.12168146174384352,-0.06715342778730747,-0.03352007615769955,0.5449249778098338,-0.21680296415038888,-0.5118980953829163,0.8505317485662419,-0.40583972495671383,-0.16278112867447064
1,-0.07386977793594714,-0.3693648410115938,0.4327933656785018,-0.4736736092984604,-0.11646779040628442,0.5446511676720712,-0.5095104222433947,-0.1524576244513169,-0.0675031379141101,-0.07386977793594714,-0.3693648410115938,0.4327933656785018,-0.4736736092984604,-0.11646779040628442,0.5446511676720712,-0.5095104222433947,-0.1524576244513169,-0.0675031379141101,-0.3492200913410909,-0.22870603211318943,0.3640293282470412,-0.3895323082701867,-0.11739570611855557,0.2757925420860523,-0.37103213836922516,-0.15910174560850743,-0.08146968041894939,-0.5892568139740777,0.2247862474698217,-0.4194008220350217,0.028469648884860296,-0.04105904351514409,-0.5569533474872684,-0.2130091009268516,-0.1629968366090419,-0.07639966350995119,-0.28708333828187355,0.008135739352004802,0.5281575091431288,0.16061446244642888,0.48001367888229923,-0.05924801474239681,-0.2900883232983121,-0.2955781683826058,-0.3888554871521795,-0.41265547100857053,-0.2943754514063852,-0.3658086479243954,-0.16209288333514058,0.399931507946359,-0.20320282418793778,-0.16577885368993728,-0.22559453904033924,0.5449215208897721,-0.14575511629852972,0.2690969755635181,0.20090432700850336,-0.7538678336953983,-0.3882924910983312,-0.26165318579788244,-0.45345512765364804,-0.06213841212214652,-0.23657207930514282,1.3555735383351193,-1.3555735383351195,-0.4820426798824101,-0.3075623426146228,0.6158384251930635,-0.13085598064755344,-0.2359813632291101,-0.2662958158485814,-0.19611613513818404,-0.19300937626135234,-0.12168146174384352,-0.06715342778730747,-0.03352007615769955,0.5449249778098338,-0.21680296415038888,-0.5118980953829163,-1.175735064194511,2.4640269015229057,-0.16278112867447064,-1.2316448970959013,-0.1699069165076462,-0.2081478487327801,1.4322604033532795,1.3555735383351193,-1.3555735383351195,1.3555735383351193,-1.3555735383351195,1.3555735383351193,-1.3555735383351195,1.3555735383351193,-1.3555735383351195,-0.4820426798824101,-0.3075623426146228,0.6158384251930635,-0.4820426798824101,-0.3075623426146228,0.6158384251930635,-0.4820426798824101,-0.3075623426146228,0.6158384251930635,-0.13085598064755344,-0.2359813632291101,-0.2662958158485814,-0.19611613513818404,-0.19300937626135234,-0.12168146174384352,-0.06715342778730747,-0.03352007615769955,0.5449249778098338,-0.13085598064755344,-0.2359813632291101,-0.2662958158485814,-0.19611613513818404,-0.19300937626135234,-0.12168146174384352,-0.06715342778730747,-0.03352007615769955,0.5449249778098338,-0.21680296415038888,-0.5118980953829163,-1.175735064194511,2.4640269015229057,-0.16278112867447064
1,-0.06998189488668675,-0.3693648410115938,-0.47454519624983954,-0.4736736092984604,-0.11646779040628442,0.5446511676720712,-0.5095104222433947,-1.1867703913507321,-0.0675031379141101,-0.06998189488668675,-0.3693648410115938,-0.47454519624983954,-0.4736736092984604,-0.11646779040628442,0.5446511676720712,-0.5095104222433947,-1.1867703913507321,-0.0675031379141101,-0.3456115592307183,-0.22598497729054723,-0.3760014818308347,-0.3895323082701867,-0.11645255125757664,0.27927473615329784,-0.36917236905585127,-0.8402062084141579,-0.07964127596431894,-0.5892568139740777,-0.4030649954631285,-0.4194008220350217,0.028469648884860296,-0.04105904351514409,-0.5569533474872684,-1.0666422745062731,-0.1629968366090419,-0.2328872501475753,-0.28708333828187355,-0.32078666523533045,-0.39610534423349997,-0.38113017778990566,-0.3694246287326534,-0.2751579580367754,-0.2900883232983121,-0.2955781683826058,-0.3888554871521795,-0.41265547100857053,-0.2943754514063852,-0.3658086479243954,-0.16209288333514058,0.399931507946359,-0.20320282418793778,-0.4178805314156602,-0.22559453904033924,0.5449215208897721,-0.14575511629852972,-0.7634324030510985,0.20090432700850336,-0.7538678336953983,-0.9118592256168716,-0.26165318579788244,-1.0134650870965427,-0.6574644895504534,-0.23657207930514282,1.3555735383351193,-1.3555735383351195,-0.4820426798824101,-0.3075623426146228,0.6158384251930635,-0.13085598064755344,-0.2359813632291101,-0.2662958158485814,-0.19611613513818404,-0.19300937626135234,-0.12168146174384352,-0.06715342778730747,-0.03352007615769955,0.5449249778098338,-0.21680296415038888,1.9535138126504805,-1.175735064194511,-0.40583972495671383,-0.16278112867447064,0.8119223343984152,-0.1699069165076462,-0.2081478487327801,-0.6981970580620328,1.3555735383351193,-1.3555735383351195,1.3555735383351193,-1.3555735383351195,1.3555735383351193,-1.3555735383351195,1.3555735383351193,-1.3555735383351195,-0.4820426798824101,-0.3075623426146228,0.6158384251930635,-0.4820426798824101,-0.3075623426146228,0.6158384251930635,-0.4820426798824101,-0.3075623426146228,0.6158384251930635,-0.13085598064755344,-0.2359813632291101,-0.2662958158485814,-0.19611613513818404,-0.19300937626135234,-0.12168146174384352,-0.06715342778730747,-0.03352007615769955,0.5449249778098338,-0.13085598064755344,-0.2359813632291101,-0.2662958158485814,-0.19611613513818404,-0.19300937626135234,-0.12168146174384352,-0.06715342778730747,-0.03352007615769955,0.5449249778098338,-0.21680296415038888,1.9535138126504805,-1.175735064194511,-0.40583972495671383,-0.16278112867447064
0,-0.06609401183742639,0.8273772438659699,-0.47454519624983954,-0.4736736092984604,-0.4989475622371262,0.5446511676720712,-1.5366812681720423,-1.1867703913507321,-0.6244040257055189,-0.06609401183742639,0.8273772438659699,-0.47454519624983954,-0.4736736092984604,-0.4989475622371262,0.5446511676720712,-1.5366812681720423,-1.1867703913507321,-0.6244040257055189,-0.34199458610956124,0.36040233698884727,-0.3760014818308347,-0.3895323082701867,-0.4111884453134914,0.28275693022054343,-0.9936041975260987,-0.8396740955525911,-0.47000562702792203,0.8635041745453002,-0.4030649954631285,-0.4194008220350217,-0.571347415835755,0.7925352191037062,-1.1494148220340843,-0.9243700789097029,-0.3576753639798948,-0.2328872501475753,-0.28708333828187355,-0.32078666523533045,-0.39610534423349997,-0.38113017778990566,-0.3694246287326534,-0.2751579580367754,-0.2900883232983121,-0.2955781683826058,-0.3888554871521795,-0.41265547100857053,-0.2943754514063852,-0.3658086479243954,-0.19836401418550262,-0.33212765423625973,-0.6695812087300181,-0.4792899144514132,-0.4123594838653976,0.5449215208897721,-1.0298513550494233,-0.7634324030510985,-0.337529114616601,-1.2286533543751765,-1.0488562096205851,-0.8020806973086978,-1.0134650870965427,-0.7566855024551713,-0.4271559153457235,-0.7376951317802901,0.7376951317802901,-0.4820426798824101,3.2513733362117265,-1.6238025415294657,-0.13085598064755344,-0.2359813632291101,-0.2662958158485814,-0.19611613513818404,-0.19300937626135234,-0.12168146174384352,-0.06715342778730747,-0.03352007615769955,0.5449249778098338,-0.21680296415038888,-0.5118980953829163,0.8505317485662419,-0.40583972495671383,-0.16278112867447064,0.8119223343984152,-0.1699069165076462,-0.2081478487327801,-0.6981970580620328,-0.7376951317802901,0.7376951317802901,-0.7376951317802901,0.7376951317802901,-0.7376951317802901,0.7376951317802901,-0.7376951317802901,0.7376951317802901,-0.4820426798824101,3.2513733362117265,-1.6238025415294657,-0.4820426798824101,3.2513733362117265,-1.6238025415294657,-0.4820426798824101,3.2513733362117265,-1.6238025415294657,-0.13085598064755344,-0.2359813632291101,-0.2662958158485814,-0.19611613513818404,-0.19300937626135234,-0.12168146174384352,-0.06715342778730747,-0.03352007615769955,0.5449249778098338,-0.13085598064755344,-0.2359813632291101,-0.2662958158485814,-0.19611613513818404,-0.19300937626135234,-0.12168146174384352,-0.06715342778730747,-0.03352007615769955,0.5449249778098338,-0.21680296415038888,-0.5118980953829163,0.8505317485662419,-0.40583972495671383,-0.16278112867447064
1,-0.062206128788166004,0.8273772438659699,-0.47454519624983954,-0.4736736092984604,-0.4788170479302398,-1.8792661492571456,0.96425644365423,0.5370842201482933,-0.6244040257055189,-0.062206128788166004,0.8273772438659699,-0.47454519624983954,-0.4736736092984604,-0.4788170479302398,-1.8792661492571456,0.96425644365423,0.5370842201482933,-0.6244040257055189,-0.3383691719776197,0.36448391922281054,-0.3760014818308347,-0.3895323082701867,-0.3953361886116533,-1.1505608518412747,0.5352340827714221,0.304900669677842,-0.4690914248006068,0.8635041745453002,-0.4030649954631285,-0.4194008220350217,-0.5133006031208568,-1.6071311049440493,1.3577269342345568,1.209712855038851,-0.3576753639798948,-0.2328872501475753,-0.28708333828187355,-0.32078666523533045,-0.39610534423349997,-0.38113017778990566,-0.3694246287326534,-0.2751579580367754,-0.2900883232983121,-0.2955781683826058,-0.3888554871521795,-0.41265547100857053,-0.2943754514063852,-0.3658086479243954,-0.1974962837823839,-0.5893704928107604,-0.374366355591566,-0.3467749300058409,-0.40820915175817407,-1.8409560124108695,-1.1751878000261426,-1.0241104315770766,-0.8541915788189941,0.9989187709831968,1.1401173391344044,-0.22342026433344614,0.29322481827021163,-0.26058043793158214,-0.4271559153457235,-0.7376951317802901,0.7376951317802901,-0.4820426798824101,-0.3075623426146228,0.6158384251930635,-0.13085598064755344,-0.2359813632291101,-0.2662958158485814,-0.19611613513818404,5.181095444015676,-0.12168146174384352,-0.06715342778730747,-0.03352007615769955,-1.8351149988007645,-0.21680296415038888,-0.5118980953829163,0.8505317485662419,-0.40583972495671383,-0.16278112867447064,0.8119223343984152,-0.1699069165076462,-0.2081478487327801,-0.6981970580620328,-0.7376951317802901,0.7376951317802901,-0.7376951317802901,0.7376951317802901,-0.7376951317802901,0.7376951317802901,-0.7376951317802901,0.7376951317802901,-0.4820426798824101,-0.3075623426146228,0.6158384251930635,-0.4820426798824101,-0.3075623426146228,0.6158384251930635,-0.4820426798824101,-0.3075623426146228,0.6158384251930635,-0.13085598064755344,-0.2359813632291101,-0.2662958158485814,-0.19611613513818404,5.181095444015676,-0.12168146174384352,-0.06715342778730747,-0.03352007615769955,-1.8351149988007645,-0.13085598064755344,-0.2359813632291101,-0.2662958158485814,-0.19611613513818404,5.181095444015676,-0.12168146174384352,-0.06715342778730747,-0.03352007615769955,-1.8351149988007645,-0.21680296415038888,-0.5118980953829163,0.8505317485662419,-0.40583972495671383,-0.16278112867447064
1,-0.05831824573890563,-1.5661069258891576,-0.47454519624983954,-0.4736736092984604,-0.11646779040628442,-1.747233654090395,0.96425644365423,-0.1524576244513169,-0.6244040257055189,-0.05831824573890563,-1.5661069258891576,-0.47454519624983954,-0.4736736092984604,-0.11646779040628442,-1.747233654090395,0.96425644365423,-0.1524576244513169,-0.6244040257055189,-0.33473531683489355,-0.8042091271020151,-0.3760014818308347,-0.3895323082701867,-0.11362308667463986,-1.0719745312940878,0.5391884728131693,-0.1505879398234368,-0.4681772225732916,-1.4609134070857044,-0.4030649954631285,-0.4194008220350217,-0.4746027279775913,-1.6309715720209197,-0.5017365349980186,-0.7820978833131326,-0.7470324187216006,-0.2328872501475753,-0.28708333828187355,-0.32078666523533045,-0.39610534423349997,-0.38113017778990566,-0.3694246287326534,-0.2751579580367754,-0.2900883232983121,-0.2955781683826058,-0.3888554871521795,-0.41265547100857053,-0.2943754514063852,-0.3658086479243954,-0.16209288333514058,-0.5089678567068249,0.35434580885804934,-0.16577885368993728,-0.33350317382815076,-1.8243260033503432,-1.050018544785101,-0.9799852444567939,-0.8260486080042697,0.9989187709831968,0.3979510692708079,-0.22342026433344614,-0.45345512765364804,-0.4590224637410178,-0.4271559153457235,-0.7376951317802901,0.7376951317802901,-0.4820426798824101,-0.3075623426146228,0.6158384251930635,-0.13085598064755344,-0.2359813632291101,3.755222352305419,-0.19611613513818404,-0.19300937626135234,-0.12168146174384352,-0.06715342778730747,-0.03352007615769955,-1.8351149988007645,-0.21680296415038888,-0.5118980953829163,0.8505317485662419,-0.40583972495671383,-0.16278112867447064,0.8119223343984152,-0.1699069165076462,-0.2081478487327801,-0.6981970580620328,-0.7376951317802901,0.7376951317802901,-0.7376951317802901,0.7376951317802901,-0.7376951317802901,0.7376951317802901,-0.7376951317802901,0.7376951317802901,-0.4820426798824101,-0.3075623426146228,0.6158384251930635,-0.4820426798824101,-0.3075623426146228,0.6158384251930635,-0.4820426798824101,-0.3075623426146228,0.6158384251930635,-0.13085598064755344,-0.2359813632291101,3.755222352305419,-0.19611613513818404,-0.19300937626135234,-0.12168146174384352,-0.06715342778730747,-0.03352007615769955,-1.8351149988007645,-0.13085598064755344,-0.2359813632291101,3.755222352305419,-0.19611613513818404,-0.19300937626135234,-0.12168146174384352,-0.06715342778730747,-0.03352007615769955,-1.8351149988007645,-0.21680296415038888,-0.5118980953829163,0.8505317485662419,-0.40583972495671383,-0.16278112867447064
1,-0.054430362689645254,0.8273772438659699,0.4327933656785018,-0.4736736092984604,-0.3177729334751485,0.5446511676720712,-0.5095104222433947,-0.497228546751122,-0.0675031379141101,-0.054430362689645254,0.8273772438659699,0.4327933656785018,-0.4736736092984604,-0.3177729334751485,0.5446511676720712,-0.5095104222433947,-0.497228546751122,-0.0675031379141101,-0.33109302068138297,0.3726470836907372,0.3726947944072037,-0.3895323082701867,-0.26938873948400577,0.2932035124222801,-0.36173329180235575,-0.3783322445740762,-0.0723276581457971,0.8635041745453002,0.5387118689362969,-0.4194008220350217,-0.04892610140167071,0.7925352191037062,-0.11969588642374947,-0.07073690533028135,0.2263602181326639,-0.07639966350995119,-0.28708333828187355,-0.1183728777969703,0.5281575091431288,0.16061446244642888,0.2676541019785611,-0.05924801474239681,-0.2900883232983121,-0.2955781683826058,-0.3888554871521795,-0.41265547100857053,-0.2943754514063852,-0.3658086479243954,-0.18638933462246443,0.014637212060770205,-0.3936011336080709,-0.3467749300058409,-0.3086011811848096,0.5449215208897721,-0.14575511629852972,-0.07507948397468743,0.20090432700850336,-0.7538678336953983,-0.5628147359378447,-0.26165318579788244,-0.714793108726999,-0.26058043793158214,-0.23657207930514282,1.3555735383351193,-1.3555735383351195,-0.4820426798824101,-0.3075623426146228,0.6158384251930635,-0.13085598064755344,-0.2359813632291101,-0.2662958158485814,-0.19611613513818404,-0.19300937626135234,-0.12168146174384352,-0.06715342778730747,-0.03352007615769955,0.5449249778098338,-0.21680296415038888,-0.5118980953829163,-1.175735064194511,2.4640269015229057,-0.16278112867447064,-1.2316448970959013,-0.1699069165076462,-0.2081478487327801,1.4322604033532795,1.3555735383351193,-1.3555735383351195,1.3555735383351193,-1.3555735383351195,1.3555735383351193,-1.3555735383351195,1.3555735383351193,-1.3555735383351195,-0.4820426798824101,-0.3075623426146228,0.6158384251930635,-0.4820426798824101,-0.3075623426146228,0.6158384251930635,-0.4820426798824101,-0.3075623426146228,0.6158384251930635,-0.13085598064755344,-0.2359813632291101,-0.2662958158485814,-0.19611613513818404,-0.19300937626135234,-0.12168146174384352,-0.06715342778730747,-0.03352007615769955,0.5449249778098338,-0.13085598064755344,-0.2359813632291101,-0.2662958158485814,-0.19611613513818404,-0.19300937626135234,-0.12168146174384352,-0.06715342778730747,-0.03352007615769955,0.5449249778098338,-0.21680296415038888,-0.5118980953829163,-1.175735064194511,2.4640269015229057,-0.16278112867447064
1,-0.05054247964038488,-0.3693648410115938,0.4327933656785018,-0.4736736092984604,-0.11646779040628442,0.5446511676720712,-0.5095104222433947,1.2266260647479035,-0.0675031379141101,-0.05054247964038488,-0.3693648410115938,0.4327933656785018,-0.4736736092984604,-0.11646779040628442,0.5446511676720712,-0.5095104222433947,1.2266260647479035,-0.0675031379141101,-0.32744228351708793,-0.21237970317733623,0.3744278876392362,-0.3895323082701867,-0.111736776952682,0.29668570648952564,-0.35987352248898186,0.7752884393029944,-0.07049925369116664,-0.5892568139740777,0.2247862474698217,-0.4194008220350217,0.028469648884860296,-0.04105904351514409,-0.5569533474872684,0.9251684638457104,-0.1629968366090419,-0.07639966350995119,-0.28708333828187355,0.008135739352004802,0.5281575091431288,0.16061446244642888,1.3294519864972518,-0.05924801474239681,-0.2900883232983121,-0.2955781683826058,-0.3888554871521795,-0.41265547100857053,-0.2943754514063852,-0.3658086479243954,-0.16209288333514058,0.399931507946359,-0.20320282418793778,0.1703567166110266,-0.22559453904033924,0.5449215208897721,-0.14575511629852972,1.64580281371634,0.20090432700850336,-0.7538678336953983,0.3097964882597226,-0.26165318579788244,1.3385767425636153,0.7316296911155961,-0.23657207930514282,1.3555735383351193,-1.3555735383351195,-0.4820426798824101,-0.3075623426146228,0.6158384251930635,-0.13085598064755344,-0.2359813632291101,-0.2662958158485814,-0.19611613513818404,-0.19300937626135234,-0.12168146174384352,-0.06715342778730747,-0.03352007615769955,0.5449249778098338,-0.21680296415038888,-0.5118980953829163,-1.175735064194511,2.4640269015229057,-0.16278112867447064,-1.2316448970959013,-0.1699069165076462,-0.2081478487327801,1.4322604033532795,1.3555735383351193,-1.3555735383351195,1.3555735383351193,-1.3555735383351195,1.3555735383351193,-1.3555735383351195,1.3555735383351193,-1.3555735383351195,-0.4820426798824101,-0.3075623426146228,0.6158384251930635,-0.4820426798824101,-0.3075623426146228,0.6158384251930635,-0.4820426798824101,-0.3075623426146228,0.6158384251930635,-0.13085598064755344,-0.2359813632291101,-0.2662958158485814,-0.19611613513818404,-0.19300937626135234,-0.12168146174384352,-0.06715342778730747,-0.03352007615769955,0.5449249778098338,-0.13085598064755344,-0.2359813632291101,-0.2662958158485814,-0.19611613513818404,-0.19300937626135234,-0.12168146174384352,-0.06715342778730747,-0.03352007615769955,0.5449249778098338,-0.21680296415038888,-0.5118980953829163,-1.175735064194511,2.4640269015229057,-0.16278112867447064
0,-0.0466545965911245,0.8273772438659699,-0.47454519624983954,-0.4736736092984604,-0.4989475622371262,0.5446511676720712,0.96425644365423,-1.1867703913507321,-0.6244040257055189,-0.0466545965911245,0.8273772438659699,-0.47454519624983954,-0.4736736092984604,-0.4989475622371262,0.5446511676720712,0.96425644365423,-1.1867703913507321,-0.6244040257055189,-0.3237831053420083,0.38081024815866377,-0.3760014818308347,-0.3895323082701867,-0.40991881376986594,0.3001679005567712,0.5510516429384109,-0.8370135312447564,-0.4654346158913459,0.8635041745453002,-0.4030649954631285,-0.4194008220350217,-0.571347415835755,0.7925352191037062,1.3577269342345568,-0.9243700789097029,-0.3576753639798948,-0.2328872501475753,-0.28708333828187355,-0.32078666523533045,-0.39610534423349997,-0.38113017778990566,-0.3694246287326534,-0.2751579580367754,-0.2900883232983121,-0.2955781683826058,-0.3888554871521795,-0.41265547100857053,-0.2943754514063852,-0.3658086479243954,-0.19836401418550262,-0.33212765423625973,-0.41485036472765574,-0.4792899144514132,-0.4123594838653976,0.5449215208897721,1.1227307914744915,-0.7634324030510985,-0.337529114616601,0.9989187709831968,-0.7152983355245868,-0.22342026433344614,-1.0134650870965427,-0.7566855024551713,-0.4271559153457235,-0.7376951317802901,0.7376951317802901,-0.4820426798824101,-0.3075623426146228,0.6158384251930635,-0.13085598064755344,-0.2359813632291101,-0.2662958158485814,-0.19611613513818404,-0.19300937626135234,-0.12168146174384352,-0.06715342778730747,-0.03352007615769955,0.5449249778098338,-0.21680296415038888,-0.5118980953829163,0.8505317485662419,-0.40583972495671383,-0.16278112867447064,0.8119223343984152,-0.1699069165076462,-0.2081478487327801,-0.6981970580620328,-0.7376951317802901,0.7376951317802901,-0.7376951317802901,0.7376951317802901,-0.7376951317802901,0.7376951317802901,-0.7376951317802901,0.7376951317802901,-0.4820426798824101,-0.3075623426146228,0.6158384251930635,-0.4820426798824101,-0.3075623426146228,0.6158384251930635,-0.4820426798824101,-0.3075623426146228,0.6158384251930635,-0.13085598064755344,-0.2359813632291101,-0.2662958158485814,-0.19611613513818404,-0.19300937626135234,-0.12168146174384352,-0.06715342778730747,-0.03352007615769955,0.5449249778098338,-0.13085598064755344,-0.2359813632291101,-0.2662958158485814,-0.19611613513818404,-0.19300937626135234,-0.12168146174384352,-0.06715342778730747,-0.03352007615769955,0.5449249778098338,-0.21680296415038888,-0.5118980953829163,0.8505317485662419,-0.40583972495671383,-0.16278112867447064
0,-0.04276671354186413,-1.5661069258891576,0.4327933656785018,-0.4736736092984604,0.4673171244934215,-1.8792661492571456,0.96425644365423,1.5713969870477085,-0.0675031379141101,-0.04276671354186413,-1.5661069258891576,0.4327933656785018,-0.4736736092984604,0.4673171244934215,-1.8792661492571456,0.96425644365423,1.5713969870477085,-0.0675031379141101,-0.32011548615614427,-0.7987670174567307,0.37789407410330117,-0.3895323082701867,0.34776101627885925,-1.1498568579716637,0.555006032980158,1.0152713398696729,-0.06684244478190572,-1.4609134070857044,-0.0891393739966534,-0.4194008220350217,0.08651646159975855,-1.6745420808165796,-0.5017365349980186,-0.07073690533028135,-0.5523538913507477,-0.07639966350995119,-0.28708333828187355,0.3750107290840326,-0.35873376929420825,0.770770541893495,1.5418115634009901,-0.05924801474239681,-0.2900883232983121,-0.2955781683826058,-0.3888554871521795,-0.41265547100857053,-0.2943754514063852,-0.3658086479243954,-0.02620630220675072,-0.5161493776064675,1.528382073804652,1.0979616077300327,0.015124723178624856,-1.8409560124108695,-1.1751878000261426,-0.9823612160709629,-0.8324206013962827,0.9989187709831968,2.2533667439297993,0.42033946735152133,1.973254696598896,0.9300717169250317,-0.23657207930514282,-0.7376951317802901,0.7376951317802901,-0.4820426798824101,-0.3075623426146228,0.6158384251930635,-0.13085598064755344,-0.2359813632291101,-0.2662958158485814,-0.19611613513818404,5.181095444015676,-0.12168146174384352,-0.06715342778730747,-0.03352007615769955,-1.8351149988007645,-0.21680296415038888,-0.5118980953829163,0.8505317485662419,-0.40583972495671383,-0.16278112867447064,-1.2316448970959013,-0.1699069165076462,-0.2081478487327801,1.4322604033532795,-0.7376951317802901,0.7376951317802901,-0.7376951317802901,0.7376951317802901,-0.7376951317802901,0.7376951317802901,-0.7376951317802901,0.7376951317802901,-0.4820426798824101,-0.3075623426146228,0.6158384251930635,-0.4820426798824101,-0.3075623426146228,0.6158384251930635,-0.4820426798824101,-0.3075623426146228,0.6158384251930635,-0.13085598064755344,-0.2359813632291101,-0.2662958158485814,-0.19611613513818404,5.181095444015676,-0.12168146174384352,-0.06715342778730747,-0.03352007615769955,-1.8351149988007645,-0.13085598064755344,-0.2359813632291101,-0.2662958158485814,-0.19611613513818404,5.181095444015676,-0.12168146174384352,-0.06715342778730747,-0.03352007615769955,-1.8351149988007645,-0.21680296415038888,-0.5118980953829163,0.8505317485662419,-0.40583972495671383,-0.16278112867447064
1,-0.03887883049260375,-1.5661069258891576,0.4327933656785018,2.0089333664952354,1.7758005544410382,-1.8194778495589943,-0.5095104222433947,-1.5315413136505371,1.0462986376687076,-0.03887883049260375,-1.5661069258891576,0.4327933656785018,2.0089333664952354,1.7758005544410382,-1.8194778495589943,-0.5095104222433947,-1.5315413136505371,1.0462986376687076,-0.3164394259594957,-0.7974064900454096,0.3796271673353337,1.610321697578679,1.37779495002873,-1.1137814647996573,-0.35429421454886023,-1.0679505131647973,0.732170301891605,-1.4609134070857044,-0.0891393739966534,0.5195090584504164,1.3441974037558875,-1.6548120390977903,-0.9942108085507874,-1.3511866656994136,-0.1629968366090419,-0.07639966350995119,0.7239492878412465,1.1973167405523708,-0.3368577254273058,0.16061446244642888,-0.3694246287326534,0.15666192855198174,1.1701867956779368,3.1176649208784606,-0.21561170543679775,1.3576611153209521,-0.2943754514063852,1.3229763536333055,0.6318225868249371,-0.30545343375187284,1.5865412843613138,-0.5019144239909011,1.5507476028513267,-1.83504312030046,-1.1998205817747205,-1.107608862589304,-0.7379026994147555,-0.7538678336953983,-1.086381470456385,0.3438736244226488,-1.0507990843927357,-0.855906515359889,0.52576326485718,1.3555735383351193,-1.3555735383351195,-0.4820426798824101,-0.3075623426146228,0.6158384251930635,-0.13085598064755344,4.237622777986573,-0.2662958158485814,-0.19611613513818404,-0.19300937626135234,-0.12168146174384352,-0.06715342778730747,-0.03352007615769955,-1.8351149988007645,-0.21680296415038888,1.9535138126504805,-1.175735064194511,-0.40583972495671383,-0.16278112867447064,-1.2316448970959013,-0.1699069165076462,-0.2081478487327801,1.4322604033532795,1.3555735383351193,-1.3555735383351195,1.3555735383351193,-1.3555735383351195,1.3555735383351193,-1.3555735383351195,1.3555735383351193,-1.3555735383351195,-0.4820426798824101,-0.3075623426146228,0.6158384251930635,-0.4820426798824101,-0.3075623426146228,0.6158384251930635,-0.4820426798824101,-0.3075623426146228,0.6158384251930635,-0.13085598064755344,4.237622777986573,-0.2662958158485814,-0.19611613513818404,-0.19300937626135234,-0.12168146174384352,-0.06715342778730747,-0.03352007615769955,-1.8351149988007645,-0.13085598064755344,4.237622777986573,-0.2662958158485814,-0.19611613513818404,-0.19300937626135234,-0.12168146174384352,-0.06715342778730747,-0.03352007615769955,-1.8351149988007645,-0.21680296415038888,1.9535138126504805,-1.175735064194511,-0.40583972495671383,-0.16278112867447064
0,-0.03499094744334338,0.8273772438659699,1.340131927606843,2.0089333664952354,0.04457632404880686,0.5446511676720712,-0.5095104222433947,-0.841999469050927,1.6031995254601163,-0.03499094744334338,0.8273772438659699,1.340131927606843,2.0089333664952354,0.04457632404880686,0.5446511676720712,-0.5095104222433947,-0.841999469050927,1.6031995254601163,-0.3127549247520626,0.3930549948605537,1.1387220029655671,1.6149085186930112,0.018853896105938704,0.3106144827585079,-0.35243444523548634,-0.6028838721553141,1.1353334841376213,0.8635041745453002,1.480488733335722,2.3973288194212925,0.995916527466498,0.7925352191037062,-0.11969588642374947,-0.4975534921199921,1.9784669644703399,0.39306309640292114,1.7349819139643663,0.5394719313777002,1.4524203625197576,0.7023591026827634,0.48001367888229923,0.8043917584351175,1.1701867956779368,0.6715073735746963,2.313747507607776,1.3576611153209521,0.5613783078206596,1.7451726040227307,-0.13432551043534188,0.70816694465483,-0.050884176651831266,-0.28213347417873247,0.264144649612036,0.5449215208897721,-0.14575511629852972,-0.41925594351289297,1.8162046518838164,-0.7538678336953983,-0.7373369807773581,0.6466370295329145,-0.9014630952079639,0.13630361368728913,1.097514772978922,1.3555735383351193,-1.3555735383351195,-0.4820426798824101,-0.3075623426146228,0.6158384251930635,-0.13085598064755344,-0.2359813632291101,-0.2662958158485814,-0.19611613513818404,-0.19300937626135234,-0.12168146174384352,-0.06715342778730747,-0.03352007615769955,0.5449249778098338,-0.21680296415038888,1.9535138126504805,-1.175735064194511,-0.40583972495671383,-0.16278112867447064,-1.2316448970959013,-0.1699069165076462,4.804277373453898,-0.6981970580620328,1.3555735383351193,-1.3555735383351195,1.3555735383351193,-1.3555735383351195,1.3555735383351193,-1.3555735383351195,1.3555735383351193,-1.3555735383351195,-0.4820426798824101,-0.3075623426146228,0.6158384251930635,-0.4820426798824101,-0.3075623426146228,0.6158384251930635,-0.4820426798824101,-0.3075623426146228,0.6158384251930635,-0.13085598064755344,-0.2359813632291101,-0.2662958158485814,-0.19611613513818404,-0.19300937626135234,-0.12168146174384352,-0.06715342778730747,-0.03352007615769955,0.5449249778098338,-0.13085598064755344,-0.2359813632291101,-0.2662958158485814,-0.19611613513818404,-0.19300937626135234,-0.12168146174384352,-0.06715342778730747,-0.03352007615769955,0.5449249778098338,-0.21680296415038888,1.9535138126504805,-1.175735064194511,-0.40583972495671383,-0.16278112867447064
1,-0.031103064394083002,-0.3693648410115938,1.340131927606843,3.250236854392083,-0.2775119048613757,0.5446511676720712,-0.5095104222433947,-0.497228546751122,0.48939774987729867,-0.031103064394083002,-0.3693648410115938,1.340131927606843,3.250236854392083,-0.2775119048613757,0.5446511676720712,-0.5095104222433947,-0.497228546751122,0.48939774987729867,-0.3090619825338451,-0.1987744290641252,1.1421881894296322,2.6240091638461087,-0.2341292577581782,0.3140966768257535,-0.35057467592211244,-0.36875421306587175,0.33906334414605627,-0.5892568139740777,0.8526374904027719,2.3973288194212925,-0.2811133522612637,-0.04105904351514409,-0.5569533474872684,-0.4975534921199921,0.2263602181326639,0.39306309640292114,2.746014540087486,0.1346443565009799,1.4524203625197576,0.7023591026827634,0.9047328326897756,0.3725718718463603,2.995530694398248,0.47240152670113406,3.665049004987753,2.2428194084857136,1.6310705068544655,1.534074478828018,-0.1824556234616596,0.09169607123788796,-0.3555214717240443,-0.32738249325770835,-0.2172938748258922,0.5449215208897721,-0.14575511629852972,-0.07507948397468743,0.7393377686336078,-0.7538678336953983,-0.5628147359378447,0.04111021931238319,-0.714793108726999,0.0370826007825713,0.08106764742915833,1.3555735383351193,-1.3555735383351195,-0.4820426798824101,-0.3075623426146228,0.6158384251930635,-0.13085598064755344,-0.2359813632291101,-0.2662958158485814,-0.19611613513818404,-0.19300937626135234,-0.12168146174384352,-0.06715342778730747,-0.03352007615769955,0.5449249778098338,-0.21680296415038888,-0.5118980953829163,-1.175735064194511,2.4640269015229057,-0.16278112867447064,-1.2316448970959013,-0.1699069165076462,4.804277373453898,-0.6981970580620328,1.3555735383351193,-1.3555735383351195,1.3555735383351193,-1.3555735383351195,1.3555735383351193,-1.3555735383351195,1.3555735383351193,-1.3555735383351195,-0.4820426798824101,-0.3075623426146228,0.6158384251930635,-0.4820426798824101,-0.3075623426146228,0.6158384251930635,-0.4820426798824101,-0.3075623426146228,0.6158384251930635,-0.13085598064755344,-0.2359813632291101,-0.2662958158485814,-0.19611613513818404,-0.19300937626135234,-0.12168146174384352,-0.06715342778730747,-0.03352007615769955,0.5449249778098338,-0.13085598064755344,-0.2359813632291101,-0.2662958158485814,-0.19611613513818404,-0.19300937626135234,-0.12168146174384352,-0.06715342778730747,-0.03352007615769955,0.5449249778098338,-0.21680296415038888,-0.5118980953829163,-1.175735064194511,2.4640269015229057,-0.16278112867447064
0,-0.027215181344822627,-1.5661069258891576,0.4327933656785018,4.491540342288931,4.654464100325796,-1.747233654090395,0.96425644365423,1.5713969870477085,2.160100413251525,-0.027215181344822627,-1.5661069258891576,0.4327933656785018,4.491540342288931,4.654464100325796,-1.747233654090395,0.96425644365423,1.5713969870477085,2.160100413251525,-0.30536059930484305,-0.7933249078114463,0.38482644703143115,3.6376966301135383,3.668101429168212,-1.069392075733369,0.5708235931471469,1.0344274028860818,1.5458102842021595,-1.4609134070857044,-0.0891393739966534,1.4584189389358544,4.111095476499371,-1.6309715720209197,-0.5017365349980186,-0.07073690533028135,0.2263602181326639,-0.07639966350995119,1.7349819139643663,3.0063899657827147,-0.31042417242146536,0.770770541893495,1.5418115634009901,0.3725718718463603,5.551012152606683,14.665804039545069,0.11221883534769386,7.115721547990014,7.407408381637018,4.700546356748707,3.800137683385509,0.33753967028914633,9.949055974111317,7.1484018731473835,6.107812256582751,-1.8243260033503432,-1.050018544785101,-0.8204557217911562,-0.5764788668170912,0.9989187709831968,2.2533667439297993,2.995378394091391,1.973254696598896,4.502028181494873,1.7963221717943845,-0.7376951317802901,0.7376951317802901,-0.4820426798824101,-0.3075623426146228,0.6158384251930635,-0.13085598064755344,-0.2359813632291101,3.755222352305419,-0.19611613513818404,-0.19300937626135234,-0.12168146174384352,-0.06715342778730747,-0.03352007615769955,-1.8351149988007645,-0.21680296415038888,-0.5118980953829163,0.8505317485662419,-0.40583972495671383,-0.16278112867447064,-1.2316448970959013,-0.1699069165076462,4.804277373453898,-0.6981970580620328,-0.7376951317802901,0.7376951317802901,-0.7376951317802901,0.7376951317802901,-0.7376951317802901,0.7376951317802901,-0.7376951317802901,0.7376951317802901,-0.4820426798824101,-0.3075623426146228,0.6158384251930635,-0.4820426798824101,-0.3075623426146228,0.6158384251930635,-0.4820426798824101,-0.3075623426146228,0.6158384251930635,-0.13085598064755344,-0.2359813632291101,3.755222352305419,-0.19611613513818404,-0.19300937626135234,-0.12168146174384352,-0.06715342778730747,-0.03352007615769955,-1.8351149988007645,-0.13085598064755344,-0.2359813632291101,3.755222352305419,-0.19611613513818404,-0.19300937626135234,-0.12168146174384352,-0.06715342778730747,-0.03352007615769955,-1.8351149988007645,-0.21680296415038888,-0.5118980953829163,0.8505317485662419,-0.40583972495671383,-0.16278112867447064
0,-0.02332729829556225,-0.3693648410115938,-0.47454519624983954,-0.4736736092984604,-0.438556019316467,0.5446511676720712,0.96425644365423,0.19231329784848822,-0.6244040257055189,-0.02332729829556225,-0.3693648410115938,-0.47454519624983954,-0.4736736092984604,-0.438556019316467,0.5446511676720712,0.96425644365423,0.19231329784848822,-0.6244040257055189,-0.3016507750650565,-0.19333231941884083,-0.3760014818308347,-0.3895323082701867,-0.36051200912935444,0.32106106496024456,0.5747779831888941,0.1026977822824145,-0.4599494025274545,-0.5892568139740777,-0.4030649954631285,-0.4194008220350217,-0.5906963534073878,-0.04105904351514409,0.42799519961826915,0.0715352902662889,-0.5523538913507477,-0.2328872501475753,-0.28708333828187355,-0.32078666523533045,-0.39610534423349997,-0.38113017778990566,-0.3694246287326534,-0.2751579580367754,-0.2900883232983121,-0.2955781683826058,-0.3888554871521795,-0.41265547100857053,-0.2943754514063852,-0.3658086479243954,-0.19541373081489902,-0.21653936547058308,-0.2933983373193865,-0.34031078442313006,-0.39990848754372704,0.5449215208897721,1.1227307914744915,0.6132734351017236,-0.337529114616601,0.9989187709831968,0.7690342042026062,-0.22342026433344614,-0.1174491519879112,-0.3598014508363,-0.4271559153457235,-0.7376951317802901,0.7376951317802901,-0.4820426798824101,-0.3075623426146228,0.6158384251930635,-0.13085598064755344,-0.2359813632291101,-0.2662958158485814,-0.19611613513818404,-0.19300937626135234,-0.12168146174384352,-0.06715342778730747,-0.03352007615769955,0.5449249778098338,-0.21680296415038888,-0.5118980953829163,0.8505317485662419,-0.40583972495671383,-0.16278112867447064,0.8119223343984152,-0.1699069165076462,-0.2081478487327801,-0.6981970580620328,-0.7376951317802901,0.7376951317802901,-0.7376951317802901,0.7376951317802901,-0.7376951317802901,0.7376951317802901,-0.7376951317802901,0.7376951317802901,-0.4820426798824101,-0.3075623426146228,0.6158384251930635,-0.4820426798824101,-0.3075623426146228,0.6158384251930635,-0.4820426798824101,-0.3075623426146228,0.6158384251930635,-0.13085598064755344,-0.2359813632291101,-0.2662958158485814,-0.19611613513818404,-0.19300937626135234,-0.12168146174384352,-0.06715342778730747,-0.03352007615769955,0.5449249778098338,-0.13085598064755344,-0.2359813632291101,-0.2662958158485814,-0.19611613513818404,-0.19300937626135234,-0.12168146174384352,-0.06715342778730747,-0.03352007615769955,0.5449249778098338,-0.21680296415038888,-0.5118980953829163,0.8505317485662419,-0.40583972495671383,-0.16278112867447064
1,-0.019439415246301876,-0.3693648410115938,0.4327933656785018,0.7676298785983874,-0.11646779040628442,0.5446511676720712,-0.5095104222433947,1.2266260647479035,0.48939774987729867,-0.019439415246301876,-0.3693648410115938,0.4327933656785018,0.7676298785983874,-0.11646779040628442,0.5446511676720712,-0.5095104222433947,1.2266260647479035,0.48939774987729867,-0.29793250981448544,-0.19061126459619862,0.38829263349549614,0.6218617474400767,-0.10419153806485058,0.32454325902749015,-0.3449953679819908,0.8093436624432769,0.3472911641918933,-0.5892568139740777,0.2247862474698217,0.5195090584504164,0.028469648884860296,-0.04105904351514409,-0.5569533474872684,0.9251684638457104,0.2263602181326639,-0.07639966350995119,0.2184329747796864,0.008135739352004802,0.5281575091431288,0.16061446244642888,1.3294519864972518,0.048706956904792466,0.07498045644575013,0.07418983295400972,0.9624460102277982,0.4725028221561908,1.4171320670477043,0.26748572765974243,-0.16209288333514058,0.399931507946359,-0.20320282418793778,0.1703567166110266,-0.11768590425252776,0.5449215208897721,-0.14575511629852972,1.64580281371634,0.7393377686336078,-0.7538678336953983,0.3097964882597226,0.04111021931238319,1.3385767425636153,1.5253977943533386,0.08106764742915833,1.3555735383351193,-1.3555735383351195,-0.4820426798824101,-0.3075623426146228,0.6158384251930635,-0.13085598064755344,-0.2359813632291101,-0.2662958158485814,-0.19611613513818404,-0.19300937626135234,-0.12168146174384352,-0.06715342778730747,-0.03352007615769955,0.5449249778098338,-0.21680296415038888,-0.5118980953829163,-1.175735064194511,2.4640269015229057,-0.16278112867447064,-1.2316448970959013,-0.1699069165076462,-0.2081478487327801,1.4322604033532795,1.3555735383351193,-1.3555735383351195,1.3555735383351193,-1.3555735383351195,1.3555735383351193,-1.3555735383351195,1.3555735383351193,-1.3555735383351195,-0.4820426798824101,-0.3075623426146228,0.6158384251930635,-0.4820426798824101,-0.3075623426146228,0.6158384251930635,-0.4820426798824101,-0.3075623426146228,0.6158384251930635,-0.13085598064755344,-0.2359813632291101,-0.2662958158485814,-0.19611613513818404,-0.19300937626135234,-0.12168146174384352,-0.06715342778730747,-0.03352007615769955,0.5449249778098338,-0.13085598064755344,-0.2359813632291101,-0.2662958158485814,-0.19611613513818404,-0.19300937626135234,-0.12168146174384352,-0.06715342778730747,-0.03352007615769955,0.5449249778098338,-0.21680296415038888,-0.5118980953829163,-1.175735064194511,2.4640269015229057,-0.16278112867447064
0,-0.015551532197041501,0.8273772438659699,-0.47454519624983954,-0.4736736092984604,-0.45868653362335343,0.5446511676720712,0.96425644365423,-0.841999469050927,-0.6244040257055189,-0.015551532197041501,0.8273772438659699,-0.47454519624983954,-0.4736736092984604,-0.45868653362335343,0.5446511676720712,0.96425644365423,-0.841999469050927,-0.6244040257055189,-0.29420580355312986,0.41346290603037017,-0.3760014818308347,-0.3895323082701867,-0.37582013802678166,0.3280254530947357,0.5826867632723884,-0.597562743539645,-0.458120998072824,0.8635041745453002,-0.4030649954631285,-0.4194008220350217,-0.4552537904059585,0.7925352191037062,1.3577269342345568,-0.4975534921199921,-0.3576753639798948,-0.2328872501475753,-0.28708333828187355,-0.32078666523533045,-0.39610534423349997,-0.38113017778990566,-0.3694246287326534,-0.2751579580367754,-0.2900883232983121,-0.2955781683826058,-0.3888554871521795,-0.41265547100857053,-0.2943754514063852,-0.3658086479243954,-0.1965128559921827,-0.255068795059142,-0.33388234645547626,-0.4437371137465036,-0.40405881965095053,0.5449215208897721,1.1227307914744915,-0.41925594351289297,-0.337529114616601,0.9989187709831968,-0.34421520059278854,-0.22342026433344614,-0.9014630952079639,-0.6574644895504534,-0.4271559153457235,-0.7376951317802901,0.7376951317802901,-0.4820426798824101,-0.3075623426146228,0.6158384251930635,-0.13085598064755344,-0.2359813632291101,-0.2662958158485814,-0.19611613513818404,-0.19300937626135234,-0.12168146174384352,-0.06715342778730747,-0.03352007615769955,0.5449249778098338,-0.21680296415038888,-0.5118980953829163,0.8505317485662419,-0.40583972495671383,-0.16278112867447064,0.8119223343984152,-0.1699069165076462,-0.2081478487327801,-0.6981970580620328,-0.7376951317802901,0.7376951317802901,-0.7376951317802901,0.7376951317802901,-0.7376951317802901,0.7376951317802901,-0.7376951317802901,0.7376951317802901,-0.4820426798824101,-0.3075623426146228,0.6158384251930635,-0.4820426798824101,-0.3075623426146228,0.6158384251930635,-0.4820426798824101,-0.3075623426146228,0.6158384251930635,-0.13085598064755344,-0.2359813632291101,-0.2662958158485814,-0.19611613513818404,-0.19300937626135234,-0.12168146174384352,-0.06715342778730747,-0.03352007615769955,0.5449249778098338,-0.13085598064755344,-0.2359813632291101,-0.2662958158485814,-0.19611613513818404,-0.19300937626135234,-0.12168146174384352,-0.06715342778730747,-0.03352007615769955,0.5449249778098338,-0.21680296415038888,-0.5118980953829163,0.8505317485662419,-0.40583972495671383,-0.16278112867447064
0,-0.011663649147781126,0.8273772438659699,0.4327933656785018,-0.4736736092984604,-0.4989475622371262,0.5446511676720712,0.96425644365423,-0.497228546751122,-0.6244040257055189,-0.011663649147781126,0.8273772438659699,0.4327933656785018,-0.4736736092984604,-0.4989475622371262,0.5446511676720712,0.96425644365423,-0.497228546751122,-0.6244040257055189,-0.29047065628098984,0.4175444882643335,0.39175881995956113,-0.3895323082701867,-0.4076334769913401,0.3315076471619813,0.5866411533141357,-0.360772520142368,-0.45720679584550883,0.8635041745453002,0.5387118689362969,-0.4194008220350217,-0.571347415835755,0.7925352191037062,1.3577269342345568,-0.07073690533028135,-0.3576753639798948,-0.07639966350995119,-0.28708333828187355,-0.2322306332310479,0.5281575091431288,0.770770541893495,0.2676541019785611,-0.16720298638958608,-0.2900883232983121,-0.2955781683826058,-0.3888554871521795,-0.41265547100857053,-0.2943754514063852,-0.3658086479243954,-0.19836401418550262,-0.33212765423625973,-0.41485036472765574,-0.4340408953724373,-0.4123594838653976,0.5449215208897721,1.1227307914744915,-0.07507948397468743,-0.337529114616601,0.9989187709831968,0.026867934339009688,-0.22342026433344614,-0.714793108726999,-0.5582434766457356,-0.4271559153457235,-0.7376951317802901,0.7376951317802901,-0.4820426798824101,-0.3075623426146228,0.6158384251930635,-0.13085598064755344,-0.2359813632291101,-0.2662958158485814,-0.19611613513818404,-0.19300937626135234,-0.12168146174384352,-0.06715342778730747,-0.03352007615769955,0.5449249778098338,-0.21680296415038888,-0.5118980953829163,0.8505317485662419,-0.40583972495671383,-0.16278112867447064,-1.2316448970959013,-0.1699069165076462,-0.2081478487327801,1.4322604033532795,-0.7376951317802901,0.7376951317802901,-0.7376951317802901,0.7376951317802901,-0.7376951317802901,0.7376951317802901,-0.7376951317802901,0.7376951317802901,-0.4820426798824101,-0.3075623426146228,0.6158384251930635,-0.4820426798824101,-0.3075623426146228,0.6158384251930635,-0.4820426798824101,-0.3075623426146228,0.6158384251930635,-0.13085598064755344,-0.2359813632291101,-0.2662958158485814,-0.19611613513818404,-0.19300937626135234,-0.12168146174384352,-0.06715342778730747,-0.03352007615769955,0.5449249778098338,-0.13085598064755344,-0.2359813632291101,-0.2662958158485814,-0.19611613513818404,-0.19300937626135234,-0.12168146174384352,-0.06715342778730747,-0.03352007615769955,0.5449249778098338,-0.21680296415038888,-0.5118980953829163,0.8505317485662419,-0.40583972495671383,-0.16278112867447064
1,-0.0077757660985207505,-0.3693648410115938,-0.47454519624983954,-0.4736736092984604,-0.37816447639580775,0.5446511676720712,-0.5095104222433947,-0.1524576244513169,-0.6244040257055189,-0.0077757660985207505,-0.3693648410115938,-0.47454519624983954,-0.4736736092984604,-0.37816447639580775,0.5446511676720712,-0.5095104222433947,-0.1524576244513169,-0.6244040257055189,-0.2867270679980653,-0.182448100128272,-0.3760014818308347,-0.3895323082701867,-0.31074245261923567,0.3349898412292268,-0.33941606004186914,-0.12291807102195725,-0.4562925936181936,-0.5892568139740777,-0.4030649954631285,-0.4194008220350217,-0.4746027279775913,-0.04105904351514409,-0.5569533474872684,-0.2130091009268516,-0.5523538913507477,-0.2328872501475753,-0.28708333828187355,-0.32078666523533045,-0.39610534423349997,-0.38113017778990566,-0.3694246287326534,-0.2751579580367754,-0.2900883232983121,-0.2955781683826058,-0.3888554871521795,-0.41265547100857053,-0.2943754514063852,-0.3658086479243954,-0.19142217096055295,-0.10095107670490644,-0.45072062643411087,-0.3338466388404192,-0.38745749122205647,0.5449215208897721,-0.14575511629852972,0.2690969755635181,-0.337529114616601,-0.7538678336953983,-0.3882924910983312,-0.564416590908148,-0.45345512765364804,-0.4590224637410178,-0.4271559153457235,1.3555735383351193,-1.3555735383351195,-0.4820426798824101,-0.3075623426146228,0.6158384251930635,-0.13085598064755344,-0.2359813632291101,-0.2662958158485814,-0.19611613513818404,-0.19300937626135234,-0.12168146174384352,-0.06715342778730747,-0.03352007615769955,0.5449249778098338,-0.21680296415038888,1.9535138126504805,-1.175735064194511,-0.40583972495671383,-0.16278112867447064,0.8119223343984152,-0.1699069165076462,-0.2081478487327801,-0.6981970580620328,1.3555735383351193,-1.3555735383351195,1.3555735383351193,-1.3555735383351195,1.3555735383351193,-1.3555735383351195,1.3555735383351193,-1.3555735383351195,-0.4820426798824101,-0.3075623426146228,0.6158384251930635,-0.4820426798824101,-0.3075623426146228,0.6158384251930635,-0.4820426798824101,-0.3075623426146228,0.6158384251930635,-0.13085598064755344,-0.2359813632291101,-0.2662958158485814,-0.19611613513818404,-0.19300937626135234,-0.12168146174384352,-0.06715342778730747,-0.03352007615769955,0.5449249778098338,-0.13085598064755344,-0.2359813632291101,-0.2662958158485814,-0.19611613513818404,-0.19300937626135234,-0.12168146174384352,-0.06715342778730747,-0.03352007615769955,0.5449249778098338,-0.21680296415038888,1.9535138126504805,-1.175735064194511,-0.40583972495671383,-0.16278112867447064
1,-0.0038878830492603753,0.8273772438659699,-0.47454519624983954,-0.4736736092984604,-0.4788170479302398,0.5446511676720712,0.96425644365423,-1.1867703913507321,-0.6244040257055189,-0.0038878830492603753,0.8273772438659699,-0.47454519624983954,-0.4736736092984604,-0.4788170479302398,0.5446511676720712,0.96425644365423,-1.1867703913507321,-0.6244040257055189,-0.28297503870435625,0.42570765273226013,-0.3760014818308347,-0.3895323082701867,-0.39098316617636597,0.3384720352964724,0.5945499333976301,-0.8311602897675204,-0.4553783913908784,0.8635041745453002,-0.4030649954631285,-0.4194008220350217,-0.5133006031208568,0.7925352191037062,1.3577269342345568,-0.9243700789097029,-0.3576753639798948,-0.2328872501475753,-0.28708333828187355,-0.32078666523533045,-0.39610534423349997,-0.38113017778990566,-0.3694246287326534,-0.2751579580367754,-0.2900883232983121,-0.2955781683826058,-0.3888554871521795,-0.41265547100857053,-0.2943754514063852,-0.3658086479243954,-0.1974962837823839,-0.29359822464770086,-0.374366355591566,-0.47605784166005777,-0.40820915175817407,0.5449215208897721,1.1227307914744915,-0.7634324030510985,-0.337529114616601,0.9989187709831968,-0.7152983355245868,-0.22342026433344614,-1.0134650870965427,-0.7566855024551713,-0.4271559153457235,-0.7376951317802901,0.7376951317802901,-0.4820426798824101,-0.3075623426146228,0.6158384251930635,-0.13085598064755344,-0.2359813632291101,-0.2662958158485814,-0.19611613513818404,-0.19300937626135234,-0.12168146174384352,-0.06715342778730747,-0.03352007615769955,0.5449249778098338,-0.21680296415038888,-0.5118980953829163,0.8505317485662419,-0.40583972495671383,-0.16278112867447064,0.8119223343984152,-0.1699069165076462,-0.2081478487327801,-0.6981970580620328,-0.7376951317802901,0.7376951317802901,-0.7376951317802901,0.7376951317802901,-0.7376951317802901,0.7376951317802901,-0.7376951317802901,0.7376951317802901,-0.4820426798824101,-0.3075623426146228,0.6158384251930635,-0.4820426798824101,-0.3075623426146228,0.6158384251930635,-0.4820426798824101,-0.3075623426146228,0.6158384251930635,-0.13085598064755344,-0.2359813632291101,-0.2662958158485814,-0.19611613513818404,-0.19300937626135234,-0.12168146174384352,-0.06715342778730747,-0.03352007615769955,0.5449249778098338,-0.13085598064755344,-0.2359813632291101,-0.2662958158485814,-0.19611613513818404,-0.19300937626135234,-0.12168146174384352,-0.06715342778730747,-0.03352007615769955,0.5449249778098338,-0.21680296415038888,-0.5118980953829163,0.8505317485662419,-0.40583972495671383,-0.16278112867447064
1,0.0,-1.5661069258891576,-0.47454519624983954,2.0089333664952354,0.9907104964724682,-1.9265985531848488,0.96425644365423,-1.5315413136505371,0.48939774987729867,0.0,-1.5661069258891576,-0.47454519624983954,2.0089333664952354,0.9907104964724682,-1.9265985531848488,0.96425644365423,-1.5315413136505371,0.48939774987729867,-0.2792145683998627,-0.7838012159321986,-0.3760014818308347,1.6561899087220016,0.7903545723867014,-1.177408774146724,0.5985043234393773,-1.0679505131647973,0.3610041976016218,-1.4609134070857044,-0.4030649954631285,0.5195090584504164,0.5895888384622101,-1.6901616971772877,-0.5017365349980186,-1.3511866656994136,-0.3576753639798948,-0.2328872501475753,-0.28708333828187355,-0.32078666523533045,-0.39610534423349997,-0.38113017778990566,-0.3694246287326534,-0.2751579580367754,1.1701867956779368,2.008360916868614,-0.3302191302638965,3.351533038490722,-0.2943754514063852,0.9007801032438802,0.17834667815509966,-0.5341221785881128,2.5809663113429853,-0.5019144239909011,0.5671188934393528,-1.8437381397128192,-1.2200597971880256,-1.107608862589304,-0.8409165925856336,0.9989187709831968,-1.086381470456385,1.0640991990364888,-1.0507990843927357,-0.855906515359889,0.08106764742915833,-0.7376951317802901,0.7376951317802901,-0.4820426798824101,-0.3075623426146228,0.6158384251930635,7.64198926981712,-0.2359813632291101,-0.2662958158485814,-0.19611613513818404,-0.19300937626135234,-0.12168146174384352,-0.06715342778730747,-0.03352007615769955,-1.8351149988007645,4.612483062299524,-0.5118980953829163,-1.175735064194511,-0.40583972495671383,-0.16278112867447064,-1.2316448970959013,-0.1699069165076462,-0.2081478487327801,1.4322604033532795,-0.7376951317802901,0.7376951317802901,-0.7376951317802901,0.7376951317802901,-0.7376951317802901,0.7376951317802901,-0.7376951317802901,0.7376951317802901,-0.4820426798824101,-0.3075623426146228,0.6158384251930635,-0.4820426798824101,-0.3075623426146228,0.6158384251930635,-0.4820426798824101,-0.3075623426146228,0.6158384251930635,7.64198926981712,-0.2359813632291101,-0.2662958158485814,-0.19611613513818404,-0.19300937626135234,-0.12168146174384352,-0.06715342778730747,-0.03352007615769955,-1.8351149988007645,7.64198926981712,-0.2359813632291101,-0.2662958158485814,-0.19611613513818404,-0.19300937626135234,-0.12168146174384352,-0.06715342778730747,-0.03352007615769955,-1.8351149988007645,4.612483062299524,-0.5118980953829163,-1.175735064194511,-0.40583972495671383,-0.16278112867447064
1,0.0038878830492603753,-0.3693648410115938,-0.47454519624983954,0.7676298785983874,-0.25738139055448933,0.5446511676720712,-0.5095104222433947,-1.5315413136505371,-0.0675031379141101,0.0038878830492603753,-0.3693648410115938,-0.47454519624983954,0.7676298785983874,-0.25738139055448933,0.5446511676720712,-0.5095104222433947,-1.5315413136505371,-0.0675031379141101,-0.2754456570845847,-0.1742849356603454,-0.3760014818308347,0.6356222107830736,-0.21203766889909487,0.34543642343096354,-0.3338367521017475,-1.0679505131647973,-0.04490159132634021,-0.5892568139740777,-0.4030649954631285,0.5195090584504164,-0.24241547711799824,-0.04105904351514409,-0.5569533474872684,-1.3511866656994136,-0.1629968366090419,-0.2328872501475753,-0.28708333828187355,-0.32078666523533045,-0.39610534423349997,-0.38113017778990566,-0.3694246287326534,-0.2751579580367754,0.07498045644575013,-0.02536309048277139,0.9624460102277982,0.4725028221561908,-0.2943754514063852,0.056387602465029836,-0.18031522180063347,0.13022550082644685,-0.33648164078203097,-0.5019144239909011,-0.2836991885414685,0.5449215208897721,-0.14575511629852972,-1.107608862589304,0.20090432700850336,-0.7538678336953983,-1.086381470456385,-0.26165318579788244,-1.0507990843927357,-0.855906515359889,-0.23657207930514282,1.3555735383351193,-1.3555735383351195,-0.4820426798824101,-0.3075623426146228,0.6158384251930635,-0.13085598064755344,-0.2359813632291101,-0.2662958158485814,-0.19611613513818404,-0.19300937626135234,-0.12168146174384352,-0.06715342778730747,-0.03352007615769955,0.5449249778098338,-0.21680296415038888,1.9535138126504805,-1.175735064194511,-0.40583972495671383,-0.16278112867447064,-1.2316448970959013,-0.1699069165076462,-0.2081478487327801,1.4322604033532795,1.3555735383351193,-1.3555735383351195,1.3555735383351193,-1.3555735383351195,1.3555735383351193,-1.3555735383351195,1.3555735383351193,-1.3555735383351195,-0.4820426798824101,-0.3075623426146228,0.6158384251930635,-0.4820426798824101,-0.3075623426146228,0.6158384251930635,-0.4820426798824101,-0.3075623426146228,0.6158384251930635,-0.13085598064755344,-0.2359813632291101,-0.2662958158485814,-0.19611613513818404,-0.19300937626135234,-0.12168146174384352,-0.06715342778730747,-0.03352007615769955,0.5449249778098338,-0.13085598064755344,-0.2359813632291101,-0.2662958158485814,-0.19611613513818404,-0.19300937626135234,-0.12168146174384352,-0.06715342778730747,-0.03352007615769955,0.5449249778098338,-0.21680296415038888,1.9535138126504805,-1.175735064194511,-0.40583972495671383,-0.16278112867447064
1,0.0077757660985207505,-1.5661069258891576,-0.47454519624983954,-0.4736736092984604,-0.11646779040628442,0.5446511676720712,0.96425644365423,0.5370842201482933,-0.6244040257055189,0.0077757660985207505,-1.5661069258891576,-0.47454519624983954,-0.4736736092984604,-0.11646779040628442,0.5446511676720712,0.96425644365423,0.5370842201482933,-0.6244040257055189,-0.2716683047585221,-0.7810801611095564,-0.3760014818308347,-0.3895323082701867,-0.0975894540379981,0.34891861749820907,0.6064131035228717,0.36236885872706875,-0.4526357847089327,-1.4609134070857044,-0.4030649954631285,-0.4194008220350217,-0.4746027279775913,-0.8746533061339944,-0.5017365349980186,-0.4975534921199921,-0.7470324187216006,-0.2328872501475753,-0.28708333828187355,-0.32078666523533045,-0.39610534423349997,-0.38113017778990566,-0.3694246287326534,-0.2751579580367754,-0.2900883232983121,-0.2955781683826058,-0.3888554871521795,-0.41265547100857053,-0.2943754514063852,-0.3658086479243954,-0.16209288333514058,0.399931507946359,0.35434580885804934,0.002288931460544671,-0.33350317382815076,0.5449215208897721,1.1227307914744915,0.9574498946399291,-0.337529114616601,0.9989187709831968,1.1401173391344044,-0.22342026433344614,0.29322481827021163,-0.26058043793158214,-0.4271559153457235,-0.7376951317802901,0.7376951317802901,-0.4820426798824101,-0.3075623426146228,0.6158384251930635,-0.13085598064755344,-0.2359813632291101,-0.2662958158485814,-0.19611613513818404,-0.19300937626135234,-0.12168146174384352,-0.06715342778730747,-0.03352007615769955,0.5449249778098338,-0.21680296415038888,-0.5118980953829163,0.8505317485662419,-0.40583972495671383,-0.16278112867447064,0.8119223343984152,-0.1699069165076462,-0.2081478487327801,-0.6981970580620328,-0.7376951317802901,0.7376951317802901,-0.7376951317802901,0.7376951317802901,-0.7376951317802901,0.7376951317802901,-0.7376951317802901,0.7376951317802901,-0.4820426798824101,-0.3075623426146228,0.6158384251930635,-0.4820426798824101,-0.3075623426146228,0.6158384251930635,-0.4820426798824101,-0.3075623426146228,0.6158384251930635,-0.13085598064755344,-0.2359813632291101,-0.2662958158485814,-0.19611613513818404,-0.19300937626135234,-0.12168146174384352,-0.06715342778730747,-0.03352007615769955,0.5449249778098338,-0.13085598064755344,-0.2359813632291101,-0.2662958158485814,-0.19611613513818404,-0.19300937626135234,-0.12168146174384352,-0.06715342778730747,-0.03352007615769955,0.5449249778098338,-0.21680296415038888,-0.5118980953829163,0.8505317485662419,-0.40583972495671383,-0.16278112867447064
1,0.011663649147781126,0.8273772438659699,1.340131927606843,0.7676298785983874,-0.25738139055448933,0.5446511676720712,-1.3133832581875537,-1.5315413136505371,1.0462986376687076,0.011663649147781126,0.8273772438659699,1.340131927606843,0.7676298785983874,-0.25738139055448933,0.5446511676720712,-1.3133832581875537,-1.5315413136505371,1.0462986376687076,-0.2678825114216751,0.4420339816681133,1.180316240534347,0.6402090318974057,-0.2106592117945872,0.35240081156545466,-0.8431088718602463,-1.0679505131647973,0.779708817711997,0.8635041745453002,1.480488733335722,0.9889639986931354,0.12521433674302407,0.7925352191037062,-0.9255628795100984,-1.3511866656994136,1.3944313823577814,0.39306309640292114,0.7239492878412465,0.15994607993077492,1.4524203625197576,0.036734288740509366,-0.3694246287326534,0.5884818151407389,0.07498045644575013,-0.02536309048277139,0.9624460102277982,-0.07128042961738269,-0.2943754514063852,0.4785838528544551,-0.18031522180063347,0.13022550082644685,-0.5587213057024594,-0.5019144239909011,-0.12598656846697479,0.5449215208897721,-0.8376565205383595,-1.107608862589304,1.2777712102587122,-1.177626087863427,-1.086381470456385,-0.4001183608312462,-1.0507990843927357,-0.855906515359889,0.52576326485718,1.3555735383351193,-1.3555735383351195,2.0745051044939435,-0.3075623426146228,-1.6238025415294657,-0.13085598064755344,-0.2359813632291101,-0.2662958158485814,-0.19611613513818404,-0.19300937626135234,-0.12168146174384352,-0.06715342778730747,-0.03352007615769955,0.5449249778098338,-0.21680296415038888,1.9535138126504805,-1.175735064194511,-0.40583972495671383,-0.16278112867447064,-1.2316448970959013,-0.1699069165076462,-0.2081478487327801,1.4322604033532795,1.3555735383351193,-1.3555735383351195,1.3555735383351193,-1.3555735383351195,1.3555735383351193,-1.3555735383351195,1.3555735383351193,-1.3555735383351195,2.0745051044939435,-0.3075623426146228,-1.6238025415294657,2.0745051044939435,-0.3075623426146228,-1.6238025415294657,2.0745051044939435,-0.3075623426146228,-1.6238025415294657,-0.13085598064755344,-0.2359813632291101,-0.2662958158485814,-0.19611613513818404,-0.19300937626135234,-0.12168146174384352,-0.06715342778730747,-0.03352007615769955,0.5449249778098338,-0.13085598064755344,-0.2359813632291101,-0.2662958158485814,-0.19611613513818404,-0.19300937626135234,-0.12168146174384352,-0.06715342778730747,-0.03352007615769955,0.5449249778098338,-0.21680296415038888,1.9535138126504805,-1.175735064194511,-0.40583972495671383,-0.16278112867447064
1,0.015551532197041501,-1.5661069258891576,-0.47454519624983954,-0.4736736092984604,-0.03594573317873878,-1.747233654090395,0.96425644365423,1.5713969870477085,-0.6244040257055189,0.015551532197041501,-1.5661069258891576,-0.47454519624983954,-0.4736736092984604,-0.03594573317873878,-1.747233654090395,0.96425644365423,1.5713969870477085,-0.6244040257055189,-0.2640882770740436,-0.7783591062869142,-0.3760014818308347,-0.3895323082701867,-0.030407807786729885,-1.065841199337381,0.6143218836063661,1.0871065761812062,-0.4508073802543022,-1.4609134070857044,-0.4030649954631285,-0.4194008220350217,-0.3972069776910602,-1.6309715720209197,-0.5017365349980186,-0.07073690533028135,-0.7470324187216006,-0.2328872501475753,-0.28708333828187355,-0.32078666523533045,-0.39610534423349997,-0.38113017778990566,-0.3694246287326534,-0.2751579580367754,-0.2900883232983121,-0.2955781683826058,-0.3888554871521795,-0.41265547100857053,-0.2943754514063852,-0.3658086479243954,-0.1491347759819012,-0.4946808098376945,0.5162818454024083,0.3707452296750628,-0.31690184539925664,-1.8243260033503432,-1.050018544785101,-0.8204557217911562,-0.8260486080042697,0.9989187709831968,2.2533667439297993,-0.22342026433344614,1.973254696598896,0.0370826007825713,-0.4271559153457235,-0.7376951317802901,0.7376951317802901,-0.4820426798824101,-0.3075623426146228,0.6158384251930635,-0.13085598064755344,-0.2359813632291101,3.755222352305419,-0.19611613513818404,-0.19300937626135234,-0.12168146174384352,-0.06715342778730747,-0.03352007615769955,-1.8351149988007645,-0.21680296415038888,-0.5118980953829163,-1.175735064194511,-0.40583972495671383,6.1432182473669785,0.8119223343984152,-0.1699069165076462,-0.2081478487327801,-0.6981970580620328,-0.7376951317802901,0.7376951317802901,-0.7376951317802901,0.7376951317802901,-0.7376951317802901,0.7376951317802901,-0.7376951317802901,0.7376951317802901,-0.4820426798824101,-0.3075623426146228,0.6158384251930635,-0.4820426798824101,-0.3075623426146228,0.6158384251930635,-0.4820426798824101,-0.3075623426146228,0.6158384251930635,-0.13085598064755344,-0.2359813632291101,3.755222352305419,-0.19611613513818404,-0.19300937626135234,-0.12168146174384352,-0.06715342778730747,-0.03352007615769955,-1.8351149988007645,-0.13085598064755344,-0.2359813632291101,3.755222352305419,-0.19611613513818404,-0.19300937626135234,-0.12168146174384352,-0.06715342778730747,-0.03352007615769955,-1.8351149988007645,-0.21680296415038888,-0.5118980953829163,-1.175735064194511,-0.40583972495671383,6.1432182473669785
0,0.019439415246301876,-0.3693648410115938,0.4327933656785018,2.0089333664952354,-0.09633727609939802,0.5446511676720712,0.96425644365423,0.8818551424480984,1.0462986376687076,0.019439415246301876,-0.3693648410115938,0.4327933656785018,2.0089333664952354,-0.09633727609939802,0.5446511676720712,0.96425644365423,0.8818551424480984,1.0462986376687076,-0.26028560171562753,-0.1634007163697766,0.40562356581582115,1.6791240142936628,-0.078399880135773,0.35936519969994574,0.6182762736481133,0.6119297908019516,0.7870224355305189,-0.5892568139740777,0.2247862474698217,1.4584189389358544,0.0671675240281258,-0.04105904351514409,0.42799519961826915,0.6406240726525699,0.6157172728743697,-0.07639966350995119,0.7239492878412465,0.020786601066902312,0.5281575091431288,0.770770541893495,1.1170924095935137,0.15666192855198174,1.1701867956779368,0.47240152670113406,2.313747507607776,3.351533038490722,2.7007627058882715,1.3229763536333055,-0.15902690257745447,0.4384609375349179,0.3948298179941391,0.1089473335752736,0.0068240589641778175,0.5449215208897721,1.1227307914744915,1.3016263541781348,1.2777712102587122,0.9989187709831968,1.5112004740662026,1.7078589307214564,0.7785667831207204,1.92228184597221,0.52576326485718,-0.7376951317802901,0.7376951317802901,-0.4820426798824101,-0.3075623426146228,0.6158384251930635,-0.13085598064755344,-0.2359813632291101,-0.2662958158485814,-0.19611613513818404,-0.19300937626135234,-0.12168146174384352,-0.06715342778730747,-0.03352007615769955,0.5449249778098338,-0.21680296415038888,-0.5118980953829163,0.8505317485662419,-0.40583972495671383,-0.16278112867447064,-1.2316448970959013,-0.1699069165076462,-0.2081478487327801,1.4322604033532795,-0.7376951317802901,0.7376951317802901,-0.7376951317802901,0.7376951317802901,-0.7376951317802901,0.7376951317802901,-0.7376951317802901,0.7376951317802901,-0.4820426798824101,-0.3075623426146228,0.6158384251930635,-0.4820426798824101,-0.3075623426146228,0.6158384251930635,-0.4820426798824101,-0.3075623426146228,0.6158384251930635,-0.13085598064755344,-0.2359813632291101,-0.2662958158485814,-0.19611613513818404,-0.19300937626135234,-0.12168146174384352,-0.06715342778730747,-0.03352007615769955,0.5449249778098338,-0.13085598064755344,-0.2359813632291101,-0.2662958158485814,-0.19611613513818404,-0.19300937626135234,-0.12168146174384352,-0.06715342778730747,-0.03352007615769955,0.5449249778098338,-0.21680296415038888,-0.5118980953829163,0.8505317485662419,-0.40583972495671383,-0.16278112867447064
0,0.02332729829556225,0.8273772438659699,0.4327933656785018,-0.4736736092984604,-0.25738139055448933,0.5446511676720712,0.96425644365423,-0.497228546751122,-0.6244040257055189,0.02332729829556225,0.8273772438659699,0.4327933656785018,-0.4736736092984604,-0.25738139055448933,0.5446511676720712,0.96425644365423,-0.497228546751122,-0.6244040257055189,-0.25647448534642703,0.4542787283700032,0.4073566590478536,-0.3895323082701867,-0.2085915261378257,0.36284739376719133,0.6222306636898605,-0.34640547288006135,-0.4489789757996717,0.8635041745453002,0.5387118689362969,-0.4194008220350217,0.12521433674302407,0.7925352191037062,1.3577269342345568,-0.07073690533028135,-0.3576753639798948,-0.07639966350995119,-0.28708333828187355,-0.08042029265227776,0.5281575091431288,0.770770541893495,0.2676541019785611,-0.16720298638958608,-0.2900883232983121,-0.2955781683826058,-0.3888554871521795,-0.41265547100857053,-0.2943754514063852,-0.3658086479243954,-0.18031522180063347,0.13022550082644685,0.07095774490542116,-0.3176862748836421,-0.3625554985787154,0.5449215208897721,1.1227307914744915,-0.07507948397468743,-0.337529114616601,0.9989187709831968,0.026867934339009688,-0.22342026433344614,-0.714793108726999,-0.5582434766457356,-0.4271559153457235,-0.7376951317802901,0.7376951317802901,-0.4820426798824101,-0.3075623426146228,0.6158384251930635,-0.13085598064755344,-0.2359813632291101,-0.2662958158485814,-0.19611613513818404,-0.19300937626135234,-0.12168146174384352,-0.06715342778730747,-0.03352007615769955,0.5449249778098338,-0.21680296415038888,-0.5118980953829163,0.8505317485662419,-0.40583972495671383,-0.16278112867447064,-1.2316448970959013,-0.1699069165076462,-0.2081478487327801,1.4322604033532795,-0.7376951317802901,0.7376951317802901,-0.7376951317802901,0.7376951317802901,-0.7376951317802901,0.7376951317802901,-0.7376951317802901,0.7376951317802901,-0.4820426798824101,-0.3075623426146228,0.6158384251930635,-0.4820426798824101,-0.3075623426146228,0.6158384251930635,-0.4820426798824101,-0.3075623426146228,0.6158384251930635,-0.13085598064755344,-0.2359813632291101,-0.2662958158485814,-0.19611613513818404,-0.19300937626135234,-0.12168146174384352,-0.06715342778730747,-0.03352007615769955,0.5449249778098338,-0.13085598064755344,-0.2359813632291101,-0.2662958158485814,-0.19611613513818404,-0.19300937626135234,-0.12168146174384352,-0.06715342778730747,-0.03352007615769955,0.5449249778098338,-0.21680296415038888,-0.5118980953829163,0.8505317485662419,-0.40583972495671383,-0.16278112867447064
0,0.027215181344822627,-1.5661069258891576,-0.47454519624983954,-0.4736736092984604,-0.09633727609939802,-1.747233654090395,-1.1168810094012038,0.19231329784848822,-0.6244040257055189,0.027215181344822627,-1.5661069258891576,-0.47454519624983954,-0.4736736092984604,-0.09633727609939802,-1.747233654090395,-1.1168810094012038,0.19231329784848822,-0.6244040257055189,-0.252654927966442,-0.7742775240529509,-0.3760014818308347,-0.3895323082701867,-0.07644102003989368,-1.0648727785021115,-0.7137247842021807,0.13728511828426393,-0.4480647735723565,-1.4609134070857044,-0.4030649954631285,-0.4194008220350217,-0.4552537904059585,-1.6309715720209197,-1.1971699031058678,-0.6398256877165623,-0.7470324187216006,-0.2328872501475753,-0.28708333828187355,-0.32078666523533045,-0.39610534423349997,-0.38113017778990566,-0.3694246287326534,-0.2751579580367754,-0.2900883232983121,-0.2955781683826058,-0.3888554871521795,-0.41265547100857053,-0.2943754514063852,-0.3658086479243954,-0.15902690257745447,-0.5053960949895423,-0.4227782124236476,-0.06558459715791919,-0.3293528417209272,-1.8243260033503432,-1.2160718491425495,-0.9480793399236663,-0.8260486080042697,-1.1087392780725651,-0.6188048076611016,-0.7049484103449949,-0.1174491519879112,-0.3598014508363,-0.4271559153457235,-0.7376951317802901,0.7376951317802901,2.0745051044939435,-0.3075623426146228,-1.6238025415294657,-0.13085598064755344,-0.2359813632291101,3.755222352305419,-0.19611613513818404,-0.19300937626135234,-0.12168146174384352,-0.06715342778730747,-0.03352007615769955,-1.8351149988007645,-0.21680296415038888,-0.5118980953829163,0.8505317485662419,-0.40583972495671383,-0.16278112867447064,0.8119223343984152,-0.1699069165076462,-0.2081478487327801,-0.6981970580620328,-0.7376951317802901,0.7376951317802901,-0.7376951317802901,0.7376951317802901,-0.7376951317802901,0.7376951317802901,-0.7376951317802901,0.7376951317802901,2.0745051044939435,-0.3075623426146228,-1.6238025415294657,2.0745051044939435,-0.3075623426146228,-1.6238025415294657,2.0745051044939435,-0.3075623426146228,-1.6238025415294657,-0.13085598064755344,-0.2359813632291101,3.755222352305419,-0.19611613513818404,-0.19300937626135234,-0.12168146174384352,-0.06715342778730747,-0.03352007615769955,-1.8351149988007645,-0.13085598064755344,-0.2359813632291101,3.755222352305419,-0.19611613513818404,-0.19300937626135234,-0.12168146174384352,-0.06715342778730747,-0.03352007615769955,-1.8351149988007645,-0.21680296415038888,-0.5118980953829163,0.8505317485662419,-0.40583972495671383,-0.16278112867447064
1,0.031103064394083002,-1.5661069258891576,0.4327933656785018,-0.4736736092984604,1.1517546109275594,-1.747233654090395,-1.1168810094012038,1.5713969870477085,-0.0675031379141101,0.031103064394083002,-1.5661069258891576,0.4327933656785018,-0.4736736092984604,1.1517546109275594,-1.747233654090395,-1.1168810094012038,1.5713969870477085,-0.0675031379141101,-0.24882692957567248,-0.7729169966416298,0.4108228455119186,-0.3895323082701867,0.9456123725786171,-1.0645499715570217,-0.7127282525223182,1.1062626391976151,-0.03210276014392699,-1.4609134070857044,-0.0891393739966534,-0.4194008220350217,0.7443803390352721,-1.6309715720209197,-1.1971699031058678,-0.07073690533028135,-0.5523538913507477,-0.07639966350995119,-0.28708333828187355,0.8051400273905479,-0.31042417242146536,-0.09084380059842266,1.5418115634009901,-0.05924801474239681,-0.2900883232983121,-0.2955781683826058,-0.3888554871521795,-0.41265547100857053,-0.2943754514063852,-0.3658086479243954,0.25702090137119593,-0.2839468685180224,0.20976006194344313,2.0869758818847917,0.29734730646982416,-1.8243260033503432,-1.2160718491425495,-0.8204557217911562,-0.7761346597668339,-1.1087392780725651,-0.24474347742487473,-0.5427168246715761,1.973254696598896,0.9300717169250317,-0.23657207930514282,-0.7376951317802901,0.7376951317802901,2.0745051044939435,-0.3075623426146228,-1.6238025415294657,-0.13085598064755344,-0.2359813632291101,3.755222352305419,-0.19611613513818404,-0.19300937626135234,-0.12168146174384352,-0.06715342778730747,-0.03352007615769955,-1.8351149988007645,-0.21680296415038888,-0.5118980953829163,0.8505317485662419,-0.40583972495671383,-0.16278112867447064,-1.2316448970959013,-0.1699069165076462,-0.2081478487327801,1.4322604033532795,-0.7376951317802901,0.7376951317802901,-0.7376951317802901,0.7376951317802901,-0.7376951317802901,0.7376951317802901,-0.7376951317802901,0.7376951317802901,2.0745051044939435,-0.3075623426146228,-1.6238025415294657,2.0745051044939435,-0.3075623426146228,-1.6238025415294657,2.0745051044939435,-0.3075623426146228,-1.6238025415294657,-0.13085598064755344,-0.2359813632291101,3.755222352305419,-0.19611613513818404,-0.19300937626135234,-0.12168146174384352,-0.06715342778730747,-0.03352007615769955,-1.8351149988007645,-0.13085598064755344,-0.2359813632291101,3.755222352305419,-0.19611613513818404,-0.19300937626135234,-0.12168146174384352,-0.06715342778730747,-0.03352007615769955,-1.8351149988007645,-0.21680296415038888,-0.5118980953829163,0.8505317485662419,-0.40583972495671383,-0.16278112867447064
0,0.03499094744334338,0.8273772438659699,-0.47454519624983954,-0.4736736092984604,-0.4788170479302398,0.5446511676720712,0.96425644365423,0.5370842201482933,-0.6244040257055189,0.03499094744334338,0.8273772438659699,-0.47454519624983954,-0.4736736092984604,-0.4788170479302398,0.5446511676720712,0.96425644365423,0.5370842201482933,-0.6244040257055189,-0.24499049017411847,0.4665234750718931,-0.3760014818308347,-0.3895323082701867,-0.3880811512195077,0.373293975968928,0.6340938338151021,0.38471759891287916,-0.4462363691177261,0.8635041745453002,-0.4030649954631285,-0.4194008220350217,-0.5133006031208568,0.7925352191037062,1.3577269342345568,1.209712855038851,-0.3576753639798948,-0.2328872501475753,-0.28708333828187355,-0.32078666523533045,-0.39610534423349997,-0.38113017778990566,-0.3694246287326534,-0.2751579580367754,-0.2900883232983121,-0.2955781683826058,-0.3888554871521795,-0.41265547100857053,-0.2943754514063852,-0.3658086479243954,-0.1974962837823839,-0.29359822464770086,-0.374366355591566,-0.3467749300058409,-0.40820915175817407,0.5449215208897721,1.1227307914744915,0.9574498946399291,-0.337529114616601,0.9989187709831968,1.1401173391344044,-0.22342026433344614,0.29322481827021163,-0.26058043793158214,-0.4271559153457235,-0.7376951317802901,0.7376951317802901,-0.4820426798824101,-0.3075623426146228,0.6158384251930635,-0.13085598064755344,-0.2359813632291101,-0.2662958158485814,-0.19611613513818404,-0.19300937626135234,-0.12168146174384352,-0.06715342778730747,-0.03352007615769955,0.5449249778098338,-0.21680296415038888,-0.5118980953829163,0.8505317485662419,-0.40583972495671383,-0.16278112867447064,0.8119223343984152,-0.1699069165076462,-0.2081478487327801,-0.6981970580620328,-0.7376951317802901,0.7376951317802901,-0.7376951317802901,0.7376951317802901,-0.7376951317802901,0.7376951317802901,-0.7376951317802901,0.7376951317802901,-0.4820426798824101,-0.3075623426146228,0.6158384251930635,-0.4820426798824101,-0.3075623426146228,0.6158384251930635,-0.4820426798824101,-0.3075623426146228,0.6158384251930635,-0.13085598064755344,-0.2359813632291101,-0.2662958158485814,-0.19611613513818404,-0.19300937626135234,-0.12168146174384352,-0.06715342778730747,-0.03352007615769955,0.5449249778098338,-0.13085598064755344,-0.2359813632291101,-0.2662958158485814,-0.19611613513818404,-0.19300937626135234,-0.12168146174384352,-0.06715342778730747,-0.03352007615769955,0.5449249778098338,-0.21680296415038888,-0.5118980953829163,0.8505317485662419,-0.40583972495671383,-0.16278112867447064
1,0.03887883049260375,0.8273772438659699,-0.47454519624983954,-0.4736736092984604,-0.4989475622371262,0.5446511676720712,-1.1168810094012038,0.19231329784848822,-0.6244040257055189,0.03887883049260375,0.8273772438659699,-0.47454519624983954,-0.4736736092984604,-0.4989475622371262,0.5446511676720712,-1.1168810094012038,0.19231329784848822,-0.6244040257055189,-0.24114560976177996,0.47060505730585644,-0.3760014818308347,-0.3895323082701867,-0.4043324349779138,0.3767761700361736,-0.7107351891625933,0.14526681120776766,-0.4453221668904108,0.8635041745453002,-0.4030649954631285,-0.4194008220350217,-0.571347415835755,0.7925352191037062,-0.7285731700889909,0.7828962682491402,-0.3576753639798948,-0.2328872501475753,-0.28708333828187355,-0.32078666523533045,-0.39610534423349997,-0.38113017778990566,-0.3694246287326534,-0.2751579580367754,-0.2900883232983121,-0.2955781683826058,-0.3888554871521795,-0.41265547100857053,-0.2943754514063852,-0.3658086479243954,-0.19836401418550262,-0.33212765423625973,-0.626822817058193,-0.3887918762934614,-0.4123594838653976,0.5449215208897721,-0.6685250661686233,0.6132734351017236,-0.337529114616601,-1.1087392780725651,-0.6188048076611016,-0.7049484103449949,-0.1174491519879112,-0.3598014508363,-0.4271559153457235,-0.7376951317802901,0.7376951317802901,2.0745051044939435,-0.3075623426146228,-1.6238025415294657,-0.13085598064755344,-0.2359813632291101,-0.2662958158485814,-0.19611613513818404,-0.19300937626135234,-0.12168146174384352,-0.06715342778730747,-0.03352007615769955,0.5449249778098338,-0.21680296415038888,-0.5118980953829163,0.8505317485662419,-0.40583972495671383,-0.16278112867447064,0.8119223343984152,-0.1699069165076462,-0.2081478487327801,-0.6981970580620328,-0.7376951317802901,0.7376951317802901,-0.7376951317802901,0.7376951317802901,-0.7376951317802901,0.7376951317802901,-0.7376951317802901,0.7376951317802901,2.0745051044939435,-0.3075623426146228,-1.6238025415294657,2.0745051044939435,-0.3075623426146228,-1.6238025415294657,2.0745051044939435,-0.3075623426146228,-1.6238025415294657,-0.13085598064755344,-0.2359813632291101,-0.2662958158485814,-0.19611613513818404,-0.19300937626135234,-0.12168146174384352,-0.06715342778730747,-0.03352007615769955,0.5449249778098338,-0.13085598064755344,-0.2359813632291101,-0.2662958158485814,-0.19611613513818404,-0.19300937626135234,-0.12168146174384352,-0.06715342778730747,-0.03352007615769955,0.5449249778098338,-0.21680296415038888,-0.5118980953829163,0.8505317485662419,-0.40583972495671383,-0.16278112867447064
0,0.04276671354186413,-1.5661069258891576,-0.47454519624983954,-0.4736736092984604,-0.11646779040628442,-1.8792661492571456,0.96425644365423,1.5713969870477085,-0.6244040257055189,0.04276671354186413,-1.5661069258891576,-0.47454519624983954,-0.4736736092984604,-0.11646779040628442,-1.8792661492571456,0.96425644365423,1.5713969870477085,-0.6244040257055189,-0.23729228833865693,-0.7688354144076665,-0.3760014818308347,-0.3895323082701867,-0.08910106028918775,-1.1467592849453763,0.6420026138985965,1.120629686459922,-0.4444079646630956,-1.4609134070857044,-0.4030649954631285,-0.4194008220350217,-0.4746027279775913,-1.6745420808165796,-0.5017365349980186,-0.07073690533028135,-0.7470324187216006,-0.2328872501475753,-0.28708333828187355,-0.32078666523533045,-0.39610534423349997,-0.38113017778990566,-0.3694246287326534,-0.2751579580367754,-0.2900883232983121,-0.2955781683826058,-0.3888554871521795,-0.41265547100857053,-0.2943754514063852,-0.3658086479243954,-0.16209288333514058,-0.5613283635835844,0.35434580885804934,0.2543906091862676,-0.33350317382815076,-1.8409560124108695,-1.1751878000261426,-0.9823612160709629,-0.8541915788189941,0.9989187709831968,2.2533667439297993,-0.22342026433344614,1.973254696598896,0.0370826007825713,-0.4271559153457235,-0.7376951317802901,0.7376951317802901,-0.4820426798824101,-0.3075623426146228,0.6158384251930635,-0.13085598064755344,-0.2359813632291101,-0.2662958158485814,-0.19611613513818404,5.181095444015676,-0.12168146174384352,-0.06715342778730747,-0.03352007615769955,-1.8351149988007645,-0.21680296415038888,-0.5118980953829163,0.8505317485662419,-0.40583972495671383,-0.16278112867447064,0.8119223343984152,-0.1699069165076462,-0.2081478487327801,-0.6981970580620328,-0.7376951317802901,0.7376951317802901,-0.7376951317802901,0.7376951317802901,-0.7376951317802901,0.7376951317802901,-0.7376951317802901,0.7376951317802901,-0.4820426798824101,-0.3075623426146228,0.6158384251930635,-0.4820426798824101,-0.3075623426146228,0.6158384251930635,-0.4820426798824101,-0.3075623426146228,0.6158384251930635,-0.13085598064755344,-0.2359813632291101,-0.2662958158485814,-0.19611613513818404,5.181095444015676,-0.12168146174384352,-0.06715342778730747,-0.03352007615769955,-1.8351149988007645,-0.13085598064755344,-0.2359813632291101,-0.2662958158485814,-0.19611613513818404,5.181095444015676,-0.12168146174384352,-0.06715342778730747,-0.03352007615769955,-1.8351149988007645,-0.21680296415038888,-0.5118980953829163,0.8505317485662419,-0.40583972495671383,-0.16278112867447064
1,0.0466545965911245,-1.5661069258891576,0.4327933656785018,-0.4736736092984604,0.38679506726587587,-1.8668102534866975,-0.5095104222433947,1.2266260647479035,-0.0675031379141101,0.0466545965911245,-1.5661069258891576,0.4327933656785018,-0.4736736092984604,0.38679506726587587,-1.8668102534866975,-0.5095104222433947,1.2266260647479035,-0.0675031379141101,-0.23343052590474944,-0.7674748869963454,0.4177552184400486,-0.3895323082701867,0.3271929852721265,-1.1387543595304361,-0.3133792896546348,0.8817110116163773,-0.024789142325405154,-1.4609134070857044,-0.0891393739966534,-0.4194008220350217,0.009120711313227545,-1.6704316554584984,-0.9942108085507874,-0.2130091009268516,-0.5523538913507477,-0.07639966350995119,-0.28708333828187355,0.32440728222444254,-0.35417626015527026,0.16061446244642888,1.3294519864972518,-0.05924801474239681,-0.2900883232983121,-0.2955781683826058,-0.3888554871521795,-0.41265547100857053,-0.2943754514063852,-0.3658086479243954,-0.05073414826823957,-0.5126916082844173,0.27279294936239507,0.816771274882111,-0.018077933679163296,-1.8399449636419904,-1.2209241053195545,-0.9827006405872728,-0.8271106069029386,-0.7538678336953983,0.3097964882597226,-0.26165318579788244,1.3385767425636153,0.7316296911155961,-0.23657207930514282,1.3555735383351193,-1.3555735383351195,-0.4820426798824101,-0.3075623426146228,0.6158384251930635,-0.13085598064755344,-0.2359813632291101,-0.2662958158485814,5.099019513592785,-0.19300937626135234,-0.12168146174384352,-0.06715342778730747,-0.03352007615769955,-1.8351149988007645,-0.21680296415038888,-0.5118980953829163,-1.175735064194511,2.4640269015229057,-0.16278112867447064,-1.2316448970959013,-0.1699069165076462,-0.2081478487327801,1.4322604033532795,1.3555735383351193,-1.3555735383351195,1.3555735383351193,-1.3555735383351195,1.3555735383351193,-1.3555735383351195,1.3555735383351193,-1.3555735383351195,-0.4820426798824101,-0.3075623426146228,0.6158384251930635,-0.4820426798824101,-0.3075623426146228,0.6158384251930635,-0.4820426798824101,-0.3075623426146228,0.6158384251930635,-0.13085598064755344,-0.2359813632291101,-0.2662958158485814,5.099019513592785,-0.19300937626135234,-0.12168146174384352,-0.06715342778730747,-0.03352007615769955,-1.8351149988007645,-0.13085598064755344,-0.2359813632291101,-0.2662958158485814,5.099019513592785,-0.19300937626135234,-0.12168146174384352,-0.06715342778730747,-0.03352007615769955,-1.8351149988007645,-0.21680296415038888,-0.5118980953829163,-1.175735064194511,2.4640269015229057,-0.16278112867447064
1,0.05054247964038488,-0.3693648410115938,-0.47454519624983954,-0.4736736092984604,-0.438556019316467,0.5446511676720712,-0.5095104222433947,1.5713969870477085,-0.6244040257055189,0.05054247964038488,-0.3693648410115938,-0.47454519624983954,-0.4736736092984604,-0.438556019316467,0.5446511676720712,-0.5095104222433947,1.5713969870477085,-0.6244040257055189,-0.22956032246005742,-0.141632277788639,-0.3760014818308347,-0.3895323082701867,-0.35361972360681615,0.38722275223791025,-0.3115195203412609,1.1302077179681262,-0.4425795602084651,-0.5892568139740777,-0.4030649954631285,-0.4194008220350217,-0.5906963534073878,-0.04105904351514409,-0.5569533474872684,1.209712855038851,-0.5523538913507477,-0.2328872501475753,-0.28708333828187355,-0.32078666523533045,-0.39610534423349997,-0.38113017778990566,-0.3694246287326534,-0.2751579580367754,-0.2900883232983121,-0.2955781683826058,-0.3888554871521795,-0.41265547100857053,-0.2943754514063852,-0.3658086479243954,-0.19541373081489902,-0.21653936547058308,-0.5078401192601508,-0.2110278727689132,-0.39990848754372704,0.5449215208897721,-0.14575511629852972,1.9899792732545456,-0.337529114616601,-0.7538678336953983,0.48431873309923607,-0.564416590908148,1.973254696598896,0.0370826007825713,-0.4271559153457235,1.3555735383351193,-1.3555735383351195,-0.4820426798824101,-0.3075623426146228,0.6158384251930635,-0.13085598064755344,-0.2359813632291101,-0.2662958158485814,-0.19611613513818404,-0.19300937626135234,-0.12168146174384352,-0.06715342778730747,-0.03352007615769955,0.5449249778098338,-0.21680296415038888,1.9535138126504805,-1.175735064194511,-0.40583972495671383,-0.16278112867447064,0.8119223343984152,-0.1699069165076462,-0.2081478487327801,-0.6981970580620328,1.3555735383351193,-1.3555735383351195,1.3555735383351193,-1.3555735383351195,1.3555735383351193,-1.3555735383351195,1.3555735383351193,-1.3555735383351195,-0.4820426798824101,-0.3075623426146228,0.6158384251930635,-0.4820426798824101,-0.3075623426146228,0.6158384251930635,-0.4820426798824101,-0.3075623426146228,0.6158384251930635,-0.13085598064755344,-0.2359813632291101,-0.2662958158485814,-0.19611613513818404,-0.19300937626135234,-0.12168146174384352,-0.06715342778730747,-0.03352007615769955,0.5449249778098338,-0.13085598064755344,-0.2359813632291101,-0.2662958158485814,-0.19611613513818404,-0.19300937626135234,-0.12168146174384352,-0.06715342778730747,-0.03352007615769955,0.5449249778098338,-0.21680296415038888,1.9535138126504805,-1.175735064194511,-0.40583972495671383,-0.16278112867447064
0,0.054430362689645254,0.8273772438659699,-0.47454519624983954,-0.4736736092984604,-0.4989475622371262,0.5446511676720712,-1.5366812681720423,0.5370842201482933,-0.6244040257055189,0.054430362689645254,0.8273772438659699,-0.47454519624983954,-0.4736736092984604,-0.4989475622371262,0.5446511676720712,-1.5366812681720423,0.5370842201482933,-0.6244040257055189,-0.22568167800458092,0.4869313862417097,-0.3760014818308347,-0.3895323082701867,-0.40331672974301347,0.3907049463051558,-0.981207851215453,0.4006809847598866,-0.4416653579811499,0.8635041745453002,-0.4030649954631285,-0.4194008220350217,-0.571347415835755,0.7925352191037062,-1.1494148220340843,1.209712855038851,-0.3576753639798948,-0.2328872501475753,-0.28708333828187355,-0.32078666523533045,-0.39610534423349997,-0.38113017778990566,-0.3694246287326534,-0.2751579580367754,-0.2900883232983121,-0.2955781683826058,-0.3888554871521795,-0.41265547100857053,-0.2943754514063852,-0.3658086479243954,-0.19836401418550262,-0.33212765423625973,-0.6695812087300181,-0.36616736675397343,-0.4123594838653976,0.5449215208897721,-1.0298513550494233,0.9574498946399291,-0.337529114616601,-1.2286533543751765,-0.8612299054415861,-0.8020806973086978,0.29322481827021163,-0.26058043793158214,-0.4271559153457235,-0.7376951317802901,0.7376951317802901,-0.4820426798824101,3.2513733362117265,-1.6238025415294657,-0.13085598064755344,-0.2359813632291101,-0.2662958158485814,-0.19611613513818404,-0.19300937626135234,-0.12168146174384352,-0.06715342778730747,-0.03352007615769955,0.5449249778098338,-0.21680296415038888,-0.5118980953829163,0.8505317485662419,-0.40583972495671383,-0.16278112867447064,0.8119223343984152,-0.1699069165076462,-0.2081478487327801,-0.6981970580620328,-0.7376951317802901,0.7376951317802901,-0.7376951317802901,0.7376951317802901,-0.7376951317802901,0.7376951317802901,-0.7376951317802901,0.7376951317802901,-0.4820426798824101,3.2513733362117265,-1.6238025415294657,-0.4820426798824101,3.2513733362117265,-1.6238025415294657,-0.4820426798824101,3.2513733362117265,-1.6238025415294657,-0.13085598064755344,-0.2359813632291101,-0.2662958158485814,-0.19611613513818404,-0.19300937626135234,-0.12168146174384352,-0.06715342778730747,-0.03352007615769955,0.5449249778098338,-0.13085598064755344,-0.2359813632291101,-0.2662958158485814,-0.19611613513818404,-0.19300937626135234,-0.12168146174384352,-0.06715342778730747,-0.03352007615769955,0.5449249778098338,-0.21680296415038888,-0.5118980953829163,0.8505317485662419,-0.40583972495671383,-0.16278112867447064
1,0.05831824573890563,-1.5661069258891576,-0.47454519624983954,-0.4736736092984604,-0.11646779040628442,-1.8792661492571456,0.96425644365423,1.2266260647479035,-0.6244040257055189,0.05831824573890563,-1.5661069258891576,-0.47454519624983954,-0.4736736092984604,-0.11646779040628442,-1.8792661492571456,0.96425644365423,1.2266260647479035,-0.6244040257055189,-0.22179459253831993,-0.7633933047623821,-0.3760014818308347,-0.3895323082701867,-0.08532844084527204,-1.1461960898496877,0.6578201740655852,0.8944817202939832,-0.44075115575383467,-1.4609134070857044,-0.4030649954631285,-0.4194008220350217,-0.4746027279775913,-1.6745420808165796,-0.5017365349980186,-0.2130091009268516,-0.7470324187216006,-0.2328872501475753,-0.28708333828187355,-0.32078666523533045,-0.39610534423349997,-0.38113017778990566,-0.3694246287326534,-0.2751579580367754,-0.2900883232983121,-0.2955781683826058,-0.3888554871521795,-0.41265547100857053,-0.2943754514063852,-0.3658086479243954,-0.16209288333514058,-0.5613283635835844,0.35434580885804934,0.1703567166110266,-0.33350317382815076,-1.8409560124108695,-1.1751878000261426,-0.9962776212396675,-0.8541915788189941,0.9989187709831968,1.8822836089980008,-0.22342026433344614,1.3385767425636153,-0.06213841212214652,-0.4271559153457235,-0.7376951317802901,0.7376951317802901,-0.4820426798824101,-0.3075623426146228,0.6158384251930635,-0.13085598064755344,-0.2359813632291101,-0.2662958158485814,-0.19611613513818404,5.181095444015676,-0.12168146174384352,-0.06715342778730747,-0.03352007615769955,-1.8351149988007645,-0.21680296415038888,-0.5118980953829163,0.8505317485662419,-0.40583972495671383,-0.16278112867447064,0.8119223343984152,-0.1699069165076462,-0.2081478487327801,-0.6981970580620328,-0.7376951317802901,0.7376951317802901,-0.7376951317802901,0.7376951317802901,-0.7376951317802901,0.7376951317802901,-0.7376951317802901,0.7376951317802901,-0.4820426798824101,-0.3075623426146228,0.6158384251930635,-0.4820426798824101,-0.3075623426146228,0.6158384251930635,-0.4820426798824101,-0.3075623426146228,0.6158384251930635,-0.13085598064755344,-0.2359813632291101,-0.2662958158485814,-0.19611613513818404,5.181095444015676,-0.12168146174384352,-0.06715342778730747,-0.03352007615769955,-1.8351149988007645,-0.13085598064755344,-0.2359813632291101,-0.2662958158485814,-0.19611613513818404,5.181095444015676,-0.12168146174384352,-0.06715342778730747,-0.03352007615769955,-1.8351149988007645,-0.21680296415038888,-0.5118980953829163,0.8505317485662419,-0.40583972495671383,-0.16278112867447064
0,0.062206128788166004,0.8273772438659699,-0.47454519624983954,-0.4736736092984604,-0.4788170479302398,0.5446511676720712,0.96425644365423,0.5370842201482933,-0.6244040257055189,0.062206128788166004,0.8273772438659699,-0.47454519624983954,-0.4736736092984604,-0.4788170479302398,0.5446511676720712,0.96425644365423,0.5370842201482933,-0.6244040257055189,-0.21789906606127443,0.49509455070963626,-0.3760014818308347,-0.3895323082701867,-0.38604974074970694,0.3976693344396469,0.6617745641073325,0.40706633909868956,-0.43983695352651947,0.8635041745453002,-0.4030649954631285,-0.4194008220350217,-0.5133006031208568,0.7925352191037062,1.3577269342345568,1.209712855038851,-0.3576753639798948,-0.2328872501475753,-0.28708333828187355,-0.32078666523533045,-0.39610534423349997,-0.38113017778990566,-0.3694246287326534,-0.2751579580367754,-0.2900883232983121,-0.2955781683826058,-0.3888554871521795,-0.41265547100857053,-0.2943754514063852,-0.3658086479243954,-0.1974962837823839,-0.29359822464770086,-0.374366355591566,-0.3467749300058409,-0.40820915175817407,0.5449215208897721,1.1227307914744915,0.9574498946399291,-0.337529114616601,0.9989187709831968,1.1401173391344044,-0.22342026433344614,0.29322481827021163,-0.26058043793158214,-0.4271559153457235,-0.7376951317802901,0.7376951317802901,-0.4820426798824101,-0.3075623426146228,0.6158384251930635,-0.13085598064755344,-0.2359813632291101,-0.2662958158485814,-0.19611613513818404,-0.19300937626135234,-0.12168146174384352,-0.06715342778730747,-0.03352007615769955,0.5449249778098338,-0.21680296415038888,-0.5118980953829163,0.8505317485662419,-0.40583972495671383,-0.16278112867447064,0.8119223343984152,-0.1699069165076462,-0.2081478487327801,-0.6981970580620328,-0.7376951317802901,0.7376951317802901,-0.7376951317802901,0.7376951317802901,-0.7376951317802901,0.7376951317802901,-0.7376951317802901,0.7376951317802901,-0.4820426798824101,-0.3075623426146228,0.6158384251930635,-0.4820426798824101,-0.3075623426146228,0.6158384251930635,-0.4820426798824101,-0.3075623426146228,0.6158384251930635,-0.13085598064755344,-0.2359813632291101,-0.2662958158485814,-0.19611613513818404,-0.19300937626135234,-0.12168146174384352,-0.06715342778730747,-0.03352007615769955,0.5449249778098338,-0.13085598064755344,-0.2359813632291101,-0.2662958158485814,-0.19611613513818404,-0.19300937626135234,-0.12168146174384352,-0.06715342778730747,-0.03352007615769955,0.5449249778098338,-0.21680296415038888,-0.5118980953829163,0.8505317485662419,-0.40583972495671383,-0.16278112867447064
0,0.06609401183742639,-1.5661069258891576,-0.47454519624983954,-0.4736736092984604,0.1250983812763525,-1.8792661492571456,0.96425644365423,1.2266260647479035,-0.6244040257055189,0.06609401183742639,-1.5661069258891576,-0.47454519624983954,-0.4736736092984604,0.1250983812763525,-1.8792661492571456,0.96425644365423,1.2266260647479035,-0.6244040257055189,-0.21399509857344445,-0.7606722499397399,-0.3760014818308347,-0.3895323082701867,0.11810280763049044,-1.1459144923018434,0.6657289541490796,0.9029955260790539,-0.4389227512992042,-1.4609134070857044,-0.4030649954631285,-0.4194008220350217,-0.24241547711799824,-1.6745420808165796,-0.5017365349980186,-0.2130091009268516,-0.7470324187216006,-0.2328872501475753,-0.28708333828187355,-0.32078666523533045,-0.39610534423349997,-0.38113017778990566,-0.3694246287326534,-0.2751579580367754,-0.2900883232983121,-0.2955781683826058,-0.3888554871521795,-0.41265547100857053,-0.2943754514063852,-0.3658086479243954,-0.11766508669546266,-0.542633610765467,0.8401539184911263,0.4806357045811471,-0.2836991885414685,-1.8409560124108695,-1.1751878000261426,-0.9962776212396675,-0.8541915788189941,0.9989187709831968,1.8822836089980008,-0.22342026433344614,1.3385767425636153,-0.06213841212214652,-0.4271559153457235,-0.7376951317802901,0.7376951317802901,-0.4820426798824101,-0.3075623426146228,0.6158384251930635,-0.13085598064755344,-0.2359813632291101,-0.2662958158485814,-0.19611613513818404,5.181095444015676,-0.12168146174384352,-0.06715342778730747,-0.03352007615769955,-1.8351149988007645,-0.21680296415038888,-0.5118980953829163,0.8505317485662419,-0.40583972495671383,-0.16278112867447064,0.8119223343984152,-0.1699069165076462,-0.2081478487327801,-0.6981970580620328,-0.7376951317802901,0.7376951317802901,-0.7376951317802901,0.7376951317802901,-0.7376951317802901,0.7376951317802901,-0.7376951317802901,0.7376951317802901,-0.4820426798824101,-0.3075623426146228,0.6158384251930635,-0.4820426798824101,-0.3075623426146228,0.6158384251930635,-0.4820426798824101,-0.3075623426146228,0.6158384251930635,-0.13085598064755344,-0.2359813632291101,-0.2662958158485814,-0.19611613513818404,5.181095444015676,-0.12168146174384352,-0.06715342778730747,-0.03352007615769955,-1.8351149988007645,-0.13085598064755344,-0.2359813632291101,-0.2662958158485814,-0.19611613513818404,5.181095444015676,-0.12168146174384352,-0.06715342778730747,-0.03352007615769955,-1.8351149988007645,-0.21680296415038888,-0.5118980953829163,0.8505317485662419,-0.40583972495671383,-0.16278112867447064
0,0.06998189488668675,-0.3693648410115938,-0.47454519624983954,-0.4736736092984604,-0.37816447639580775,0.5446511676720712,0.96425644365423,1.2266260647479035,-0.6244040257055189,0.06998189488668675,-0.3693648410115938,-0.47454519624983954,-0.4736736092984604,-0.37816447639580775,0.5446511676720712,0.96425644365423,1.2266260647479035,-0.6244040257055189,-0.21008269007482994,-0.12802700367542796,-0.3760014818308347,-0.3895323082701867,-0.3013109040094464,0.40463372257413804,0.6696833441908269,0.9072524289715892,-0.43800854907188896,-0.5892568139740777,-0.4030649954631285,-0.4194008220350217,-0.4746027279775913,-0.04105904351514409,0.42799519961826915,0.9251684638457104,-0.5523538913507477,-0.2328872501475753,-0.28708333828187355,-0.32078666523533045,-0.39610534423349997,-0.38113017778990566,-0.3694246287326534,-0.2751579580367754,-0.2900883232983121,-0.2955781683826058,-0.3888554871521795,-0.41265547100857053,-0.2943754514063852,-0.3658086479243954,-0.19142217096055295,-0.10095107670490644,-0.17194630991111728,-0.16577885368993728,-0.38745749122205647,0.5449215208897721,1.1227307914744915,1.64580281371634,-0.337529114616601,0.9989187709831968,1.8822836089980008,-0.22342026433344614,1.3385767425636153,-0.06213841212214652,-0.4271559153457235,-0.7376951317802901,0.7376951317802901,-0.4820426798824101,-0.3075623426146228,0.6158384251930635,-0.13085598064755344,-0.2359813632291101,-0.2662958158485814,-0.19611613513818404,-0.19300937626135234,-0.12168146174384352,-0.06715342778730747,-0.03352007615769955,0.5449249778098338,-0.21680296415038888,-0.5118980953829163,0.8505317485662419,-0.40583972495671383,-0.16278112867447064,0.8119223343984152,-0.1699069165076462,-0.2081478487327801,-0.6981970580620328,-0.7376951317802901,0.7376951317802901,-0.7376951317802901,0.7376951317802901,-0.7376951317802901,0.7376951317802901,-0.7376951317802901,0.7376951317802901,-0.4820426798824101,-0.3075623426146228,0.6158384251930635,-0.4820426798824101,-0.3075623426146228,0.6158384251930635,-0.4820426798824101,-0.3075623426146228,0.6158384251930635,-0.13085598064755344,-0.2359813632291101,-0.2662958158485814,-0.19611613513818404,-0.19300937626135234,-0.12168146174384352,-0.06715342778730747,-0.03352007615769955,0.5449249778098338,-0.13085598064755344,-0.2359813632291101,-0.2662958158485814,-0.19611613513818404,-0.19300937626135234,-0.12168146174384352,-0.06715342778730747,-0.03352007615769955,0.5449249778098338,-0.21680296415038888,-0.5118980953829163,0.8505317485662419,-0.40583972495671383,-0.16278112867447064
0,0.07386977793594714,0.8273772438659699,-0.47454519624983954,-0.4736736092984604,-0.4788170479302398,0.5446511676720712,0.96425644365423,-0.841999469050927,-0.6244040257055189,0.07386977793594714,0.8273772438659699,-0.47454519624983954,-0.4736736092984604,-0.4788170479302398,0.5446511676720712,0.96425644365423,-0.841999469050927,-0.6244040257055189,-0.20616184056543096,0.5073392974115262,-0.3760014818308347,-0.3895323082701867,-0.3851791362626495,0.40811591664138364,0.673637734232574,-0.5730855519075669,-0.43709434684457377,0.8635041745453002,-0.4030649954631285,-0.4194008220350217,-0.5133006031208568,0.7925352191037062,1.3577269342345568,-0.4975534921199921,-0.3576753639798948,-0.2328872501475753,-0.28708333828187355,-0.32078666523533045,-0.39610534423349997,-0.38113017778990566,-0.3694246287326534,-0.2751579580367754,-0.2900883232983121,-0.2955781683826058,-0.3888554871521795,-0.41265547100857053,-0.2943754514063852,-0.3658086479243954,-0.1974962837823839,-0.29359822464770086,-0.374366355591566,-0.4502012593292144,-0.40820915175817407,0.5449215208897721,1.1227307914744915,-0.41925594351289297,-0.337529114616601,0.9989187709831968,-0.34421520059278854,-0.22342026433344614,-0.9014630952079639,-0.6574644895504534,-0.4271559153457235,-0.7376951317802901,0.7376951317802901,-0.4820426798824101,-0.3075623426146228,0.6158384251930635,-0.13085598064755344,-0.2359813632291101,-0.2662958158485814,-0.19611613513818404,-0.19300937626135234,-0.12168146174384352,-0.06715342778730747,-0.03352007615769955,0.5449249778098338,-0.21680296415038888,-0.5118980953829163,0.8505317485662419,-0.40583972495671383,-0.16278112867447064,0.8119223343984152,-0.1699069165076462,-0.2081478487327801,-0.6981970580620328,-0.7376951317802901,0.7376951317802901,-0.7376951317802901,0.7376951317802901,-0.7376951317802901,0.7376951317802901,-0.7376951317802901,0.7376951317802901,-0.4820426798824101,-0.3075623426146228,0.6158384251930635,-0.4820426798824101,-0.3075623426146228,0.6158384251930635,-0.4820426798824101,-0.3075623426146228,0.6158384251930635,-0.13085598064755344,-0.2359813632291101,-0.2662958158485814,-0.19611613513818404,-0.19300937626135234,-0.12168146174384352,-0.06715342778730747,-0.03352007615769955,0.5449249778098338,-0.13085598064755344,-0.2359813632291101,-0.2662958158485814,-0.19611613513818404,-0.19300937626135234,-0.12168146174384352,-0.06715342778730747,-0.03352007615769955,0.5449249778098338,-0.21680296415038888,-0.5118980953829163,0.8505317485662419,-0.40583972495671383,-0.16278112867447064
0,0.0777576609852075,0.8273772438659699,-0.47454519624983954,-0.4736736092984604,-0.4989475622371262,0.5446511676720712,0.96425644365423,0.8818551424480984,-0.6244040257055189,0.0777576609852075,0.8273772438659699,-0.47454519624983954,-0.4736736092984604,-0.4989475622371262,0.5446511676720712,0.96425644365423,0.8818551424480984,-0.6244040257055189,-0.20223255004524748,0.5114208796454894,-0.3760014818308347,-0.3895323082701867,-0.4017931718906629,0.4115981107086292,0.6775921242743213,0.6678016412664777,-0.4361801446172585,0.8635041745453002,-0.4030649954631285,-0.4194008220350217,-0.571347415835755,0.7925352191037062,1.3577269342345568,1.6365294418285616,-0.3576753639798948,-0.2328872501475753,-0.28708333828187355,-0.32078666523533045,-0.39610534423349997,-0.38113017778990566,-0.3694246287326534,-0.2751579580367754,-0.2900883232983121,-0.2955781683826058,-0.3888554871521795,-0.41265547100857053,-0.2943754514063852,-0.3658086479243954,-0.19836401418550262,-0.33212765423625973,-0.41485036472765574,-0.34354285721448546,-0.4123594838653976,0.5449215208897721,1.1227307914744915,1.3016263541781348,-0.337529114616601,0.9989187709831968,1.5112004740662026,-0.22342026433344614,0.7785667831207204,-0.16135942502686434,-0.4271559153457235,-0.7376951317802901,0.7376951317802901,-0.4820426798824101,-0.3075623426146228,0.6158384251930635,-0.13085598064755344,-0.2359813632291101,-0.2662958158485814,-0.19611613513818404,-0.19300937626135234,-0.12168146174384352,-0.06715342778730747,-0.03352007615769955,0.5449249778098338,-0.21680296415038888,-0.5118980953829163,0.8505317485662419,-0.40583972495671383,-0.16278112867447064,0.8119223343984152,-0.1699069165076462,-0.2081478487327801,-0.6981970580620328,-0.7376951317802901,0.7376951317802901,-0.7376951317802901,0.7376951317802901,-0.7376951317802901,0.7376951317802901,-0.7376951317802901,0.7376951317802901,-0.4820426798824101,-0.3075623426146228,0.6158384251930635,-0.4820426798824101,-0.3075623426146228,0.6158384251930635,-0.4820426798824101,-0.3075623426146228,0.6158384251930635,-0.13085598064755344,-0.2359813632291101,-0.2662958158485814,-0.19611613513818404,-0.19300937626135234,-0.12168146174384352,-0.06715342778730747,-0.03352007615769955,0.5449249778098338,-0.13085598064755344,-0.2359813632291101,-0.2662958158485814,-0.19611613513818404,-0.19300937626135234,-0.12168146174384352,-0.06715342778730747,-0.03352007615769955,0.5449249778098338,-0.21680296415038888,-0.5118980953829163,0.8505317485662419,-0.40583972495671383,-0.16278112867447064
0,0.08164554403446789,-0.3693648410115938,-0.47454519624983954,-0.4736736092984604,-0.6398611623853311,0.5446511676720712,0.96425644365423,-0.497228546751122,0.48939774987729867,0.08164554403446789,-0.3693648410115938,-0.47454519624983954,-0.4736736092984604,-0.6398611623853311,0.5446511676720712,0.96425644365423,-0.497228546751122,0.48939774987729867,-0.1982948185142795,-0.11986383920750136,-0.3760014818308347,-0.3895323082701867,-0.5201228317565575,0.41508030477587476,0.6815465143160685,-0.3224603941095502,0.41859893792248126,-0.5892568139740777,-0.4030649954631285,-0.4194008220350217,-0.9776751048400428,-0.04105904351514409,0.42799519961826915,-0.4975534921199921,0.2263602181326639,-0.2328872501475753,-0.28708333828187355,-0.32078666523533045,-0.39610534423349997,-0.38113017778990566,-0.3694246287326534,-0.2751579580367754,-0.2900883232983121,-0.2955781683826058,-0.3888554871521795,-0.41265547100857053,-0.2943754514063852,-0.3658086479243954,-0.20119860016902374,-0.6018336613561719,-0.698238428680284,-0.5019144239909011,-0.44141180861596224,0.5449215208897721,1.1227307914744915,-0.07507948397468743,0.7393377686336078,0.9989187709831968,0.026867934339009688,1.0640991990364888,-0.714793108726999,0.0370826007825713,0.08106764742915833,-0.7376951317802901,0.7376951317802901,-0.4820426798824101,-0.3075623426146228,0.6158384251930635,-0.13085598064755344,-0.2359813632291101,-0.2662958158485814,-0.19611613513818404,-0.19300937626135234,-0.12168146174384352,-0.06715342778730747,-0.03352007615769955,0.5449249778098338,-0.21680296415038888,-0.5118980953829163,0.8505317485662419,-0.40583972495671383,-0.16278112867447064,0.8119223343984152,-0.1699069165076462,-0.2081478487327801,-0.6981970580620328,-0.7376951317802901,0.7376951317802901,-0.7376951317802901,0.7376951317802901,-0.7376951317802901,0.7376951317802901,-0.7376951317802901,0.7376951317802901,-0.4820426798824101,-0.3075623426146228,0.6158384251930635,-0.4820426798824101,-0.3075623426146228,0.6158384251930635,-0.4820426798824101,-0.3075623426146228,0.6158384251930635,-0.13085598064755344,-0.2359813632291101,-0.2662958158485814,-0.19611613513818404,-0.19300937626135234,-0.12168146174384352,-0.06715342778730747,-0.03352007615769955,0.5449249778098338,-0.13085598064755344,-0.2359813632291101,-0.2662958158485814,-0.19611613513818404,-0.19300937626135234,-0.12168146174384352,-0.06715342778730747,-0.03352007615769955,0.5449249778098338,-0.21680296415038888,-0.5118980953829163,0.8505317485662419,-0.40583972495671383,-0.16278112867447064
0,0.08553342708372826,-1.5661069258891576,-0.47454519624983954,-0.4736736092984604,-0.11646779040628442,0.5446511676720712,0.96425644365423,1.5713969870477085,-0.6244040257055189,0.08553342708372826,-1.5661069258891576,-0.47454519624983954,-0.4736736092984604,-0.11646779040628442,0.5446511676720712,0.96425644365423,1.5713969870477085,-0.6244040257055189,-0.19434864597252702,-0.7538696128831344,-0.3760014818308347,-0.3895323082701867,-0.07872635681841955,0.4185624988431203,0.6855009043578156,1.1733088597550465,-0.43435174016262806,-1.4609134070857044,-0.4030649954631285,-0.4194008220350217,-0.4746027279775913,-0.8746533061339944,-0.5017365349980186,-0.07073690533028135,-0.7470324187216006,-0.2328872501475753,-0.28708333828187355,-0.32078666523533045,-0.39610534423349997,-0.38113017778990566,-0.3694246287326534,-0.2751579580367754,-0.2900883232983121,-0.2955781683826058,-0.3888554871521795,-0.41265547100857053,-0.2943754514063852,-0.3658086479243954,-0.16209288333514058,0.399931507946359,0.35434580885804934,0.2543906091862676,-0.33350317382815076,0.5449215208897721,1.1227307914744915,1.9899792732545456,-0.337529114616601,0.9989187709831968,2.2533667439297993,-0.22342026433344614,1.973254696598896,0.0370826007825713,-0.4271559153457235,-0.7376951317802901,0.7376951317802901,-0.4820426798824101,-0.3075623426146228,0.6158384251930635,-0.13085598064755344,-0.2359813632291101,-0.2662958158485814,-0.19611613513818404,-0.19300937626135234,-0.12168146174384352,-0.06715342778730747,-0.03352007615769955,0.5449249778098338,-0.21680296415038888,-0.5118980953829163,0.8505317485662419,-0.40583972495671383,-0.16278112867447064,0.8119223343984152,-0.1699069165076462,-0.2081478487327801,-0.6981970580620328,-0.7376951317802901,0.7376951317802901,-0.7376951317802901,0.7376951317802901,-0.7376951317802901,0.7376951317802901,-0.7376951317802901,0.7376951317802901,-0.4820426798824101,-0.3075623426146228,0.6158384251930635,-0.4820426798824101,-0.3075623426146228,0.6158384251930635,-0.4820426798824101,-0.3075623426146228,0.6158384251930635,-0.13085598064755344,-0.2359813632291101,-0.2662958158485814,-0.19611613513818404,-0.19300937626135234,-0.12168146174384352,-0.06715342778730747,-0.03352007615769955,0.5449249778098338,-0.13085598064755344,-0.2359813632291101,-0.2662958158485814,-0.19611613513818404,-0.19300937626135234,-0.12168146174384352,-0.06715342778730747,-0.03352007615769955,0.5449249778098338,-0.21680296415038888,-0.5118980953829163,0.8505317485662419,-0.40583972495671383,-0.16278112867447064
0,0.08942131013298864,0.8273772438659699,-0.47454519624983954,-0.4736736092984604,-0.4989475622371262,0.5446511676720712,-1.5366812681720423,0.5370842201482933,-0.6244040257055189,0.08942131013298864,0.8273772438659699,-0.47454519624983954,-0.4736736092984604,-0.4989475622371262,0.5446511676720712,-1.5366812681720423,0.5370842201482933,-0.6244040257055189,-0.19039403241999003,0.5236656263473793,-0.3760014818308347,-0.3895323082701867,-0.4010313929644876,0.42204469291036584,-0.9776089119639751,0.42941507928449996,-0.43343753793531287,0.8635041745453002,-0.4030649954631285,-0.4194008220350217,-0.571347415835755,0.7925352191037062,-1.1494148220340843,1.209712855038851,-0.3576753639798948,-0.2328872501475753,-0.28708333828187355,-0.32078666523533045,-0.39610534423349997,-0.38113017778990566,-0.3694246287326534,-0.2751579580367754,-0.2900883232983121,-0.2955781683826058,-0.3888554871521795,-0.41265547100857053,-0.2943754514063852,-0.3658086479243954,-0.19836401418550262,-0.33212765423625973,-0.6695812087300181,-0.36616736675397343,-0.4123594838653976,0.5449215208897721,-1.0298513550494233,0.9574498946399291,-0.337529114616601,-1.2286533543751765,-0.8612299054415861,-0.8020806973086978,0.29322481827021163,-0.26058043793158214,-0.4271559153457235,-0.7376951317802901,0.7376951317802901,-0.4820426798824101,3.2513733362117265,-1.6238025415294657,-0.13085598064755344,-0.2359813632291101,-0.2662958158485814,-0.19611613513818404,-0.19300937626135234,-0.12168146174384352,-0.06715342778730747,-0.03352007615769955,0.5449249778098338,-0.21680296415038888,-0.5118980953829163,0.8505317485662419,-0.40583972495671383,-0.16278112867447064,0.8119223343984152,-0.1699069165076462,-0.2081478487327801,-0.6981970580620328,-0.7376951317802901,0.7376951317802901,-0.7376951317802901,0.7376951317802901,-0.7376951317802901,0.7376951317802901,-0.7376951317802901,0.7376951317802901,-0.4820426798824101,3.2513733362117265,-1.6238025415294657,-0.4820426798824101,3.2513733362117265,-1.6238025415294657,-0.4820426798824101,3.2513733362117265,-1.6238025415294657,-0.13085598064755344,-0.2359813632291101,-0.2662958158485814,-0.19611613513818404,-0.19300937626135234,-0.12168146174384352,-0.06715342778730747,-0.03352007615769955,0.5449249778098338,-0.13085598064755344,-0.2359813632291101,-0.2662958158485814,-0.19611613513818404,-0.19300937626135234,-0.12168146174384352,-0.06715342778730747,-0.03352007615769955,0.5449249778098338,-0.21680296415038888,-0.5118980953829163,0.8505317485662419,-0.40583972495671383,-0.16278112867447064
1,0.093309193182249,0.8273772438659699,1.340131927606843,0.7676298785983874,-0.25738139055448933,0.5446511676720712,-1.3133832581875537,-1.5315413136505371,1.0462986376687076,0.093309193182249,0.8273772438659699,1.340131927606843,0.7676298785983874,-0.25738139055448933,0.5446511676720712,-1.3133832581875537,-1.5315413136505371,1.0462986376687076,-0.18643097785666857,0.5277472085813427,1.253106156279712,0.6883706535978945,-0.19618541219725674,0.42552688697761143,-0.8280466446225799,-1.0679505131647973,0.8565018048064763,0.8635041745453002,1.480488733335722,0.9889639986931354,0.12521433674302407,0.7925352191037062,-0.9255628795100984,-1.3511866656994136,1.3944313823577814,0.39306309640292114,0.7239492878412465,0.15994607993077492,1.4524203625197576,0.036734288740509366,-0.3694246287326534,0.5884818151407389,0.07498045644575013,-0.02536309048277139,0.9624460102277982,-0.07128042961738269,-0.2943754514063852,0.4785838528544551,-0.18031522180063347,0.13022550082644685,-0.5587213057024594,-0.5019144239909011,-0.12598656846697479,0.5449215208897721,-0.8376565205383595,-1.107608862589304,1.2777712102587122,-1.177626087863427,-1.086381470456385,-0.4001183608312462,-1.0507990843927357,-0.855906515359889,0.52576326485718,1.3555735383351193,-1.3555735383351195,2.0745051044939435,-0.3075623426146228,-1.6238025415294657,-0.13085598064755344,-0.2359813632291101,-0.2662958158485814,-0.19611613513818404,-0.19300937626135234,-0.12168146174384352,-0.06715342778730747,-0.03352007615769955,0.5449249778098338,-0.21680296415038888,1.9535138126504805,-1.175735064194511,-0.40583972495671383,-0.16278112867447064,-1.2316448970959013,-0.1699069165076462,-0.2081478487327801,1.4322604033532795,1.3555735383351193,-1.3555735383351195,1.3555735383351193,-1.3555735383351195,1.3555735383351193,-1.3555735383351195,1.3555735383351193,-1.3555735383351195,2.0745051044939435,-0.3075623426146228,-1.6238025415294657,2.0745051044939435,-0.3075623426146228,-1.6238025415294657,2.0745051044939435,-0.3075623426146228,-1.6238025415294657,-0.13085598064755344,-0.2359813632291101,-0.2662958158485814,-0.19611613513818404,-0.19300937626135234,-0.12168146174384352,-0.06715342778730747,-0.03352007615769955,0.5449249778098338,-0.13085598064755344,-0.2359813632291101,-0.2662958158485814,-0.19611613513818404,-0.19300937626135234,-0.12168146174384352,-0.06715342778730747,-0.03352007615769955,0.5449249778098338,-0.21680296415038888,1.9535138126504805,-1.175735064194511,-0.40583972495671383,-0.16278112867447064
0,0.09719707623150939,0.8273772438659699,-0.47454519624983954,-0.4736736092984604,-0.4989475622371262,0.5446511676720712,0.96425644365423,0.5370842201482933,-0.6244040257055189,0.09719707623150939,0.8273772438659699,-0.47454519624983954,-0.4736736092984604,-0.4989475622371262,0.5446511676720712,0.96425644365423,0.5370842201482933,-0.6244040257055189,-0.1824594822825626,0.531828790815306,-0.3760014818308347,-0.3895323082701867,-0.4005235403470374,0.42900908104485697,0.6973640744830573,0.43580043362330295,-0.43160913348068236,0.8635041745453002,-0.4030649954631285,-0.4194008220350217,-0.571347415835755,0.7925352191037062,1.3577269342345568,1.209712855038851,-0.3576753639798948,-0.2328872501475753,-0.28708333828187355,-0.32078666523533045,-0.39610534423349997,-0.38113017778990566,-0.3694246287326534,-0.2751579580367754,-0.2900883232983121,-0.2955781683826058,-0.3888554871521795,-0.41265547100857053,-0.2943754514063852,-0.3658086479243954,-0.19836401418550262,-0.33212765423625973,-0.41485036472765574,-0.36616736675397343,-0.4123594838653976,0.5449215208897721,1.1227307914744915,0.9574498946399291,-0.337529114616601,0.9989187709831968,1.1401173391344044,-0.22342026433344614,0.29322481827021163,-0.26058043793158214,-0.4271559153457235,-0.7376951317802901,0.7376951317802901,-0.4820426798824101,-0.3075623426146228,0.6158384251930635,-0.13085598064755344,-0.2359813632291101,-0.2662958158485814,-0.19611613513818404,-0.19300937626135234,-0.12168146174384352,-0.06715342778730747,-0.03352007615769955,0.5449249778098338,-0.21680296415038888,-0.5118980953829163,0.8505317485662419,-0.40583972495671383,-0.16278112867447064,0.8119223343984152,-0.1699069165076462,-0.2081478487327801,-0.6981970580620328,-0.7376951317802901,0.7376951317802901,-0.7376951317802901,0.7376951317802901,-0.7376951317802901,0.7376951317802901,-0.7376951317802901,0.7376951317802901,-0.4820426798824101,-0.3075623426146228,0.6158384251930635,-0.4820426798824101,-0.3075623426146228,0.6158384251930635,-0.4820426798824101,-0.3075623426146228,0.6158384251930635,-0.13085598064755344,-0.2359813632291101,-0.2662958158485814,-0.19611613513818404,-0.19300937626135234,-0.12168146174384352,-0.06715342778730747,-0.03352007615769955,0.5449249778098338,-0.13085598064755344,-0.2359813632291101,-0.2662958158485814,-0.19611613513818404,-0.19300937626135234,-0.12168146174384352,-0.06715342778730747,-0.03352007615769955,0.5449249778098338,-0.21680296415038888,-0.5118980953829163,0.8505317485662419,-0.40583972495671383,-0.16278112867447064
0,0.10108495928076976,0.8273772438659699,-0.47454519624983954,-0.4736736092984604,-0.4788170479302398,0.5446511676720712,0.96425644365423,0.8818551424480984,-0.6244040257055189,0.10108495928076976,0.8273772438659699,-0.47454519624983954,-0.4736736092984604,-0.4788170479302398,0.5446511676720712,0.96425644365423,0.8818551424480984,-0.6244040257055189,-0.17847954569767213,0.5359103730492693,-0.3760014818308347,-0.3895323082701867,-0.3831477257928487,0.43249127511210256,0.7013184645248044,0.690150381452288,-0.43069493125336716,0.8635041745453002,-0.4030649954631285,-0.4194008220350217,-0.5133006031208568,0.7925352191037062,1.3577269342345568,1.6365294418285616,-0.3576753639798948,-0.2328872501475753,-0.28708333828187355,-0.32078666523533045,-0.39610534423349997,-0.38113017778990566,-0.3694246287326534,-0.2751579580367754,-0.2900883232983121,-0.2955781683826058,-0.3888554871521795,-0.41265547100857053,-0.2943754514063852,-0.3658086479243954,-0.1974962837823839,-0.29359822464770086,-0.374366355591566,-0.32091834767499755,-0.40820915175817407,0.5449215208897721,1.1227307914744915,1.3016263541781348,-0.337529114616601,0.9989187709831968,1.5112004740662026,-0.22342026433344614,0.7785667831207204,-0.16135942502686434,-0.4271559153457235,-0.7376951317802901,0.7376951317802901,-0.4820426798824101,-0.3075623426146228,0.6158384251930635,-0.13085598064755344,-0.2359813632291101,-0.2662958158485814,-0.19611613513818404,-0.19300937626135234,-0.12168146174384352,-0.06715342778730747,-0.03352007615769955,0.5449249778098338,-0.21680296415038888,-0.5118980953829163,0.8505317485662419,-0.40583972495671383,-0.16278112867447064,0.8119223343984152,-0.1699069165076462,-0.2081478487327801,-0.6981970580620328,-0.7376951317802901,0.7376951317802901,-0.7376951317802901,0.7376951317802901,-0.7376951317802901,0.7376951317802901,-0.7376951317802901,0.7376951317802901,-0.4820426798824101,-0.3075623426146228,0.6158384251930635,-0.4820426798824101,-0.3075623426146228,0.6158384251930635,-0.4820426798824101,-0.3075623426146228,0.6158384251930635,-0.13085598064755344,-0.2359813632291101,-0.2662958158485814,-0.19611613513818404,-0.19300937626135234,-0.12168146174384352,-0.06715342778730747,-0.03352007615769955,0.5449249778098338,-0.13085598064755344,-0.2359813632291101,-0.2662958158485814,-0.19611613513818404,-0.19300937626135234,-0.12168146174384352,-0.06715342778730747,-0.03352007615769955,0.5449249778098338,-0.21680296415038888,-0.5118980953829163,0.8505317485662419,-0.40583972495671383,-0.16278112867447064
1,0.10497284233003014,-0.3693648410115938,0.4327933656785018,2.0089333664952354,-0.09633727609939802,0.5446511676720712,-0.5095104222433947,0.5370842201482933,1.0462986376687076,0.10497284233003014,-0.3693648410115938,0.4327933656785018,2.0089333664952354,-0.09633727609939802,0.5446511676720712,-0.5095104222433947,0.5370842201482933,1.0462986376687076,-0.17449116810199716,-0.10353751027164815,0.44375161692053605,1.7800340788089726,-0.05685241908110058,0.4359734691793481,-0.28548274995402656,0.44218578796210595,0.867472231534259,-0.5892568139740777,0.2247862474698217,1.4584189389358544,0.0671675240281258,-0.04105904351514409,-0.5569533474872684,0.3560796814594294,0.6157172728743697,-0.07639966350995119,0.7239492878412465,0.020786601066902312,0.5281575091431288,0.16061446244642888,0.9047328326897756,0.15666192855198174,1.1701867956779368,0.47240152670113406,2.313747507607776,1.3576611153209521,2.272885826274749,1.3229763536333055,-0.15902690257745447,0.4384609375349179,-0.18416299324592447,0.021681368208677203,0.0068240589641778175,0.5449215208897721,-0.14575511629852972,0.9574498946399291,1.2777712102587122,-0.7538678336953983,-0.03924800141930428,0.3438736244226488,0.29322481827021163,1.5253977943533386,0.52576326485718,1.3555735383351193,-1.3555735383351195,-0.4820426798824101,-0.3075623426146228,0.6158384251930635,-0.13085598064755344,-0.2359813632291101,-0.2662958158485814,-0.19611613513818404,-0.19300937626135234,-0.12168146174384352,-0.06715342778730747,-0.03352007615769955,0.5449249778098338,-0.21680296415038888,-0.5118980953829163,-1.175735064194511,2.4640269015229057,-0.16278112867447064,-1.2316448970959013,-0.1699069165076462,-0.2081478487327801,1.4322604033532795,1.3555735383351193,-1.3555735383351195,1.3555735383351193,-1.3555735383351195,1.3555735383351193,-1.3555735383351195,1.3555735383351193,-1.3555735383351195,-0.4820426798824101,-0.3075623426146228,0.6158384251930635,-0.4820426798824101,-0.3075623426146228,0.6158384251930635,-0.4820426798824101,-0.3075623426146228,0.6158384251930635,-0.13085598064755344,-0.2359813632291101,-0.2662958158485814,-0.19611613513818404,-0.19300937626135234,-0.12168146174384352,-0.06715342778730747,-0.03352007615769955,0.5449249778098338,-0.13085598064755344,-0.2359813632291101,-0.2662958158485814,-0.19611613513818404,-0.19300937626135234,-0.12168146174384352,-0.06715342778730747,-0.03352007615769955,0.5449249778098338,-0.21680296415038888,-0.5118980953829163,-1.175735064194511,2.4640269015229057,-0.16278112867447064
1,0.10886072537929051,-0.3693648410115938,-0.47454519624983954,-0.4736736092984604,-0.37816447639580775,-1.8668102534866975,-1.3133832581875537,-0.497228546751122,-0.6244040257055189,0.10886072537929051,-0.3693648410115938,-0.47454519624983954,-0.4736736092984604,-0.37816447639580775,-1.8668102534866975,-1.3133832581875537,-0.497228546751122,-0.6244040257055189,-0.17049434949553768,-0.10081645544900596,-0.3760014818308347,-0.3895323082701867,-0.29659512970455176,-1.1362268498327115,-0.8251776489582625,-0.31128602401664496,-0.4288665267987367,-0.5892568139740777,-0.4030649954631285,-0.4194008220350217,-0.4746027279775913,-1.6326157421641523,-1.0941980095448343,-0.4975534921199921,-0.5523538913507477,-0.2328872501475753,-0.28708333828187355,-0.32078666523533045,-0.39610534423349997,-0.38113017778990566,-0.3694246287326534,-0.2751579580367754,-0.2900883232983121,-0.2955781683826058,-0.3888554871521795,-0.41265547100857053,-0.2943754514063852,-0.3658086479243954,-0.19142217096055295,-0.5791111772398423,-0.6027793445375619,-0.3758635851280397,-0.38745749122205647,-1.8399449636419904,-1.2523121374645567,-1.0607682793385422,-0.8515365815723219,-1.177626087863427,-0.8844598288161288,-0.7504145872216218,-0.714793108726999,-0.5582434766457356,-0.4271559153457235,1.3555735383351193,-1.3555735383351195,2.0745051044939435,-0.3075623426146228,-1.6238025415294657,-0.13085598064755344,-0.2359813632291101,-0.2662958158485814,5.099019513592785,-0.19300937626135234,-0.12168146174384352,-0.06715342778730747,-0.03352007615769955,-1.8351149988007645,-0.21680296415038888,-0.5118980953829163,-1.175735064194511,2.4640269015229057,-0.16278112867447064,0.8119223343984152,-0.1699069165076462,-0.2081478487327801,-0.6981970580620328,1.3555735383351193,-1.3555735383351195,1.3555735383351193,-1.3555735383351195,1.3555735383351193,-1.3555735383351195,1.3555735383351193,-1.3555735383351195,2.0745051044939435,-0.3075623426146228,-1.6238025415294657,2.0745051044939435,-0.3075623426146228,-1.6238025415294657,2.0745051044939435,-0.3075623426146228,-1.6238025415294657,-0.13085598064755344,-0.2359813632291101,-0.2662958158485814,5.099019513592785,-0.19300937626135234,-0.12168146174384352,-0.06715342778730747,-0.03352007615769955,-1.8351149988007645,-0.13085598064755344,-0.2359813632291101,-0.2662958158485814,5.099019513592785,-0.19300937626135234,-0.12168146174384352,-0.06715342778730747,-0.03352007615769955,-1.8351149988007645,-0.21680296415038888,-0.5118980953829163,-1.175735064194511,2.4640269015229057,-0.16278112867447064
0,0.11274860842855089,0.8273772438659699,-0.47454519624983954,-0.4736736092984604,-0.45868653362335343,0.5446511676720712,-0.5095104222433947,-0.841999469050927,-0.6244040257055189,0.11274860842855089,0.8273772438659699,-0.47454519624983954,-0.4736736092984604,-0.45868653362335343,0.5446511676720712,-0.5095104222433947,-0.841999469050927,-0.6244040257055189,-0.16648908987829372,0.5481551197511592,-0.3760014818308347,-0.3895323082701867,-0.36504640749944545,0.4429378573138392,-0.2817632113272788,-0.5624432946762286,-0.42795232457142146,0.8635041745453002,-0.4030649954631285,-0.4194008220350217,-0.4552537904059585,0.7925352191037062,-0.11969588642374947,-0.4975534921199921,-0.3576753639798948,-0.2328872501475753,-0.28708333828187355,-0.32078666523533045,-0.39610534423349997,-0.38113017778990566,-0.3694246287326534,-0.2751579580367754,-0.2900883232983121,-0.2955781683826058,-0.3888554871521795,-0.41265547100857053,-0.2943754514063852,-0.3658086479243954,-0.1965128559921827,-0.255068795059142,-0.526879950202164,-0.4437371137465036,-0.40405881965095053,0.5449215208897721,-0.14575511629852972,-0.41925594351289297,-0.337529114616601,-0.7538678336953983,-0.7373369807773581,-0.564416590908148,-0.9014630952079639,-0.6574644895504534,-0.4271559153457235,1.3555735383351193,-1.3555735383351195,-0.4820426798824101,-0.3075623426146228,0.6158384251930635,-0.13085598064755344,-0.2359813632291101,-0.2662958158485814,-0.19611613513818404,-0.19300937626135234,-0.12168146174384352,-0.06715342778730747,-0.03352007615769955,0.5449249778098338,-0.21680296415038888,1.9535138126504805,-1.175735064194511,-0.40583972495671383,-0.16278112867447064,0.8119223343984152,-0.1699069165076462,-0.2081478487327801,-0.6981970580620328,1.3555735383351193,-1.3555735383351195,1.3555735383351193,-1.3555735383351195,1.3555735383351193,-1.3555735383351195,1.3555735383351193,-1.3555735383351195,-0.4820426798824101,-0.3075623426146228,0.6158384251930635,-0.4820426798824101,-0.3075623426146228,0.6158384251930635,-0.4820426798824101,-0.3075623426146228,0.6158384251930635,-0.13085598064755344,-0.2359813632291101,-0.2662958158485814,-0.19611613513818404,-0.19300937626135234,-0.12168146174384352,-0.06715342778730747,-0.03352007615769955,0.5449249778098338,-0.13085598064755344,-0.2359813632291101,-0.2662958158485814,-0.19611613513818404,-0.19300937626135234,-0.12168146174384352,-0.06715342778730747,-0.03352007615769955,0.5449249778098338,-0.21680296415038888,1.9535138126504805,-1.175735064194511,-0.40583972495671383,-0.16278112867447064
0,0.11663649147781126,-1.5661069258891576,-0.47454519624983954,-0.4736736092984604,0.40692558157276226,-1.9265985531848488,0.96425644365423,0.5370842201482933,-0.0675031379141101,0.11663649147781126,-1.5661069258891576,-0.47454519624983954,-0.4736736092984604,0.40692558157276226,-1.9265985531848488,0.96425644365423,0.5370842201482933,-0.0675031379141101,-0.16247538925026528,-0.7429853935925655,-0.3760014818308347,-0.3895323082701867,0.3777605958953813,-1.175142257298221,0.7171360246917933,0.4517638194703104,0.008122137857943117,-1.4609134070857044,-0.4030649954631285,-0.4194008220350217,0.028469648884860296,-1.6901616971772877,-0.5017365349980186,-0.4975534921199921,-0.5523538913507477,-0.2328872501475753,-0.28708333828187355,-0.32078666523533045,-0.39610534423349997,-0.38113017778990566,-0.3694246287326534,-0.2751579580367754,-0.2900883232983121,-0.2955781683826058,-0.3888554871521795,-0.41265547100857053,-0.2943754514063852,-0.3658086479243954,-0.044775732833491094,-0.5583645613075414,1.4069300463963827,0.5064922869119906,-0.009777269464716258,-1.8437381397128192,-1.2200597971880256,-1.0628048264364016,-0.8525985804709908,0.9989187709831968,1.1401173391344044,0.42033946735152133,0.29322481827021163,0.33474563949672476,-0.23657207930514282,-0.7376951317802901,0.7376951317802901,-0.4820426798824101,-0.3075623426146228,0.6158384251930635,7.64198926981712,-0.2359813632291101,-0.2662958158485814,-0.19611613513818404,-0.19300937626135234,-0.12168146174384352,-0.06715342778730747,-0.03352007615769955,-1.8351149988007645,-0.21680296415038888,-0.5118980953829163,0.8505317485662419,-0.40583972495671383,-0.16278112867447064,0.8119223343984152,-0.1699069165076462,-0.2081478487327801,-0.6981970580620328,-0.7376951317802901,0.7376951317802901,-0.7376951317802901,0.7376951317802901,-0.7376951317802901,0.7376951317802901,-0.7376951317802901,0.7376951317802901,-0.4820426798824101,-0.3075623426146228,0.6158384251930635,-0.4820426798824101,-0.3075623426146228,0.6158384251930635,-0.4820426798824101,-0.3075623426146228,0.6158384251930635,7.64198926981712,-0.2359813632291101,-0.2662958158485814,-0.19611613513818404,-0.19300937626135234,-0.12168146174384352,-0.06715342778730747,-0.03352007615769955,-1.8351149988007645,7.64198926981712,-0.2359813632291101,-0.2662958158485814,-0.19611613513818404,-0.19300937626135234,-0.12168146174384352,-0.06715342778730747,-0.03352007615769955,-1.8351149988007645,-0.21680296415038888,-0.5118980953829163,0.8505317485662419,-0.40583972495671383,-0.16278112867447064
0,0.12052437452707164,-0.3693648410115938,0.4327933656785018,-0.4736736092984604,-0.2171203619407165,0.5446511676720712,0.96425644365423,0.5370842201482933,-0.0675031379141101,0.12052437452707164,-0.3693648410115938,0.4327933656785018,-0.4736736092984604,-0.2171203619407165,0.5446511676720712,0.96425644365423,0.5370842201482933,-0.0675031379141101,-0.15845324761145232,-0.09265329098107934,0.45068398984866603,-0.3895323082701867,-0.15675428397094543,0.44990224544833035,0.7210904147335404,0.4549564966397119,0.009950542312573576,-0.5892568139740777,0.2247862474698217,-0.4194008220350217,-0.16501972683146723,-0.04105904351514409,0.42799519961826915,0.3560796814594294,-0.1629968366090419,-0.07639966350995119,-0.28708333828187355,-0.05511856922248275,0.5281575091431288,0.770770541893495,0.9047328326897756,-0.05924801474239681,-0.2900883232983121,-0.2955781683826058,-0.3888554871521795,-0.41265547100857053,-0.2943754514063852,-0.3658086479243954,-0.1756873263173337,0.20728436000356462,0.15192576317760065,-0.09467325228011798,-0.2670978601125744,0.5449215208897721,1.1227307914744915,0.9574498946399291,0.20090432700850336,0.9989187709831968,1.1401173391344044,0.42033946735152133,0.29322481827021163,0.33474563949672476,-0.23657207930514282,-0.7376951317802901,0.7376951317802901,-0.4820426798824101,-0.3075623426146228,0.6158384251930635,-0.13085598064755344,-0.2359813632291101,-0.2662958158485814,-0.19611613513818404,-0.19300937626135234,-0.12168146174384352,-0.06715342778730747,-0.03352007615769955,0.5449249778098338,-0.21680296415038888,-0.5118980953829163,0.8505317485662419,-0.40583972495671383,-0.16278112867447064,-1.2316448970959013,-0.1699069165076462,-0.2081478487327801,1.4322604033532795,-0.7376951317802901,0.7376951317802901,-0.7376951317802901,0.7376951317802901,-0.7376951317802901,0.7376951317802901,-0.7376951317802901,0.7376951317802901,-0.4820426798824101,-0.3075623426146228,0.6158384251930635,-0.4820426798824101,-0.3075623426146228,0.6158384251930635,-0.4820426798824101,-0.3075623426146228,0.6158384251930635,-0.13085598064755344,-0.2359813632291101,-0.2662958158485814,-0.19611613513818404,-0.19300937626135234,-0.12168146174384352,-0.06715342778730747,-0.03352007615769955,0.5449249778098338,-0.13085598064755344,-0.2359813632291101,-0.2662958158485814,-0.19611613513818404,-0.19300937626135234,-0.12168146174384352,-0.06715342778730747,-0.03352007615769955,0.5449249778098338,-0.21680296415038888,-0.5118980953829163,0.8505317485662419,-0.40583972495671383,-0.16278112867447064
0,0.12441225757633201,0.8273772438659699,0.4327933656785018,-0.4736736092984604,-0.4989475622371262,0.5446511676720712,0.96425644365423,0.19231329784848822,-0.6244040257055189,0.12441225757633201,0.8273772438659699,0.4327933656785018,-0.4736736092984604,-0.4989475622371262,0.5446511676720712,0.96425644365423,0.19231329784848822,-0.6244040257055189,-0.15442266496185486,0.5603998664530491,0.45241708308069856,-0.3895323082701867,-0.39874605618596176,0.45338443951557594,0.7250448047752877,0.20379922598012826,-0.42520971788947576,0.8635041745453002,0.5387118689362969,-0.4194008220350217,-0.571347415835755,0.7925352191037062,1.3577269342345568,0.7828962682491402,-0.3576753639798948,-0.07639966350995119,-0.28708333828187355,-0.2322306332310479,0.5281575091431288,0.770770541893495,0.6923732557860374,-0.16720298638958608,-0.2900883232983121,-0.2955781683826058,-0.3888554871521795,-0.41265547100857053,-0.2943754514063852,-0.3658086479243954,-0.19836401418550262,-0.33212765423625973,-0.41485036472765574,-0.3887918762934614,-0.4123594838653976,0.5449215208897721,1.1227307914744915,0.6132734351017236,-0.337529114616601,0.9989187709831968,0.7690342042026062,-0.22342026433344614,-0.1174491519879112,-0.3598014508363,-0.4271559153457235,-0.7376951317802901,0.7376951317802901,-0.4820426798824101,-0.3075623426146228,0.6158384251930635,-0.13085598064755344,-0.2359813632291101,-0.2662958158485814,-0.19611613513818404,-0.19300937626135234,-0.12168146174384352,-0.06715342778730747,-0.03352007615769955,0.5449249778098338,-0.21680296415038888,-0.5118980953829163,0.8505317485662419,-0.40583972495671383,-0.16278112867447064,-1.2316448970959013,-0.1699069165076462,-0.2081478487327801,1.4322604033532795,-0.7376951317802901,0.7376951317802901,-0.7376951317802901,0.7376951317802901,-0.7376951317802901,0.7376951317802901,-0.7376951317802901,0.7376951317802901,-0.4820426798824101,-0.3075623426146228,0.6158384251930635,-0.4820426798824101,-0.3075623426146228,0.6158384251930635,-0.4820426798824101,-0.3075623426146228,0.6158384251930635,-0.13085598064755344,-0.2359813632291101,-0.2662958158485814,-0.19611613513818404,-0.19300937626135234,-0.12168146174384352,-0.06715342778730747,-0.03352007615769955,0.5449249778098338,-0.13085598064755344,-0.2359813632291101,-0.2662958158485814,-0.19611613513818404,-0.19300937626135234,-0.12168146174384352,-0.06715342778730747,-0.03352007615769955,0.5449249778098338,-0.21680296415038888,-0.5118980953829163,0.8505317485662419,-0.40583972495671383,-0.16278112867447064
0,0.1283001406255924,0.8273772438659699,-0.47454519624983954,-0.4736736092984604,-0.4989475622371262,0.5446511676720712,0.96425644365423,-0.841999469050927,-0.6244040257055189,0.1283001406255924,0.8273772438659699,-0.47454519624983954,-0.4736736092984604,-0.4989475622371262,0.5446511676720712,0.96425644365423,-0.841999469050927,-0.6244040257055189,-0.15038364130147291,0.5644814486870124,-0.3760014818308347,-0.3895323082701867,-0.39849212987723664,0.4568666335828215,0.7289991948170348,-0.5581863917836933,-0.42429551566216056,0.8635041745453002,-0.4030649954631285,-0.4194008220350217,-0.571347415835755,0.7925352191037062,1.3577269342345568,-0.4975534921199921,-0.3576753639798948,-0.2328872501475753,-0.28708333828187355,-0.32078666523533045,-0.39610534423349997,-0.38113017778990566,-0.3694246287326534,-0.2751579580367754,-0.2900883232983121,-0.2955781683826058,-0.3888554871521795,-0.41265547100857053,-0.2943754514063852,-0.3658086479243954,-0.19836401418550262,-0.33212765423625973,-0.41485036472765574,-0.45666540491192525,-0.4123594838653976,0.5449215208897721,1.1227307914744915,-0.41925594351289297,-0.337529114616601,0.9989187709831968,-0.34421520059278854,-0.22342026433344614,-0.9014630952079639,-0.6574644895504534,-0.4271559153457235,-0.7376951317802901,0.7376951317802901,-0.4820426798824101,-0.3075623426146228,0.6158384251930635,-0.13085598064755344,-0.2359813632291101,-0.2662958158485814,-0.19611613513818404,-0.19300937626135234,-0.12168146174384352,-0.06715342778730747,-0.03352007615769955,0.5449249778098338,-0.21680296415038888,-0.5118980953829163,0.8505317485662419,-0.40583972495671383,-0.16278112867447064,0.8119223343984152,-0.1699069165076462,-0.2081478487327801,-0.6981970580620328,-0.7376951317802901,0.7376951317802901,-0.7376951317802901,0.7376951317802901,-0.7376951317802901,0.7376951317802901,-0.7376951317802901,0.7376951317802901,-0.4820426798824101,-0.3075623426146228,0.6158384251930635,-0.4820426798824101,-0.3075623426146228,0.6158384251930635,-0.4820426798824101,-0.3075623426146228,0.6158384251930635,-0.13085598064755344,-0.2359813632291101,-0.2662958158485814,-0.19611613513818404,-0.19300937626135234,-0.12168146174384352,-0.06715342778730747,-0.03352007615769955,0.5449249778098338,-0.13085598064755344,-0.2359813632291101,-0.2662958158485814,-0.19611613513818404,-0.19300937626135234,-0.12168146174384352,-0.06715342778730747,-0.03352007615769955,0.5449249778098338,-0.21680296415038888,-0.5118980953829163,0.8505317485662419,-0.40583972495671383,-0.16278112867447064
1,0.13218802367485277,0.8273772438659699,-0.47454519624983954,0.7676298785983874,-0.3982949907026942,0.5446511676720712,-0.5095104222433947,-1.5315413136505371,-0.0675031379141101,0.13218802367485277,0.8273772438659699,-0.47454519624983954,0.7676298785983874,-0.3982949907026942,0.5446511676720712,-0.5095104222433947,-1.5315413136505371,-0.0675031379141101,-0.14633617663030646,0.5685630309209757,-0.3760014818308347,0.7113047591695558,-0.3111777548627644,0.460348827650067,-0.27246436476040936,-1.0679505131647973,0.015435755676464954,0.8635041745453002,-0.4030649954631285,0.9889639986931354,-0.2811133522612637,0.7925352191037062,-0.11969588642374947,-1.3511866656994136,0.2263602181326639,-0.2328872501475753,-0.28708333828187355,-0.32078666523533045,-0.39610534423349997,-0.38113017778990566,-0.3694246287326534,-0.2751579580367754,0.07498045644575013,-0.1249160139195525,0.9624460102277982,0.4725028221561908,-0.2943754514063852,0.056387602465029836,-0.19286838829908412,-0.1394805062934653,-0.46976045737612415,-0.5019144239909011,-0.3418038380425978,0.5449215208897721,-0.14575511629852972,-1.107608862589304,0.20090432700850336,-0.7538678336953983,-1.086381470456385,-0.26165318579788244,-1.0507990843927357,-0.855906515359889,-0.23657207930514282,1.3555735383351193,-1.3555735383351195,-0.4820426798824101,-0.3075623426146228,0.6158384251930635,-0.13085598064755344,-0.2359813632291101,-0.2662958158485814,-0.19611613513818404,-0.19300937626135234,-0.12168146174384352,-0.06715342778730747,-0.03352007615769955,0.5449249778098338,-0.21680296415038888,1.9535138126504805,-1.175735064194511,-0.40583972495671383,-0.16278112867447064,-1.2316448970959013,-0.1699069165076462,-0.2081478487327801,1.4322604033532795,1.3555735383351193,-1.3555735383351195,1.3555735383351193,-1.3555735383351195,1.3555735383351193,-1.3555735383351195,1.3555735383351193,-1.3555735383351195,-0.4820426798824101,-0.3075623426146228,0.6158384251930635,-0.4820426798824101,-0.3075623426146228,0.6158384251930635,-0.4820426798824101,-0.3075623426146228,0.6158384251930635,-0.13085598064755344,-0.2359813632291101,-0.2662958158485814,-0.19611613513818404,-0.19300937626135234,-0.12168146174384352,-0.06715342778730747,-0.03352007615769955,0.5449249778098338,-0.13085598064755344,-0.2359813632291101,-0.2662958158485814,-0.19611613513818404,-0.19300937626135234,-0.12168146174384352,-0.06715342778730747,-0.03352007615769955,0.5449249778098338,-0.21680296415038888,1.9535138126504805,-1.175735064194511,-0.40583972495671383,-0.16278112867447064
0,0.13607590672411313,0.8273772438659699,4.0621476133918675,2.0089333664952354,0.2861424957314438,0.5446511676720712,0.96425644365423,-1.5315413136505371,3.2739021888343425,0.13607590672411313,0.8273772438659699,4.0621476133918675,2.0089333664952354,0.2861424957314438,0.5446511676720712,0.96425644365423,-1.5315413136505371,3.2739021888343425,-0.14228027094835552,0.572644613154939,3.7920877412073186,1.8167286477236306,0.28250195493650965,0.4638310217173126,0.7369079749005292,-1.0679505131647973,2.655651788162848,0.8635041745453002,4.305819326533998,2.3973288194212925,1.692478280045277,0.7925352191037062,1.3577269342345568,-1.3511866656994136,3.730573710808016,3.679302415793028,4.768079792333726,2.5889115291910967,4.225208922649644,5.378373420627098,-0.3694246287326534,4.043040907850796,1.1701867956779368,1.012831682500803,2.313747507607776,3.351533038490722,-0.2943754514063852,3.0117613551910063,-0.0787907646357445,1.1705200997175367,1.1640259915798443,-0.5019144239909011,1.0859104068422927,0.5449215208897721,1.1227307914744915,-1.107608862589304,3.43150497675913,0.9989187709831968,-1.086381470456385,4.282897857461326,-1.0507990843927357,-0.855906515359889,3.575104641506471,-0.7376951317802901,0.7376951317802901,-0.4820426798824101,-0.3075623426146228,0.6158384251930635,-0.13085598064755344,-0.2359813632291101,-0.2662958158485814,-0.19611613513818404,-0.19300937626135234,-0.12168146174384352,-0.06715342778730747,-0.03352007615769955,0.5449249778098338,4.612483062299524,-0.5118980953829163,-1.175735064194511,-0.40583972495671383,-0.16278112867447064,-1.2316448970959013,5.885575587824865,-0.2081478487327801,-0.6981970580620328,-0.7376951317802901,0.7376951317802901,-0.7376951317802901,0.7376951317802901,-0.7376951317802901,0.7376951317802901,-0.7376951317802901,0.7376951317802901,-0.4820426798824101,-0.3075623426146228,0.6158384251930635,-0.4820426798824101,-0.3075623426146228,0.6158384251930635,-0.4820426798824101,-0.3075623426146228,0.6158384251930635,-0.13085598064755344,-0.2359813632291101,-0.2662958158485814,-0.19611613513818404,-0.19300937626135234,-0.12168146174384352,-0.06715342778730747,-0.03352007615769955,0.5449249778098338,-0.13085598064755344,-0.2359813632291101,-0.2662958158485814,-0.19611613513818404,-0.19300937626135234,-0.12168146174384352,-0.06715342778730747,-0.03352007615769955,0.5449249778098338,4.612483062299524,-0.5118980953829163,-1.175735064194511,-0.40583972495671383,-0.16278112867447064
0,0.1399637897733735,-0.3693648410115938,-0.47454519624983954,-0.4736736092984604,-0.6398611623853311,0.5446511676720712,0.96425644365423,0.8818551424480984,-0.6244040257055189,0.1399637897733735,-0.3693648410115938,-0.47454519624983954,-0.4736736092984604,-0.6398611623853311,0.5446511676720712,0.96425644365423,0.8818551424480984,-0.6244040257055189,-0.1382159242556201,-0.07904801686786833,-0.3760014818308347,-0.3895323082701867,-0.5201228317565575,0.46731321578455814,0.7408623649422764,0.7273982817619721,-0.42155290898021486,-0.5892568139740777,-0.4030649954631285,-0.4194008220350217,-0.9776751048400428,-0.04105904351514409,0.42799519961826915,0.6406240726525699,-0.5523538913507477,-0.2328872501475753,-0.28708333828187355,-0.32078666523533045,-0.39610534423349997,-0.38113017778990566,-0.3694246287326534,-0.2751579580367754,-0.2900883232983121,-0.2955781683826058,-0.3888554871521795,-0.41265547100857053,-0.2943754514063852,-0.3658086479243954,-0.20119860016902374,-0.6018336613561719,-0.698238428680284,-0.5019144239909011,-0.44141180861596224,0.5449215208897721,1.1227307914744915,1.3016263541781348,-0.337529114616601,0.9989187709831968,1.5112004740662026,-0.22342026433344614,0.7785667831207204,-0.16135942502686434,-0.4271559153457235,-0.7376951317802901,0.7376951317802901,-0.4820426798824101,-0.3075623426146228,0.6158384251930635,-0.13085598064755344,-0.2359813632291101,-0.2662958158485814,-0.19611613513818404,-0.19300937626135234,-0.12168146174384352,-0.06715342778730747,-0.03352007615769955,0.5449249778098338,-0.21680296415038888,-0.5118980953829163,0.8505317485662419,-0.40583972495671383,-0.16278112867447064,0.8119223343984152,-0.1699069165076462,-0.2081478487327801,-0.6981970580620328,-0.7376951317802901,0.7376951317802901,-0.7376951317802901,0.7376951317802901,-0.7376951317802901,0.7376951317802901,-0.7376951317802901,0.7376951317802901,-0.4820426798824101,-0.3075623426146228,0.6158384251930635,-0.4820426798824101,-0.3075623426146228,0.6158384251930635,-0.4820426798824101,-0.3075623426146228,0.6158384251930635,-0.13085598064755344,-0.2359813632291101,-0.2662958158485814,-0.19611613513818404,-0.19300937626135234,-0.12168146174384352,-0.06715342778730747,-0.03352007615769955,0.5449249778098338,-0.13085598064755344,-0.2359813632291101,-0.2662958158485814,-0.19611613513818404,-0.19300937626135234,-0.12168146174384352,-0.06715342778730747,-0.03352007615769955,0.5449249778098338,-0.21680296415038888,-0.5118980953829163,0.8505317485662419,-0.40583972495671383,-0.16278112867447064
0,0.1438516728226339,0.8273772438659699,-0.47454519624983954,-0.4736736092984604,-0.4788170479302398,0.5446511676720712,0.96425644365423,1.5713969870477085,-0.6244040257055189,0.1438516728226339,0.8273772438659699,-0.47454519624983954,-0.4736736092984604,-0.4788170479302398,0.5446511676720712,0.96425644365423,1.5713969870477085,-0.6244040257055189,-0.13414313655210014,0.5808077776228656,-0.3760014818308347,-0.3895323082701867,-0.37995550934030464,0.47079540985180374,0.7448167549840237,1.2451440960665798,-0.4206387067528996,0.8635041745453002,-0.4030649954631285,-0.4194008220350217,-0.5133006031208568,0.7925352191037062,1.3577269342345568,2.490162615407983,-0.3576753639798948,-0.2328872501475753,-0.28708333828187355,-0.32078666523533045,-0.39610534423349997,-0.38113017778990566,-0.3694246287326534,-0.2751579580367754,-0.2900883232983121,-0.2955781683826058,-0.3888554871521795,-0.41265547100857053,-0.2943754514063852,-0.3658086479243954,-0.1974962837823839,-0.29359822464770086,-0.374366355591566,-0.26920518301331076,-0.40820915175817407,0.5449215208897721,1.1227307914744915,1.9899792732545456,-0.337529114616601,0.9989187709831968,2.2533667439297993,-0.22342026433344614,1.973254696598896,0.0370826007825713,-0.4271559153457235,-0.7376951317802901,0.7376951317802901,-0.4820426798824101,-0.3075623426146228,0.6158384251930635,-0.13085598064755344,-0.2359813632291101,-0.2662958158485814,-0.19611613513818404,-0.19300937626135234,-0.12168146174384352,-0.06715342778730747,-0.03352007615769955,0.5449249778098338,-0.21680296415038888,-0.5118980953829163,0.8505317485662419,-0.40583972495671383,-0.16278112867447064,0.8119223343984152,-0.1699069165076462,-0.2081478487327801,-0.6981970580620328,-0.7376951317802901,0.7376951317802901,-0.7376951317802901,0.7376951317802901,-0.7376951317802901,0.7376951317802901,-0.7376951317802901,0.7376951317802901,-0.4820426798824101,-0.3075623426146228,0.6158384251930635,-0.4820426798824101,-0.3075623426146228,0.6158384251930635,-0.4820426798824101,-0.3075623426146228,0.6158384251930635,-0.13085598064755344,-0.2359813632291101,-0.2662958158485814,-0.19611613513818404,-0.19300937626135234,-0.12168146174384352,-0.06715342778730747,-0.03352007615769955,0.5449249778098338,-0.13085598064755344,-0.2359813632291101,-0.2662958158485814,-0.19611613513818404,-0.19300937626135234,-0.12168146174384352,-0.06715342778730747,-0.03352007615769955,0.5449249778098338,-0.21680296415038888,-0.5118980953829163,0.8505317485662419,-0.40583972495671383,-0.16278112867447064
1,0.14773955587189427,0.8273772438659699,-0.47454519624983954,-0.4736736092984604,-0.45868653362335343,0.5446511676720712,-0.5095104222433947,1.5713969870477085,-0.6244040257055189,0.14773955587189427,0.8273772438659699,-0.47454519624983954,-0.4736736092984604,-0.45868653362335343,0.5446511676720712,-0.5095104222433947,1.5713969870477085,-0.6244040257055189,-0.1300619078377957,0.5848893598568289,-0.3760014818308347,-0.3895323082701867,-0.3621081173556265,0.4742776039190493,-0.26502528750691384,1.249933111820682,-0.4197245045255844,0.8635041745453002,-0.4030649954631285,-0.4194008220350217,-0.4552537904059585,0.7925352191037062,-0.11969588642374947,2.490162615407983,-0.3576753639798948,-0.2328872501475753,-0.28708333828187355,-0.32078666523533045,-0.39610534423349997,-0.38113017778990566,-0.3694246287326534,-0.2751579580367754,-0.2900883232983121,-0.2955781683826058,-0.3888554871521795,-0.41265547100857053,-0.2943754514063852,-0.3658086479243954,-0.1965128559921827,-0.255068795059142,-0.526879950202164,-0.24011652789111199,-0.40405881965095053,0.5449215208897721,-0.14575511629852972,1.9899792732545456,-0.337529114616601,-0.7538678336953983,0.48431873309923607,-0.564416590908148,1.973254696598896,0.0370826007825713,-0.4271559153457235,1.3555735383351193,-1.3555735383351195,-0.4820426798824101,-0.3075623426146228,0.6158384251930635,-0.13085598064755344,-0.2359813632291101,-0.2662958158485814,-0.19611613513818404,-0.19300937626135234,-0.12168146174384352,-0.06715342778730747,-0.03352007615769955,0.5449249778098338,-0.21680296415038888,-0.5118980953829163,-1.175735064194511,2.4640269015229057,-0.16278112867447064,0.8119223343984152,-0.1699069165076462,-0.2081478487327801,-0.6981970580620328,1.3555735383351193,-1.3555735383351195,1.3555735383351193,-1.3555735383351195,1.3555735383351193,-1.3555735383351195,1.3555735383351193,-1.3555735383351195,-0.4820426798824101,-0.3075623426146228,0.6158384251930635,-0.4820426798824101,-0.3075623426146228,0.6158384251930635,-0.4820426798824101,-0.3075623426146228,0.6158384251930635,-0.13085598064755344,-0.2359813632291101,-0.2662958158485814,-0.19611613513818404,-0.19300937626135234,-0.12168146174384352,-0.06715342778730747,-0.03352007615769955,0.5449249778098338,-0.13085598064755344,-0.2359813632291101,-0.2662958158485814,-0.19611613513818404,-0.19300937626135234,-0.12168146174384352,-0.06715342778730747,-0.03352007615769955,0.5449249778098338,-0.21680296415038888,-0.5118980953829163,-1.175735064194511,2.4640269015229057,-0.16278112867447064
1,0.15162743892115463,-1.5661069258891576,0.4327933656785018,-0.4736736092984604,1.1920156395413324,-1.8194778495589943,-1.1168810094012038,-0.497228546751122,-0.0675031379141101,0.15162743892115463,-1.5661069258891576,0.4327933656785018,-0.4736736092984604,1.1920156395413324,-1.8194778495589943,-1.1168810094012038,-0.497228546751122,-0.0675031379141101,-0.12597223811270677,-0.7307406468906756,0.464548735704926,-0.3895323082701867,1.0808825447551718,-1.1028438039474115,-0.6818357704465821,-0.2937262995849368,0.02457777794961725,-1.4609134070857044,-0.0891393739966534,-0.4194008220350217,0.7830782141785376,-1.6548120390977903,-1.1971699031058678,-0.9243700789097029,-0.5523538913507477,-0.07639966350995119,-0.28708333828187355,0.830441750820343,-0.3368577254273058,-0.09084380059842266,0.2676541019785611,-0.05924801474239681,-0.2900883232983121,-0.2955781683826058,-0.3888554871521795,-0.41265547100857053,-0.2943754514063852,-0.3658086479243954,0.27784643104604495,-0.37707865542291175,0.23016452240689766,0.38044144804912905,0.3139486348987182,-1.83504312030046,-1.2333314759971623,-1.0414210819088798,-0.8069326278282305,-1.1087392780725651,-0.805835472779215,-0.5427168246715761,-0.714793108726999,-0.26058043793158214,-0.23657207930514282,-0.7376951317802901,0.7376951317802901,2.0745051044939435,-0.3075623426146228,-1.6238025415294657,-0.13085598064755344,4.237622777986573,-0.2662958158485814,-0.19611613513818404,-0.19300937626135234,-0.12168146174384352,-0.06715342778730747,-0.03352007615769955,-1.8351149988007645,-0.21680296415038888,-0.5118980953829163,0.8505317485662419,-0.40583972495671383,-0.16278112867447064,-1.2316448970959013,-0.1699069165076462,-0.2081478487327801,1.4322604033532795,-0.7376951317802901,0.7376951317802901,-0.7376951317802901,0.7376951317802901,-0.7376951317802901,0.7376951317802901,-0.7376951317802901,0.7376951317802901,2.0745051044939435,-0.3075623426146228,-1.6238025415294657,2.0745051044939435,-0.3075623426146228,-1.6238025415294657,2.0745051044939435,-0.3075623426146228,-1.6238025415294657,-0.13085598064755344,4.237622777986573,-0.2662958158485814,-0.19611613513818404,-0.19300937626135234,-0.12168146174384352,-0.06715342778730747,-0.03352007615769955,-1.8351149988007645,-0.13085598064755344,4.237622777986573,-0.2662958158485814,-0.19611613513818404,-0.19300937626135234,-0.12168146174384352,-0.06715342778730747,-0.03352007615769955,-1.8351149988007645,-0.21680296415038888,-0.5118980953829163,0.8505317485662419,-0.40583972495671383,-0.16278112867447064
0,0.155515321970415,0.8273772438659699,2.2474704895351842,0.7676298785983874,-0.13659830471317083,0.5446511676720712,-0.5095104222433947,-1.1867703913507321,1.6031995254601163,0.155515321970415,0.8273772438659699,2.2474704895351842,0.7676298785983874,-0.13659830471317083,0.5446511676720712,-0.5095104222433947,-1.1867703913507321,1.6031995254601163,-0.12187412737683334,0.5930525243247555,2.150848450472545,0.7250652225125526,-0.07937931018371265,0.4812419920535404,-0.26130574888016606,-0.8093436624432769,1.3593130298298526,0.8635041745453002,2.4222655977351475,0.9889639986931354,0.4734952130324136,0.7925352191037062,-0.11969588642374947,-0.9243700789097029,1.9784669644703399,1.1755010295910417,1.2294656009028064,0.6280279633819829,2.3766832158963864,1.244103742919098,0.2676541019785611,1.3441666166710637,0.07498045644575013,0.059967986748755274,0.9624460102277982,0.4725028221561908,-0.080437011599624,0.6896819780491676,-0.16504316670574418,0.36140207835780014,-0.2222426551299511,-0.42111260420701563,0.07737970478697764,0.5449215208897721,-0.14575511629852972,-0.7634324030510985,1.8162046518838164,-0.7538678336953983,-0.9118592256168716,0.6466370295329145,-1.0134650870965427,-0.3598014508363,1.097514772978922,1.3555735383351193,-1.3555735383351195,-0.4820426798824101,-0.3075623426146228,0.6158384251930635,-0.13085598064755344,-0.2359813632291101,-0.2662958158485814,-0.19611613513818404,-0.19300937626135234,-0.12168146174384352,-0.06715342778730747,-0.03352007615769955,0.5449249778098338,-0.21680296415038888,1.9535138126504805,-1.175735064194511,-0.40583972495671383,-0.16278112867447064,-1.2316448970959013,-0.1699069165076462,4.804277373453898,-0.6981970580620328,1.3555735383351193,-1.3555735383351195,1.3555735383351193,-1.3555735383351195,1.3555735383351193,-1.3555735383351195,1.3555735383351193,-1.3555735383351195,-0.4820426798824101,-0.3075623426146228,0.6158384251930635,-0.4820426798824101,-0.3075623426146228,0.6158384251930635,-0.4820426798824101,-0.3075623426146228,0.6158384251930635,-0.13085598064755344,-0.2359813632291101,-0.2662958158485814,-0.19611613513818404,-0.19300937626135234,-0.12168146174384352,-0.06715342778730747,-0.03352007615769955,0.5449249778098338,-0.13085598064755344,-0.2359813632291101,-0.2662958158485814,-0.19611613513818404,-0.19300937626135234,-0.12168146174384352,-0.06715342778730747,-0.03352007615769955,0.5449249778098338,-0.21680296415038888,1.9535138126504805,-1.175735064194511,-0.40583972495671383,-0.16278112867447064
1,0.1594032050196754,-1.5661069258891576,0.4327933656785018,-0.4736736092984604,1.1718851252344458,-1.747233654090395,-0.5095104222433947,0.5370842201482933,-0.0675031379141101,0.1594032050196754,-1.5661069258891576,0.4327933656785018,-0.4736736092984604,1.1718851252344458,-1.747233654090395,-0.5095104222433947,0.5370842201482933,-0.0675031379141101,-0.11776757563017543,-0.7280195920680335,0.468014922168991,-0.3895323082701867,1.0698186127321496,-1.0538973423690576,-0.25944597956679216,0.48688326833372675,0.028234586858878172,-1.4609134070857044,-0.0891393739966534,-0.4194008220350217,0.7637292766069049,-1.6309715720209197,-0.9942108085507874,-0.4975534921199921,-0.5523538913507477,-0.07639966350995119,-0.28708333828187355,0.8177908891054455,-0.31042417242146536,0.16061446244642888,0.9047328326897756,-0.05924801474239681,-0.2900883232983121,-0.2955781683826058,-0.3888554871521795,-0.41265547100857053,-0.2943754514063852,-0.3658086479243954,0.26737581751507916,-0.2803751068007398,1.0153463561009144,1.2434048833410267,0.3056479706842712,-1.8243260033503432,-1.1676099405747105,-0.9161734353905387,-0.7761346597668339,-0.7538678336953983,-0.03924800141930428,-0.26165318579788244,0.29322481827021163,0.33474563949672476,-0.23657207930514282,1.3555735383351193,-1.3555735383351195,-0.4820426798824101,-0.3075623426146228,0.6158384251930635,-0.13085598064755344,-0.2359813632291101,3.755222352305419,-0.19611613513818404,-0.19300937626135234,-0.12168146174384352,-0.06715342778730747,-0.03352007615769955,-1.8351149988007645,-0.21680296415038888,-0.5118980953829163,-1.175735064194511,2.4640269015229057,-0.16278112867447064,-1.2316448970959013,-0.1699069165076462,-0.2081478487327801,1.4322604033532795,1.3555735383351193,-1.3555735383351195,1.3555735383351193,-1.3555735383351195,1.3555735383351193,-1.3555735383351195,1.3555735383351193,-1.3555735383351195,-0.4820426798824101,-0.3075623426146228,0.6158384251930635,-0.4820426798824101,-0.3075623426146228,0.6158384251930635,-0.4820426798824101,-0.3075623426146228,0.6158384251930635,-0.13085598064755344,-0.2359813632291101,3.755222352305419,-0.19611613513818404,-0.19300937626135234,-0.12168146174384352,-0.06715342778730747,-0.03352007615769955,-1.8351149988007645,-0.13085598064755344,-0.2359813632291101,3.755222352305419,-0.19611613513818404,-0.19300937626135234,-0.12168146174384352,-0.06715342778730747,-0.03352007615769955,-1.8351149988007645,-0.21680296415038888,-0.5118980953829163,-1.175735064194511,2.4640269015229057,-0.16278112867447064
0,0.16329108806893577,-1.5661069258891576,-0.47454519624983954,-0.4736736092984604,-0.056076247485625196,-1.8194778495589943,-1.1168810094012038,1.5713969870477085,-0.6244040257055189,0.16329108806893577,-1.5661069258891576,-0.47454519624983954,-0.4736736092984604,-0.056076247485625196,-1.8194778495589943,-1.1168810094012038,1.5713969870477085,-0.6244040257055189,-0.113652582872733,-0.7266590646567124,-0.3760014818308347,-0.3895323082701867,-0.006756385888335246,-1.102174151242172,-0.6788461754069947,1.269089174837091,-0.41606769561632345,-1.4609134070857044,-0.4030649954631285,-0.4194008220350217,-0.416555915262693,-1.6548120390977903,-1.1971699031058678,-0.07073690533028135,-0.7470324187216006,-0.2328872501475753,-0.28708333828187355,-0.32078666523533045,-0.39610534423349997,-0.38113017778990566,-0.3694246287326534,-0.2751579580367754,-0.2900883232983121,-0.2955781683826058,-0.3888554871521795,-0.41265547100857053,-0.2943754514063852,-0.3658086479243954,-0.15254784890083478,-0.530208439685133,-0.4023737519601931,0.34165657455286397,-0.3210521775064802,-1.83504312030046,-1.2333314759971623,-0.9090455205480316,-0.8414475920349679,-1.1087392780725651,-0.24474347742487473,-0.7049484103449949,1.973254696598896,0.0370826007825713,-0.4271559153457235,-0.7376951317802901,0.7376951317802901,2.0745051044939435,-0.3075623426146228,-1.6238025415294657,-0.13085598064755344,4.237622777986573,-0.2662958158485814,-0.19611613513818404,-0.19300937626135234,-0.12168146174384352,-0.06715342778730747,-0.03352007615769955,-1.8351149988007645,-0.21680296415038888,-0.5118980953829163,0.8505317485662419,-0.40583972495671383,-0.16278112867447064,0.8119223343984152,-0.1699069165076462,-0.2081478487327801,-0.6981970580620328,-0.7376951317802901,0.7376951317802901,-0.7376951317802901,0.7376951317802901,-0.7376951317802901,0.7376951317802901,-0.7376951317802901,0.7376951317802901,2.0745051044939435,-0.3075623426146228,-1.6238025415294657,2.0745051044939435,-0.3075623426146228,-1.6238025415294657,2.0745051044939435,-0.3075623426146228,-1.6238025415294657,-0.13085598064755344,4.237622777986573,-0.2662958158485814,-0.19611613513818404,-0.19300937626135234,-0.12168146174384352,-0.06715342778730747,-0.03352007615769955,-1.8351149988007645,-0.13085598064755344,4.237622777986573,-0.2662958158485814,-0.19611613513818404,-0.19300937626135234,-0.12168146174384352,-0.06715342778730747,-0.03352007615769955,-1.8351149988007645,-0.21680296415038888,-0.5118980953829163,0.8505317485662419,-0.40583972495671383,-0.16278112867447064
0,0.16717897111819613,0.8273772438659699,-0.47454519624983954,-0.4736736092984604,-0.4788170479302398,0.5446511676720712,0.96425644365423,0.19231329784848822,-0.6244040257055189,0.16717897111819613,0.8273772438659699,-0.47454519624983954,-0.4736736092984604,-0.4788170479302398,0.5446511676720712,0.96425644365423,0.19231329784848822,-0.6244040257055189,-0.10952914910450608,0.6052972710266454,-0.3760014818308347,-0.3895323082701867,-0.3782143003661897,0.49168857425527707,0.7685430952345068,0.23306543336630853,-0.41515349338900825,0.8635041745453002,-0.4030649954631285,-0.4194008220350217,-0.5133006031208568,0.7925352191037062,1.3577269342345568,0.7828962682491402,-0.3576753639798948,-0.2328872501475753,-0.28708333828187355,-0.32078666523533045,-0.39610534423349997,-0.38113017778990566,-0.3694246287326534,-0.2751579580367754,-0.2900883232983121,-0.2955781683826058,-0.3888554871521795,-0.41265547100857053,-0.2943754514063852,-0.3658086479243954,-0.1974962837823839,-0.29359822464770086,-0.374366355591566,-0.3726315123366843,-0.40820915175817407,0.5449215208897721,1.1227307914744915,0.6132734351017236,-0.337529114616601,0.9989187709831968,0.7690342042026062,-0.22342026433344614,-0.1174491519879112,-0.3598014508363,-0.4271559153457235,-0.7376951317802901,0.7376951317802901,-0.4820426798824101,-0.3075623426146228,0.6158384251930635,-0.13085598064755344,-0.2359813632291101,-0.2662958158485814,-0.19611613513818404,-0.19300937626135234,-0.12168146174384352,-0.06715342778730747,-0.03352007615769955,0.5449249778098338,-0.21680296415038888,-0.5118980953829163,0.8505317485662419,-0.40583972495671383,-0.16278112867447064,0.8119223343984152,-0.1699069165076462,-0.2081478487327801,-0.6981970580620328,-0.7376951317802901,0.7376951317802901,-0.7376951317802901,0.7376951317802901,-0.7376951317802901,0.7376951317802901,-0.7376951317802901,0.7376951317802901,-0.4820426798824101,-0.3075623426146228,0.6158384251930635,-0.4820426798824101,-0.3075623426146228,0.6158384251930635,-0.4820426798824101,-0.3075623426146228,0.6158384251930635,-0.13085598064755344,-0.2359813632291101,-0.2662958158485814,-0.19611613513818404,-0.19300937626135234,-0.12168146174384352,-0.06715342778730747,-0.03352007615769955,0.5449249778098338,-0.13085598064755344,-0.2359813632291101,-0.2662958158485814,-0.19611613513818404,-0.19300937626135234,-0.12168146174384352,-0.06715342778730747,-0.03352007615769955,0.5449249778098338,-0.21680296415038888,-0.5118980953829163,0.8505317485662419,-0.40583972495671383,-0.16278112867447064
1,0.1710668541674565,0.8273772438659699,0.4327933656785018,0.7676298785983874,-0.33790344778203496,0.5446511676720712,0.96425644365423,-1.5315413136505371,0.48939774987729867,0.1710668541674565,0.8273772438659699,0.4327933656785018,0.7676298785983874,-0.33790344778203496,0.5446511676720712,0.96425644365423,-1.5315413136505371,0.48939774987729867,-0.10539727432549464,0.6093788532606087,0.4732142018650885,0.7342388647412171,-0.2535002075952069,0.49517076832252266,0.7724974852762541,-1.0679505131647973,0.4816788916072321,0.8635041745453002,0.5387118689362969,0.9889639986931354,-0.10697291411656897,0.7925352191037062,1.3577269342345568,-1.3511866656994136,0.8103958002452226,-0.07639966350995119,0.2184329747796864,-0.1310237395118678,0.5281575091431288,0.770770541893495,-0.3694246287326534,0.048706956904792466,0.07498045644575013,-0.08225047530378916,0.9624460102277982,1.4694387837410756,-0.2943754514063852,0.26748572765974243,-0.1881826441222431,-0.023892217527788678,-0.09097829163893781,-0.5019144239909011,-0.2546468637909039,0.5449215208897721,1.1227307914744915,-1.107608862589304,0.7393377686336078,0.9989187709831968,-1.086381470456385,1.0640991990364888,-1.0507990843927357,-0.855906515359889,0.08106764742915833,-0.7376951317802901,0.7376951317802901,-0.4820426798824101,-0.3075623426146228,0.6158384251930635,-0.13085598064755344,-0.2359813632291101,-0.2662958158485814,-0.19611613513818404,-0.19300937626135234,-0.12168146174384352,-0.06715342778730747,-0.03352007615769955,0.5449249778098338,4.612483062299524,-0.5118980953829163,-1.175735064194511,-0.40583972495671383,-0.16278112867447064,-1.2316448970959013,-0.1699069165076462,-0.2081478487327801,1.4322604033532795,-0.7376951317802901,0.7376951317802901,-0.7376951317802901,0.7376951317802901,-0.7376951317802901,0.7376951317802901,-0.7376951317802901,0.7376951317802901,-0.4820426798824101,-0.3075623426146228,0.6158384251930635,-0.4820426798824101,-0.3075623426146228,0.6158384251930635,-0.4820426798824101,-0.3075623426146228,0.6158384251930635,-0.13085598064755344,-0.2359813632291101,-0.2662958158485814,-0.19611613513818404,-0.19300937626135234,-0.12168146174384352,-0.06715342778730747,-0.03352007615769955,0.5449249778098338,-0.13085598064755344,-0.2359813632291101,-0.2662958158485814,-0.19611613513818404,-0.19300937626135234,-0.12168146174384352,-0.06715342778730747,-0.03352007615769955,0.5449249778098338,4.612483062299524,-0.5118980953829163,-1.175735064194511,-0.40583972495671383,-0.16278112867447064
0,0.1749547372167169,0.8273772438659699,0.4327933656785018,-0.4736736092984604,-0.25738139055448933,0.5446511676720712,0.96425644365423,-1.1867703913507321,-0.6244040257055189,0.1749547372167169,0.8273772438659699,0.4327933656785018,-0.4736736092984604,-0.25738139055448933,0.5446511676720712,0.96425644365423,-1.1867703913507321,-0.6244040257055189,-0.10125695853569873,0.6134604354945721,0.47494729509712097,-0.3895323082701867,-0.18171161259992627,0.4986529623897682,0.7764518753180012,-0.8066830981354424,-0.4133250889343778,0.8635041745453002,0.5387118689362969,-0.4194008220350217,0.12521433674302407,0.7925352191037062,1.3577269342345568,-0.9243700789097029,-0.3576753639798948,-0.07639966350995119,-0.28708333828187355,-0.08042029265227776,0.5281575091431288,0.770770541893495,-0.15706505182891523,-0.16720298638958608,-0.2900883232983121,-0.2955781683826058,-0.3888554871521795,-0.41265547100857053,-0.2943754514063852,-0.3658086479243954,-0.18031522180063347,0.13022550082644685,0.07095774490542116,-0.44050504095514814,-0.3625554985787154,0.5449215208897721,1.1227307914744915,-0.7634324030510985,-0.337529114616601,0.9989187709831968,-0.7152983355245868,-0.22342026433344614,-1.0134650870965427,-0.7566855024551713,-0.4271559153457235,-0.7376951317802901,0.7376951317802901,-0.4820426798824101,-0.3075623426146228,0.6158384251930635,-0.13085598064755344,-0.2359813632291101,-0.2662958158485814,-0.19611613513818404,-0.19300937626135234,-0.12168146174384352,-0.06715342778730747,-0.03352007615769955,0.5449249778098338,-0.21680296415038888,-0.5118980953829163,0.8505317485662419,-0.40583972495671383,-0.16278112867447064,-1.2316448970959013,-0.1699069165076462,-0.2081478487327801,1.4322604033532795,-0.7376951317802901,0.7376951317802901,-0.7376951317802901,0.7376951317802901,-0.7376951317802901,0.7376951317802901,-0.7376951317802901,0.7376951317802901,-0.4820426798824101,-0.3075623426146228,0.6158384251930635,-0.4820426798824101,-0.3075623426146228,0.6158384251930635,-0.4820426798824101,-0.3075623426146228,0.6158384251930635,-0.13085598064755344,-0.2359813632291101,-0.2662958158485814,-0.19611613513818404,-0.19300937626135234,-0.12168146174384352,-0.06715342778730747,-0.03352007615769955,0.5449249778098338,-0.13085598064755344,-0.2359813632291101,-0.2662958158485814,-0.19611613513818404,-0.19300937626135234,-0.12168146174384352,-0.06715342778730747,-0.03352007615769955,0.5449249778098338,-0.21680296415038888,-0.5118980953829163,0.8505317485662419,-0.40583972495671383,-0.16278112867447064
0,0.17884262026597728,0.8273772438659699,-0.47454519624983954,-0.4736736092984604,-0.4989475622371262,0.5446511676720712,0.96425644365423,-0.841999469050927,-0.6244040257055189,0.17884262026597728,0.8273772438659699,-0.47454519624983954,-0.4736736092984604,-0.4989475622371262,0.5446511676720712,0.96425644365423,-0.841999469050927,-0.6244040257055189,-0.09710820173511832,0.6175420177285353,-0.3760014818308347,-0.3895323082701867,-0.3951910878638104,0.5021351564570138,0.7804062653597484,-0.5443514573829535,-0.41241088670706255,0.8635041745453002,-0.4030649954631285,-0.4194008220350217,-0.571347415835755,0.7925352191037062,1.3577269342345568,-0.4975534921199921,-0.3576753639798948,-0.2328872501475753,-0.28708333828187355,-0.32078666523533045,-0.39610534423349997,-0.38113017778990566,-0.3694246287326534,-0.2751579580367754,-0.2900883232983121,-0.2955781683826058,-0.3888554871521795,-0.41265547100857053,-0.2943754514063852,-0.3658086479243954,-0.19836401418550262,-0.33212765423625973,-0.41485036472765574,-0.45666540491192525,-0.4123594838653976,0.5449215208897721,1.1227307914744915,-0.41925594351289297,-0.337529114616601,0.9989187709831968,-0.34421520059278854,-0.22342026433344614,-0.9014630952079639,-0.6574644895504534,-0.4271559153457235,-0.7376951317802901,0.7376951317802901,-0.4820426798824101,-0.3075623426146228,0.6158384251930635,-0.13085598064755344,-0.2359813632291101,-0.2662958158485814,-0.19611613513818404,-0.19300937626135234,-0.12168146174384352,-0.06715342778730747,-0.03352007615769955,0.5449249778098338,-0.21680296415038888,-0.5118980953829163,0.8505317485662419,-0.40583972495671383,-0.16278112867447064,0.8119223343984152,-0.1699069165076462,-0.2081478487327801,-0.6981970580620328,-0.7376951317802901,0.7376951317802901,-0.7376951317802901,0.7376951317802901,-0.7376951317802901,0.7376951317802901,-0.7376951317802901,0.7376951317802901,-0.4820426798824101,-0.3075623426146228,0.6158384251930635,-0.4820426798824101,-0.3075623426146228,0.6158384251930635,-0.4820426798824101,-0.3075623426146228,0.6158384251930635,-0.13085598064755344,-0.2359813632291101,-0.2662958158485814,-0.19611613513818404,-0.19300937626135234,-0.12168146174384352,-0.06715342778730747,-0.03352007615769955,0.5449249778098338,-0.13085598064755344,-0.2359813632291101,-0.2662958158485814,-0.19611613513818404,-0.19300937626135234,-0.12168146174384352,-0.06715342778730747,-0.03352007615769955,0.5449249778098338,-0.21680296415038888,-0.5118980953829163,0.8505317485662419,-0.40583972495671383,-0.16278112867447064
0,0.18273050331523763,-1.5661069258891576,-0.47454519624983954,-0.4736736092984604,-0.03594573317873878,-1.747233654090395,0.96425644365423,1.5713969870477085,-0.6244040257055189,0.18273050331523763,-1.5661069258891576,-0.47454519624983954,-0.4736736092984604,-0.03594573317873878,-1.747233654090395,0.96425644365423,1.5713969870477085,-0.6244040257055189,-0.09295100392375341,-0.7198564276001068,-0.3760014818308347,-0.3895323082701867,0.0163871833926092,-1.0519605006985187,0.7843606554014956,1.2930342536076023,-0.41149668447974735,-1.4609134070857044,-0.4030649954631285,-0.4194008220350217,-0.3972069776910602,-1.6309715720209197,-0.5017365349980186,-0.07073690533028135,-0.7470324187216006,-0.2328872501475753,-0.28708333828187355,-0.32078666523533045,-0.39610534423349997,-0.38113017778990566,-0.3694246287326534,-0.2751579580367754,-0.2900883232983121,-0.2955781683826058,-0.3888554871521795,-0.41265547100857053,-0.2943754514063852,-0.3658086479243954,-0.1491347759819012,-0.4946808098376945,0.5162818454024083,0.3707452296750628,-0.31690184539925664,-1.8243260033503432,-1.050018544785101,-0.8204557217911562,-0.8260486080042697,0.9989187709831968,2.2533667439297993,-0.22342026433344614,1.973254696598896,0.0370826007825713,-0.4271559153457235,-0.7376951317802901,0.7376951317802901,-0.4820426798824101,-0.3075623426146228,0.6158384251930635,-0.13085598064755344,-0.2359813632291101,3.755222352305419,-0.19611613513818404,-0.19300937626135234,-0.12168146174384352,-0.06715342778730747,-0.03352007615769955,-1.8351149988007645,-0.21680296415038888,-0.5118980953829163,0.8505317485662419,-0.40583972495671383,-0.16278112867447064,0.8119223343984152,-0.1699069165076462,-0.2081478487327801,-0.6981970580620328,-0.7376951317802901,0.7376951317802901,-0.7376951317802901,0.7376951317802901,-0.7376951317802901,0.7376951317802901,-0.7376951317802901,0.7376951317802901,-0.4820426798824101,-0.3075623426146228,0.6158384251930635,-0.4820426798824101,-0.3075623426146228,0.6158384251930635,-0.4820426798824101,-0.3075623426146228,0.6158384251930635,-0.13085598064755344,-0.2359813632291101,3.755222352305419,-0.19611613513818404,-0.19300937626135234,-0.12168146174384352,-0.06715342778730747,-0.03352007615769955,-1.8351149988007645,-0.13085598064755344,-0.2359813632291101,3.755222352305419,-0.19611613513818404,-0.19300937626135234,-0.12168146174384352,-0.06715342778730747,-0.03352007615769955,-1.8351149988007645,-0.21680296415038888,-0.5118980953829163,0.8505317485662419,-0.40583972495671383,-0.16278112867447064
0,0.186618386364498,-1.5661069258891576,-0.47454519624983954,-0.4736736092984604,0.346534038652103,0.5446511676720712,-1.1168810094012038,1.5713969870477085,-0.6244040257055189,0.186618386364498,-1.5661069258891576,-0.47454519624983954,-0.4736736092984604,0.346534038652103,0.5446511676720712,-1.1168810094012038,1.5713969870477085,-0.6244040257055189,-0.088785365101604,-0.7184959001887857,-0.3760014818308347,-0.3895323082701867,0.3579543438148238,0.5090995445915049,-0.6728669853278199,1.2978232693617044,-0.4105824822524321,-1.4609134070857044,-0.4030649954631285,-0.4194008220350217,-0.02957716383003796,-0.8746533061339944,-1.1971699031058678,-0.07073690533028135,-0.7470324187216006,-0.2328872501475753,-0.28708333828187355,-0.32078666523533045,-0.39610534423349997,-0.38113017778990566,-0.3694246287326534,-0.2751579580367754,-0.2900883232983121,-0.2955781683826058,-0.3888554871521795,-0.41265547100857053,-0.2943754514063852,-0.3658086479243954,-0.062303886976489024,1.2861083884832132,-0.1983291473256477,0.92342967699684,-0.23804553536200979,0.5449215208897721,-0.6685250661686233,1.9899792732545456,-0.337529114616601,-1.1087392780725651,-0.24474347742487473,-0.7049484103449949,1.973254696598896,0.0370826007825713,-0.4271559153457235,-0.7376951317802901,0.7376951317802901,2.0745051044939435,-0.3075623426146228,-1.6238025415294657,-0.13085598064755344,-0.2359813632291101,-0.2662958158485814,-0.19611613513818404,-0.19300937626135234,-0.12168146174384352,-0.06715342778730747,-0.03352007615769955,0.5449249778098338,-0.21680296415038888,-0.5118980953829163,0.8505317485662419,-0.40583972495671383,-0.16278112867447064,0.8119223343984152,-0.1699069165076462,-0.2081478487327801,-0.6981970580620328,-0.7376951317802901,0.7376951317802901,-0.7376951317802901,0.7376951317802901,-0.7376951317802901,0.7376951317802901,-0.7376951317802901,0.7376951317802901,2.0745051044939435,-0.3075623426146228,-1.6238025415294657,2.0745051044939435,-0.3075623426146228,-1.6238025415294657,2.0745051044939435,-0.3075623426146228,-1.6238025415294657,-0.13085598064755344,-0.2359813632291101,-0.2662958158485814,-0.19611613513818404,-0.19300937626135234,-0.12168146174384352,-0.06715342778730747,-0.03352007615769955,0.5449249778098338,-0.13085598064755344,-0.2359813632291101,-0.2662958158485814,-0.19611613513818404,-0.19300937626135234,-0.12168146174384352,-0.06715342778730747,-0.03352007615769955,0.5449249778098338,-0.21680296415038888,-0.5118980953829163,0.8505317485662419,-0.40583972495671383,-0.16278112867447064
0,0.1905062694137584,0.8273772438659699,-0.47454519624983954,-0.4736736092984604,-0.4788170479302398,0.5446511676720712,0.96425644365423,-0.841999469050927,-0.6244040257055189,0.1905062694137584,0.8273772438659699,-0.47454519624983954,-0.4736736092984604,-0.4788170479302398,0.5446511676720712,0.96425644365423,-0.841999469050927,-0.6244040257055189,-0.0846112852686701,0.6297867644304252,-0.3760014818308347,-0.3895323082701867,-0.37647309139207474,0.5125817386587505,0.79226943548499,-0.541158780213552,-0.40966828002511685,0.8635041745453002,-0.4030649954631285,-0.4194008220350217,-0.5133006031208568,0.7925352191037062,1.3577269342345568,-0.4975534921199921,-0.3576753639798948,-0.2328872501475753,-0.28708333828187355,-0.32078666523533045,-0.39610534423349997,-0.38113017778990566,-0.3694246287326534,-0.2751579580367754,-0.2900883232983121,-0.2955781683826058,-0.3888554871521795,-0.41265547100857053,-0.2943754514063852,-0.3658086479243954,-0.1974962837823839,-0.29359822464770086,-0.374366355591566,-0.4502012593292144,-0.40820915175817407,0.5449215208897721,1.1227307914744915,-0.41925594351289297,-0.337529114616601,0.9989187709831968,-0.34421520059278854,-0.22342026433344614,-0.9014630952079639,-0.6574644895504534,-0.4271559153457235,-0.7376951317802901,0.7376951317802901,-0.4820426798824101,-0.3075623426146228,0.6158384251930635,-0.13085598064755344,-0.2359813632291101,-0.2662958158485814,-0.19611613513818404,-0.19300937626135234,-0.12168146174384352,-0.06715342778730747,-0.03352007615769955,0.5449249778098338,-0.21680296415038888,-0.5118980953829163,0.8505317485662419,-0.40583972495671383,-0.16278112867447064,0.8119223343984152,-0.1699069165076462,-0.2081478487327801,-0.6981970580620328,-0.7376951317802901,0.7376951317802901,-0.7376951317802901,0.7376951317802901,-0.7376951317802901,0.7376951317802901,-0.7376951317802901,0.7376951317802901,-0.4820426798824101,-0.3075623426146228,0.6158384251930635,-0.4820426798824101,-0.3075623426146228,0.6158384251930635,-0.4820426798824101,-0.3075623426146228,0.6158384251930635,-0.13085598064755344,-0.2359813632291101,-0.2662958158485814,-0.19611613513818404,-0.19300937626135234,-0.12168146174384352,-0.06715342778730747,-0.03352007615769955,0.5449249778098338,-0.13085598064755344,-0.2359813632291101,-0.2662958158485814,-0.19611613513818404,-0.19300937626135234,-0.12168146174384352,-0.06715342778730747,-0.03352007615769955,0.5449249778098338,-0.21680296415038888,-0.5118980953829163,0.8505317485662419,-0.40583972495671383,-0.16278112867447064
0,0.19439415246301878,0.8273772438659699,-0.47454519624983954,-0.4736736092984604,-0.35803396208892135,0.5446511676720712,-1.1168810094012038,0.5370842201482933,-0.0675031379141101,0.19439415246301878,0.8273772438659699,-0.47454519624983954,-0.4736736092984604,-0.35803396208892135,0.5446511676720712,-1.1168810094012038,0.5370842201482933,-0.0675031379141101,-0.08042876442495168,0.6338683466643885,-0.3760014818308347,-0.3895323082701867,-0.2682279335012625,0.516063932725996,-0.670873921968095,0.5156173628583401,0.0446902269505523,0.8635041745453002,-0.4030649954631285,-0.4194008220350217,-0.16501972683146723,0.7925352191037062,-0.7285731700889909,1.209712855038851,0.2263602181326639,-0.2328872501475753,-0.28708333828187355,-0.32078666523533045,-0.39610534423349997,-0.38113017778990566,-0.3694246287326534,-0.2751579580367754,-0.2900883232983121,-0.2955781683826058,-0.3888554871521795,-0.41265547100857053,-0.2943754514063852,-0.3658086479243954,-0.18986025623493927,-0.06242164711634756,-0.5554072054361021,-0.23042030951704573,-0.32520250961370367,0.5449215208897721,-0.6685250661686233,0.9574498946399291,0.20090432700850336,-1.1087392780725651,-0.5252894751020448,-0.5427168246715761,0.29322481827021163,0.33474563949672476,-0.23657207930514282,-0.7376951317802901,0.7376951317802901,2.0745051044939435,-0.3075623426146228,-1.6238025415294657,-0.13085598064755344,-0.2359813632291101,-0.2662958158485814,-0.19611613513818404,-0.19300937626135234,-0.12168146174384352,-0.06715342778730747,-0.03352007615769955,0.5449249778098338,-0.21680296415038888,-0.5118980953829163,0.8505317485662419,-0.40583972495671383,-0.16278112867447064,0.8119223343984152,-0.1699069165076462,-0.2081478487327801,-0.6981970580620328,-0.7376951317802901,0.7376951317802901,-0.7376951317802901,0.7376951317802901,-0.7376951317802901,0.7376951317802901,-0.7376951317802901,0.7376951317802901,2.0745051044939435,-0.3075623426146228,-1.6238025415294657,2.0745051044939435,-0.3075623426146228,-1.6238025415294657,2.0745051044939435,-0.3075623426146228,-1.6238025415294657,-0.13085598064755344,-0.2359813632291101,-0.2662958158485814,-0.19611613513818404,-0.19300937626135234,-0.12168146174384352,-0.06715342778730747,-0.03352007615769955,0.5449249778098338,-0.13085598064755344,-0.2359813632291101,-0.2662958158485814,-0.19611613513818404,-0.19300937626135234,-0.12168146174384352,-0.06715342778730747,-0.03352007615769955,0.5449249778098338,-0.21680296415038888,-0.5118980953829163,0.8505317485662419,-0.40583972495671383,-0.16278112867447064
1,0.19828203551227916,-1.5661069258891576,0.4327933656785018,-0.4736736092984604,0.9303189535518089,-1.8668102534866975,-1.3133832581875537,1.5713969870477085,-0.0675031379141101,0.19828203551227916,-1.5661069258891576,0.4327933656785018,-0.4736736092984604,0.9303189535518089,-1.8668102534866975,-1.3133832581875537,1.5713969870477085,-0.0675031379141101,-0.07623780257044879,-0.7144143179548225,0.48534585448931594,-0.3895323082701867,0.8861210659630232,-1.1325935546422323,-0.8086809238884376,1.3121903166240112,0.04651863140518277,-1.4609134070857044,-0.0891393739966534,-0.4194008220350217,0.5315420257473119,-1.6704316554584984,-1.2628331395795704,-0.07073690533028135,-0.5523538913507477,-0.07639966350995119,-0.28708333828187355,0.6659805485266753,-0.35417626015527026,-0.17219794452469814,1.5418115634009901,-0.05924801474239681,-0.2900883232983121,-0.2955781683826058,-0.3888554871521795,-0.41265547100857053,-0.2943754514063852,-0.3658086479243954,0.1507528513359247,-0.46549875665819435,-0.12548392382395168,1.767000675540605,0.20604000011090673,-1.8399449636419904,-1.2523121374645567,-0.9670871128370189,-0.8271106069029386,-1.177626087863427,-0.4806165455356165,-0.6336491784248299,1.973254696598896,0.9300717169250317,-0.23657207930514282,1.3555735383351193,-1.3555735383351195,2.0745051044939435,-0.3075623426146228,-1.6238025415294657,-0.13085598064755344,-0.2359813632291101,-0.2662958158485814,5.099019513592785,-0.19300937626135234,-0.12168146174384352,-0.06715342778730747,-0.03352007615769955,-1.8351149988007645,-0.21680296415038888,1.9535138126504805,-1.175735064194511,-0.40583972495671383,-0.16278112867447064,-1.2316448970959013,-0.1699069165076462,-0.2081478487327801,1.4322604033532795,1.3555735383351193,-1.3555735383351195,1.3555735383351193,-1.3555735383351195,1.3555735383351193,-1.3555735383351195,1.3555735383351193,-1.3555735383351195,2.0745051044939435,-0.3075623426146228,-1.6238025415294657,2.0745051044939435,-0.3075623426146228,-1.6238025415294657,2.0745051044939435,-0.3075623426146228,-1.6238025415294657,-0.13085598064755344,-0.2359813632291101,-0.2662958158485814,5.099019513592785,-0.19300937626135234,-0.12168146174384352,-0.06715342778730747,-0.03352007615769955,-1.8351149988007645,-0.13085598064755344,-0.2359813632291101,-0.2662958158485814,5.099019513592785,-0.19300937626135234,-0.12168146174384352,-0.06715342778730747,-0.03352007615769955,-1.8351149988007645,-0.21680296415038888,1.9535138126504805,-1.175735064194511,-0.40583972495671383,-0.16278112867447064
0,0.2021699185615395,0.8273772438659699,-0.47454519624983954,-0.4736736092984604,-0.33790344778203496,0.5446511676720712,0.96425644365423,0.8818551424480984,-0.0675031379141101,0.2021699185615395,0.8273772438659699,-0.47454519624983954,-0.4736736092984604,-0.33790344778203496,0.5446511676720712,0.96425644365423,0.8818551424480984,-0.0675031379141101,-0.07203839970516139,0.6420315111323152,-0.3760014818308347,-0.3895323082701867,-0.24914718515991957,0.5230283208604871,0.8041326056102316,0.7869949222574665,0.048347035859813224,0.8635041745453002,-0.4030649954631285,-0.4194008220350217,-0.10697291411656897,0.7925352191037062,1.3577269342345568,1.6365294418285616,0.2263602181326639,-0.2328872501475753,-0.28708333828187355,-0.32078666523533045,-0.39610534423349997,-0.38113017778990566,-0.3694246287326534,-0.2751579580367754,-0.2900883232983121,-0.2955781683826058,-0.3888554871521795,-0.41265547100857053,-0.2943754514063852,-0.3658086479243954,-0.1881826441222431,-0.023892217527788678,-0.09097829163893781,-0.16254678089858185,-0.31690184539925664,0.5449215208897721,1.1227307914744915,1.3016263541781348,0.20090432700850336,0.9989187709831968,1.5112004740662026,0.42033946735152133,0.7785667831207204,0.5331876653061604,-0.23657207930514282,-0.7376951317802901,0.7376951317802901,-0.4820426798824101,-0.3075623426146228,0.6158384251930635,-0.13085598064755344,-0.2359813632291101,-0.2662958158485814,-0.19611613513818404,-0.19300937626135234,-0.12168146174384352,-0.06715342778730747,-0.03352007615769955,0.5449249778098338,-0.21680296415038888,-0.5118980953829163,0.8505317485662419,-0.40583972495671383,-0.16278112867447064,0.8119223343984152,-0.1699069165076462,-0.2081478487327801,-0.6981970580620328,-0.7376951317802901,0.7376951317802901,-0.7376951317802901,0.7376951317802901,-0.7376951317802901,0.7376951317802901,-0.7376951317802901,0.7376951317802901,-0.4820426798824101,-0.3075623426146228,0.6158384251930635,-0.4820426798824101,-0.3075623426146228,0.6158384251930635,-0.4820426798824101,-0.3075623426146228,0.6158384251930635,-0.13085598064755344,-0.2359813632291101,-0.2662958158485814,-0.19611613513818404,-0.19300937626135234,-0.12168146174384352,-0.06715342778730747,-0.03352007615769955,0.5449249778098338,-0.13085598064755344,-0.2359813632291101,-0.2662958158485814,-0.19611613513818404,-0.19300937626135234,-0.12168146174384352,-0.06715342778730747,-0.03352007615769955,0.5449249778098338,-0.21680296415038888,-0.5118980953829163,0.8505317485662419,-0.40583972495671383,-0.16278112867447064
0,0.2060578016107999,-1.5661069258891576,0.4327933656785018,2.0089333664952354,2.399846497954517,-1.747233654090395,-0.5095104222433947,-0.497228546751122,2.160100413251525,0.2060578016107999,-1.5661069258891576,0.4327933656785018,2.0089333664952354,2.399846497954517,-1.747233654090395,-0.5095104222433947,-0.497228546751122,2.160100413251525,-0.06783055582908949,-0.7116932631321803,0.48881204095338093,1.8992914277816113,2.213176230547335,-1.0500236590279797,-0.23712874780630558,-0.2713775593991264,1.874923086035642,-1.4609134070857044,-0.0891393739966534,0.5195090584504164,1.9440144684765028,-1.6309715720209197,-0.9942108085507874,-0.9243700789097029,0.2263602181326639,-0.07639966350995119,0.7239492878412465,1.5894934537141936,-0.31042417242146536,0.16061446244642888,0.2676541019785611,0.3725718718463603,1.1701867956779368,3.999419385604236,-0.13831832590224283,1.3576611153209521,0.989255187434182,2.167368854412156,1.1178094612649554,-0.06249764204650251,2.1767760435637267,0.962214550493105,3.3187890805285463,-1.8243260033503432,-1.1676099405747105,-1.0118911489899214,-0.5764788668170912,-0.7538678336953983,-0.5628147359378447,0.94940043464318,-0.714793108726999,0.9300717169250317,1.7963221717943845,1.3555735383351193,-1.3555735383351195,-0.4820426798824101,-0.3075623426146228,0.6158384251930635,-0.13085598064755344,-0.2359813632291101,3.755222352305419,-0.19611613513818404,-0.19300937626135234,-0.12168146174384352,-0.06715342778730747,-0.03352007615769955,-1.8351149988007645,-0.21680296415038888,-0.5118980953829163,-1.175735064194511,2.4640269015229057,-0.16278112867447064,-1.2316448970959013,-0.1699069165076462,-0.2081478487327801,1.4322604033532795,1.3555735383351193,-1.3555735383351195,1.3555735383351193,-1.3555735383351195,1.3555735383351193,-1.3555735383351195,1.3555735383351193,-1.3555735383351195,-0.4820426798824101,-0.3075623426146228,0.6158384251930635,-0.4820426798824101,-0.3075623426146228,0.6158384251930635,-0.4820426798824101,-0.3075623426146228,0.6158384251930635,-0.13085598064755344,-0.2359813632291101,3.755222352305419,-0.19611613513818404,-0.19300937626135234,-0.12168146174384352,-0.06715342778730747,-0.03352007615769955,-1.8351149988007645,-0.13085598064755344,-0.2359813632291101,3.755222352305419,-0.19611613513818404,-0.19300937626135234,-0.12168146174384352,-0.06715342778730747,-0.03352007615769955,-1.8351149988007645,-0.21680296415038888,-0.5118980953829163,-1.175735064194511,2.4640269015229057,-0.16278112867447064
0,0.20994568466006028,0.8273772438659699,-0.47454519624983954,-0.4736736092984604,-0.4989475622371262,0.5446511676720712,0.96425644365423,-0.497228546751122,-0.6244040257055189,0.20994568466006028,0.8273772438659699,-0.47454519624983954,-0.4736736092984604,-0.4989475622371262,0.5446511676720712,0.96425644365423,-0.497228546751122,-0.6244040257055189,-0.0636142709422331,0.6501946756002418,-0.3760014818308347,-0.3895323082701867,-0.39315967739400964,0.5299927089949783,0.812041385693726,-0.2697812208144256,-0.4050972688885407,0.8635041745453002,-0.4030649954631285,-0.4194008220350217,-0.571347415835755,0.7925352191037062,1.3577269342345568,-0.07073690533028135,-0.3576753639798948,-0.2328872501475753,-0.28708333828187355,-0.32078666523533045,-0.39610534423349997,-0.38113017778990566,-0.3694246287326534,-0.2751579580367754,-0.2900883232983121,-0.2955781683826058,-0.3888554871521795,-0.41265547100857053,-0.2943754514063852,-0.3658086479243954,-0.19836401418550262,-0.33212765423625973,-0.41485036472765574,-0.4340408953724373,-0.4123594838653976,0.5449215208897721,1.1227307914744915,-0.07507948397468743,-0.337529114616601,0.9989187709831968,0.026867934339009688,-0.22342026433344614,-0.714793108726999,-0.5582434766457356,-0.4271559153457235,-0.7376951317802901,0.7376951317802901,-0.4820426798824101,-0.3075623426146228,0.6158384251930635,-0.13085598064755344,-0.2359813632291101,-0.2662958158485814,-0.19611613513818404,-0.19300937626135234,-0.12168146174384352,-0.06715342778730747,-0.03352007615769955,0.5449249778098338,-0.21680296415038888,-0.5118980953829163,0.8505317485662419,-0.40583972495671383,-0.16278112867447064,0.8119223343984152,-0.1699069165076462,-0.2081478487327801,-0.6981970580620328,-0.7376951317802901,0.7376951317802901,-0.7376951317802901,0.7376951317802901,-0.7376951317802901,0.7376951317802901,-0.7376951317802901,0.7376951317802901,-0.4820426798824101,-0.3075623426146228,0.6158384251930635,-0.4820426798824101,-0.3075623426146228,0.6158384251930635,-0.4820426798824101,-0.3075623426146228,0.6158384251930635,-0.13085598064755344,-0.2359813632291101,-0.2662958158485814,-0.19611613513818404,-0.19300937626135234,-0.12168146174384352,-0.06715342778730747,-0.03352007615769955,0.5449249778098338,-0.13085598064755344,-0.2359813632291101,-0.2662958158485814,-0.19611613513818404,-0.19300937626135234,-0.12168146174384352,-0.06715342778730747,-0.03352007615769955,0.5449249778098338,-0.21680296415038888,-0.5118980953829163,0.8505317485662419,-0.40583972495671383,-0.16278112867447064
0,0.21383356770932066,0.8273772438659699,-0.47454519624983954,-0.4736736092984604,-0.4788170479302398,0.5446511676720712,0.96425644365423,-1.1867703913507321,-0.6244040257055189,0.21383356770932066,0.8273772438659699,-0.47454519624983954,-0.4736736092984604,-0.4788170479302398,0.5446511676720712,0.96425644365423,-1.1867703913507321,-0.6244040257055189,-0.059389545044592214,0.6542762578342051,-0.3760014818308347,-0.3895323082701867,-0.3747318824179598,0.5334749030622238,0.8159957757354732,-0.8013619695197732,-0.4041830666612255,0.8635041745453002,-0.4030649954631285,-0.4194008220350217,-0.5133006031208568,0.7925352191037062,1.3577269342345568,-0.9243700789097029,-0.3576753639798948,-0.2328872501475753,-0.28708333828187355,-0.32078666523533045,-0.39610534423349997,-0.38113017778990566,-0.3694246287326534,-0.2751579580367754,-0.2900883232983121,-0.2955781683826058,-0.3888554871521795,-0.41265547100857053,-0.2943754514063852,-0.3658086479243954,-0.1974962837823839,-0.29359822464770086,-0.374366355591566,-0.47605784166005777,-0.40820915175817407,0.5449215208897721,1.1227307914744915,-0.7634324030510985,-0.337529114616601,0.9989187709831968,-0.7152983355245868,-0.22342026433344614,-1.0134650870965427,-0.7566855024551713,-0.4271559153457235,-0.7376951317802901,0.7376951317802901,-0.4820426798824101,-0.3075623426146228,0.6158384251930635,-0.13085598064755344,-0.2359813632291101,-0.2662958158485814,-0.19611613513818404,-0.19300937626135234,-0.12168146174384352,-0.06715342778730747,-0.03352007615769955,0.5449249778098338,-0.21680296415038888,-0.5118980953829163,0.8505317485662419,-0.40583972495671383,-0.16278112867447064,0.8119223343984152,-0.1699069165076462,-0.2081478487327801,-0.6981970580620328,-0.7376951317802901,0.7376951317802901,-0.7376951317802901,0.7376951317802901,-0.7376951317802901,0.7376951317802901,-0.7376951317802901,0.7376951317802901,-0.4820426798824101,-0.3075623426146228,0.6158384251930635,-0.4820426798824101,-0.3075623426146228,0.6158384251930635,-0.4820426798824101,-0.3075623426146228,0.6158384251930635,-0.13085598064755344,-0.2359813632291101,-0.2662958158485814,-0.19611613513818404,-0.19300937626135234,-0.12168146174384352,-0.06715342778730747,-0.03352007615769955,0.5449249778098338,-0.13085598064755344,-0.2359813632291101,-0.2662958158485814,-0.19611613513818404,-0.19300937626135234,-0.12168146174384352,-0.06715342778730747,-0.03352007615769955,0.5449249778098338,-0.21680296415038888,-0.5118980953829163,0.8505317485662419,-0.40583972495671383,-0.16278112867447064
0,0.21772145075858101,0.8273772438659699,-0.47454519624983954,-0.4736736092984604,-0.4989475622371262,0.5446511676720712,-1.5500791487711116,-0.841999469050927,-0.6244040257055189,0.21772145075858101,0.8273772438659699,-0.47454519624983954,-0.4736736092984604,-0.4989475622371262,0.5446511676720712,-1.5500791487711116,-0.841999469050927,-0.6244040257055189,-0.05515637813616683,0.6583578400681683,-0.3760014818308347,-0.3895323082701867,-0.39265182477655947,0.5369570971294694,-0.9739718886992542,-0.5337092001516153,-0.40326886443391025,0.8635041745453002,-0.4030649954631285,-0.4194008220350217,-0.571347415835755,0.7925352191037062,-1.1628459385855234,-0.4975534921199921,-0.3576753639798948,-0.2328872501475753,-0.28708333828187355,-0.32078666523533045,-0.39610534423349997,-0.38113017778990566,-0.3694246287326534,-0.2751579580367754,-0.2900883232983121,-0.2955781683826058,-0.3888554871521795,-0.41265547100857053,-0.2943754514063852,-0.3658086479243954,-0.19836401418550262,-0.33212765423625973,-0.6709458382514594,-0.45666540491192525,-0.4123594838653976,0.5449215208897721,-1.0413830451200872,-0.41925594351289297,-0.337529114616601,-1.2307930204368625,-1.0149047831500997,-0.8051806639139224,-0.9014630952079639,-0.6574644895504534,-0.4271559153457235,1.3555735383351193,-1.3555735383351195,-0.4820426798824101,3.2513733362117265,-1.6238025415294657,-0.13085598064755344,-0.2359813632291101,-0.2662958158485814,-0.19611613513818404,-0.19300937626135234,-0.12168146174384352,-0.06715342778730747,-0.03352007615769955,0.5449249778098338,-0.21680296415038888,1.9535138126504805,-1.175735064194511,-0.40583972495671383,-0.16278112867447064,0.8119223343984152,-0.1699069165076462,-0.2081478487327801,-0.6981970580620328,1.3555735383351193,-1.3555735383351195,1.3555735383351193,-1.3555735383351195,1.3555735383351193,-1.3555735383351195,1.3555735383351193,-1.3555735383351195,-0.4820426798824101,3.2513733362117265,-1.6238025415294657,-0.4820426798824101,3.2513733362117265,-1.6238025415294657,-0.4820426798824101,3.2513733362117265,-1.6238025415294657,-0.13085598064755344,-0.2359813632291101,-0.2662958158485814,-0.19611613513818404,-0.19300937626135234,-0.12168146174384352,-0.06715342778730747,-0.03352007615769955,0.5449249778098338,-0.13085598064755344,-0.2359813632291101,-0.2662958158485814,-0.19611613513818404,-0.19300937626135234,-0.12168146174384352,-0.06715342778730747,-0.03352007615769955,0.5449249778098338,-0.21680296415038888,1.9535138126504805,-1.175735064194511,-0.40583972495671383,-0.16278112867447064
0,0.2216093338078414,0.8273772438659699,-0.47454519624983954,-0.4736736092984604,-0.4989475622371262,0.5446511676720712,-1.5500791487711116,1.2266260647479035,-0.6244040257055189,0.2216093338078414,0.8273772438659699,-0.47454519624983954,-0.4736736092984604,-0.4989475622371262,0.5446511676720712,-1.5500791487711116,1.2266260647479035,-0.6244040257055189,-0.050914770216956944,0.6624394223021317,-0.3760014818308347,-0.3895323082701867,-0.39239789846783435,0.540439291196715,-0.9735910485668228,1.0732716417804664,-0.40235466220659505,0.8635041745453002,-0.4030649954631285,-0.4194008220350217,-0.571347415835755,0.7925352191037062,-1.1628459385855234,2.0633460286182723,-0.3576753639798948,-0.2328872501475753,-0.28708333828187355,-0.32078666523533045,-0.39610534423349997,-0.38113017778990566,-0.3694246287326534,-0.2751579580367754,-0.2900883232983121,-0.2955781683826058,-0.3888554871521795,-0.41265547100857053,-0.2943754514063852,-0.3658086479243954,-0.19836401418550262,-0.33212765423625973,-0.6709458382514594,-0.32091834767499755,-0.4123594838653976,0.5449215208897721,-1.0413830451200872,1.64580281371634,-0.337529114616601,-1.2307930204368625,-0.8004747212312435,-0.8051806639139224,1.3385767425636153,-0.06213841212214652,-0.4271559153457235,1.3555735383351193,-1.3555735383351195,-0.4820426798824101,3.2513733362117265,-1.6238025415294657,-0.13085598064755344,-0.2359813632291101,-0.2662958158485814,-0.19611613513818404,-0.19300937626135234,-0.12168146174384352,-0.06715342778730747,-0.03352007615769955,0.5449249778098338,-0.21680296415038888,1.9535138126504805,-1.175735064194511,-0.40583972495671383,-0.16278112867447064,0.8119223343984152,-0.1699069165076462,-0.2081478487327801,-0.6981970580620328,1.3555735383351193,-1.3555735383351195,1.3555735383351193,-1.3555735383351195,1.3555735383351193,-1.3555735383351195,1.3555735383351193,-1.3555735383351195,-0.4820426798824101,3.2513733362117265,-1.6238025415294657,-0.4820426798824101,3.2513733362117265,-1.6238025415294657,-0.4820426798824101,3.2513733362117265,-1.6238025415294657,-0.13085598064755344,-0.2359813632291101,-0.2662958158485814,-0.19611613513818404,-0.19300937626135234,-0.12168146174384352,-0.06715342778730747,-0.03352007615769955,0.5449249778098338,-0.13085598064755344,-0.2359813632291101,-0.2662958158485814,-0.19611613513818404,-0.19300937626135234,-0.12168146174384352,-0.06715342778730747,-0.03352007615769955,0.5449249778098338,-0.21680296415038888,1.9535138126504805,-1.175735064194511,-0.40583972495671383,-0.16278112867447064
0,0.22549721685710178,0.8273772438659699,-0.47454519624983954,-0.4736736092984604,-0.45868653362335343,0.5446511676720712,-0.5095104222433947,0.8818551424480984,-0.6244040257055189,0.22549721685710178,0.8273772438659699,-0.47454519624983954,-0.4736736092984604,-0.45868653362335343,0.5446511676720712,-0.5095104222433947,0.8818551424480984,-0.6244040257055189,-0.04666472128696256,0.666521004536095,-0.3760014818308347,-0.3895323082701867,-0.35557858370269546,0.5439214852639606,-0.22782990123943617,0.8093436624432769,-0.4014404599792798,0.8635041745453002,-0.4030649954631285,-0.4194008220350217,-0.4552537904059585,0.7925352191037062,-0.11969588642374947,1.6365294418285616,-0.3576753639798948,-0.2328872501475753,-0.28708333828187355,-0.32078666523533045,-0.39610534423349997,-0.38113017778990566,-0.3694246287326534,-0.2751579580367754,-0.2900883232983121,-0.2955781683826058,-0.3888554871521795,-0.41265547100857053,-0.2943754514063852,-0.3658086479243954,-0.1965128559921827,-0.255068795059142,-0.526879950202164,-0.2982938381355096,-0.40405881965095053,0.5449215208897721,-0.14575511629852972,1.3016263541781348,-0.337529114616601,-0.7538678336953983,0.13527424342020916,-0.564416590908148,0.7785667831207204,-0.16135942502686434,-0.4271559153457235,1.3555735383351193,-1.3555735383351195,-0.4820426798824101,-0.3075623426146228,0.6158384251930635,-0.13085598064755344,-0.2359813632291101,-0.2662958158485814,-0.19611613513818404,-0.19300937626135234,-0.12168146174384352,-0.06715342778730747,-0.03352007615769955,0.5449249778098338,-0.21680296415038888,1.9535138126504805,-1.175735064194511,-0.40583972495671383,-0.16278112867447064,0.8119223343984152,-0.1699069165076462,-0.2081478487327801,-0.6981970580620328,1.3555735383351193,-1.3555735383351195,1.3555735383351193,-1.3555735383351195,1.3555735383351193,-1.3555735383351195,1.3555735383351193,-1.3555735383351195,-0.4820426798824101,-0.3075623426146228,0.6158384251930635,-0.4820426798824101,-0.3075623426146228,0.6158384251930635,-0.4820426798824101,-0.3075623426146228,0.6158384251930635,-0.13085598064755344,-0.2359813632291101,-0.2662958158485814,-0.19611613513818404,-0.19300937626135234,-0.12168146174384352,-0.06715342778730747,-0.03352007615769955,0.5449249778098338,-0.13085598064755344,-0.2359813632291101,-0.2662958158485814,-0.19611613513818404,-0.19300937626135234,-0.12168146174384352,-0.06715342778730747,-0.03352007615769955,0.5449249778098338,-0.21680296415038888,1.9535138126504805,-1.175735064194511,-0.40583972495671383,-0.16278112867447064
1,0.22938509990636216,-1.5661069258891576,-0.47454519624983954,-0.4736736092984604,1.0913630680069002,-1.8194778495589943,-0.5095104222433947,-1.1867703913507321,0.48939774987729867,0.22938509990636216,-1.5661069258891576,-0.47454519624983954,-0.4736736092984604,1.0913630680069002,-1.8194778495589943,-0.5095104222433947,-1.1867703913507321,0.48939774987729867,-0.04240623134618368,-0.7035300986642536,-0.3760014818308347,-0.3895323082701867,1.0553085379478584,-1.098379452579148,-0.22597013192606227,-0.7992335180735055,0.5228179918364174,-1.4609134070857044,-0.4030649954631285,-0.4194008220350217,0.6863335263203739,-1.6548120390977903,-0.9942108085507874,-1.2089144701028434,-0.3576753639798948,-0.2328872501475753,-0.28708333828187355,-0.32078666523533045,-0.39610534423349997,-0.38113017778990566,-0.3694246287326534,-0.2751579580367754,-0.2900883232983121,-0.2955781683826058,-0.3888554871521795,-0.41265547100857053,-0.2943754514063852,-0.3658086479243954,0.22665033726204112,-0.3894278315730909,0.939187032332861,-0.22395616393433487,0.6293738750477056,-1.83504312030046,-1.1998205817747205,-1.0855462690291626,-0.772417663621493,-0.7538678336953983,-0.9118592256168716,0.04111021931238319,-1.0134650870965427,-0.5582434766457356,0.08106764742915833,1.3555735383351193,-1.3555735383351195,-0.4820426798824101,-0.3075623426146228,0.6158384251930635,-0.13085598064755344,4.237622777986573,-0.2662958158485814,-0.19611613513818404,-0.19300937626135234,-0.12168146174384352,-0.06715342778730747,-0.03352007615769955,-1.8351149988007645,-0.21680296415038888,1.9535138126504805,-1.175735064194511,-0.40583972495671383,-0.16278112867447064,0.8119223343984152,-0.1699069165076462,-0.2081478487327801,-0.6981970580620328,1.3555735383351193,-1.3555735383351195,1.3555735383351193,-1.3555735383351195,1.3555735383351193,-1.3555735383351195,1.3555735383351193,-1.3555735383351195,-0.4820426798824101,-0.3075623426146228,0.6158384251930635,-0.4820426798824101,-0.3075623426146228,0.6158384251930635,-0.4820426798824101,-0.3075623426146228,0.6158384251930635,-0.13085598064755344,4.237622777986573,-0.2662958158485814,-0.19611613513818404,-0.19300937626135234,-0.12168146174384352,-0.06715342778730747,-0.03352007615769955,-1.8351149988007645,-0.13085598064755344,4.237622777986573,-0.2662958158485814,-0.19611613513818404,-0.19300937626135234,-0.12168146174384352,-0.06715342778730747,-0.03352007615769955,-1.8351149988007645,-0.21680296415038888,1.9535138126504805,-1.175735064194511,-0.40583972495671383,-0.16278112867447064
0,0.23327298295562252,-1.5661069258891576,0.4327933656785018,-0.4736736092984604,1.5342343827584013,-1.747233654090395,-1.1168810094012038,-1.1867703913507321,0.48939774987729867,0.23327298295562252,-1.5661069258891576,0.4327933656785018,-0.4736736092984604,1.5342343827584013,-1.747233654090395,-1.1168810094012038,-1.1867703913507321,0.48939774987729867,-0.0381393003946203,-0.7021695712529326,0.5009436935776084,-0.3895323082701867,1.462243585273305,-1.047764010412351,-0.6609086051694705,-0.7987014052119387,0.5255605985183631,-1.4609134070857044,-0.0891393739966534,-0.4194008220350217,1.1120101528962945,-1.6309715720209197,-1.1971699031058678,-1.2089144701028434,-0.3576753639798948,-0.07639966350995119,-0.28708333828187355,1.0455063999736007,-0.31042417242146536,-0.09084380059842266,-0.15706505182891523,0.048706956904792466,-0.2900883232983121,-0.2955781683826058,-0.3888554871521795,-0.41265547100857053,-0.2943754514063852,-0.3658086479243954,0.47354856129608447,-0.2160833958896534,0.40360243634626125,-0.1528505625245156,0.9032957941244578,-1.8243260033503432,-1.2160718491425495,-1.0757029580561766,-0.7262207115293983,-1.1087392780725651,-0.9928661378973284,-0.38048523899815734,-1.0134650870965427,-0.5582434766457356,0.08106764742915833,-0.7376951317802901,0.7376951317802901,2.0745051044939435,-0.3075623426146228,-1.6238025415294657,-0.13085598064755344,-0.2359813632291101,3.755222352305419,-0.19611613513818404,-0.19300937626135234,-0.12168146174384352,-0.06715342778730747,-0.03352007615769955,-1.8351149988007645,-0.21680296415038888,-0.5118980953829163,0.8505317485662419,-0.40583972495671383,-0.16278112867447064,-1.2316448970959013,-0.1699069165076462,-0.2081478487327801,1.4322604033532795,-0.7376951317802901,0.7376951317802901,-0.7376951317802901,0.7376951317802901,-0.7376951317802901,0.7376951317802901,-0.7376951317802901,0.7376951317802901,2.0745051044939435,-0.3075623426146228,-1.6238025415294657,2.0745051044939435,-0.3075623426146228,-1.6238025415294657,2.0745051044939435,-0.3075623426146228,-1.6238025415294657,-0.13085598064755344,-0.2359813632291101,3.755222352305419,-0.19611613513818404,-0.19300937626135234,-0.12168146174384352,-0.06715342778730747,-0.03352007615769955,-1.8351149988007645,-0.13085598064755344,-0.2359813632291101,3.755222352305419,-0.19611613513818404,-0.19300937626135234,-0.12168146174384352,-0.06715342778730747,-0.03352007615769955,-1.8351149988007645,-0.21680296415038888,-0.5118980953829163,0.8505317485662419,-0.40583972495671383,-0.16278112867447064
1,0.2371608660048829,-0.3693648410115938,-0.47454519624983954,2.0089333664952354,-0.11646779040628442,0.5446511676720712,-0.5095104222433947,0.5370842201482933,0.48939774987729867,0.2371608660048829,-0.3693648410115938,-0.47454519624983954,2.0089333664952354,-0.11646779040628442,0.5446511676720712,-0.5095104222433947,0.5370842201482933,0.48939774987729867,-0.03386392843227243,-0.01102164630181329,-0.3760014818308347,1.9359859966962694,-0.04194331724024138,0.5543680674656972,-0.22225059329931451,0.5507368117217565,0.5283032052003088,-0.5892568139740777,-0.4030649954631285,1.4584189389358544,0.028469648884860296,-0.04105904351514409,-0.5569533474872684,0.3560796814594294,0.2263602181326639,-0.2328872501475753,-0.28708333828187355,-0.32078666523533045,-0.39610534423349997,-0.38113017778990566,-0.3694246287326534,-0.2751579580367754,1.1701867956779368,0.44395783429062524,2.313747507607776,1.3576611153209521,2.272885826274749,0.9007801032438802,-0.16209288333514058,0.399931507946359,-0.20320282418793778,0.002288931460544671,-0.11768590425252776,0.5449215208897721,-0.14575511629852972,0.9574498946399291,0.7393377686336078,-0.7538678336953983,-0.03924800141930428,0.04111021931238319,0.29322481827021163,0.9300717169250317,0.08106764742915833,1.3555735383351193,-1.3555735383351195,-0.4820426798824101,-0.3075623426146228,0.6158384251930635,-0.13085598064755344,-0.2359813632291101,-0.2662958158485814,-0.19611613513818404,-0.19300937626135234,-0.12168146174384352,-0.06715342778730747,-0.03352007615769955,0.5449249778098338,-0.21680296415038888,-0.5118980953829163,-1.175735064194511,2.4640269015229057,-0.16278112867447064,-1.2316448970959013,-0.1699069165076462,-0.2081478487327801,1.4322604033532795,1.3555735383351193,-1.3555735383351195,1.3555735383351193,-1.3555735383351195,1.3555735383351193,-1.3555735383351195,1.3555735383351193,-1.3555735383351195,-0.4820426798824101,-0.3075623426146228,0.6158384251930635,-0.4820426798824101,-0.3075623426146228,0.6158384251930635,-0.4820426798824101,-0.3075623426146228,0.6158384251930635,-0.13085598064755344,-0.2359813632291101,-0.2662958158485814,-0.19611613513818404,-0.19300937626135234,-0.12168146174384352,-0.06715342778730747,-0.03352007615769955,0.5449249778098338,-0.13085598064755344,-0.2359813632291101,-0.2662958158485814,-0.19611613513818404,-0.19300937626135234,-0.12168146174384352,-0.06715342778730747,-0.03352007615769955,0.5449249778098338,-0.21680296415038888,-0.5118980953829163,-1.175735064194511,2.4640269015229057,-0.16278112867447064
1,0.24104874905414328,-1.5661069258891576,-0.47454519624983954,-0.4736736092984604,-0.11646779040628442,0.5446511676720712,0.96425644365423,-0.841999469050927,-0.6244040257055189,0.24104874905414328,-1.5661069258891576,-0.47454519624983954,-0.4736736092984604,-0.11646779040628442,0.5446511676720712,0.96425644365423,-0.841999469050927,-0.6244040257055189,-0.02958011545914006,-0.6994485164302904,-0.3760014818308347,-0.3895323082701867,-0.041000162379262454,0.5578502615329427,0.8436765060277036,-0.5273238458128122,-0.3977836510700189,-1.4609134070857044,-0.4030649954631285,-0.4194008220350217,-0.4746027279775913,-0.8746533061339944,-0.5017365349980186,-1.0666422745062731,-0.7470324187216006,-0.2328872501475753,-0.28708333828187355,-0.32078666523533045,-0.39610534423349997,-0.38113017778990566,-0.3694246287326534,-0.2751579580367754,-0.2900883232983121,-0.2955781683826058,-0.3888554871521795,-0.41265547100857053,-0.2943754514063852,-0.3658086479243954,-0.16209288333514058,0.399931507946359,0.35434580885804934,-0.3338466388404192,-0.33350317382815076,0.5449215208897721,1.1227307914744915,-0.41925594351289297,-0.337529114616601,0.9989187709831968,-0.34421520059278854,-0.22342026433344614,-0.9014630952079639,-0.6574644895504534,-0.4271559153457235,-0.7376951317802901,0.7376951317802901,-0.4820426798824101,-0.3075623426146228,0.6158384251930635,-0.13085598064755344,-0.2359813632291101,-0.2662958158485814,-0.19611613513818404,-0.19300937626135234,-0.12168146174384352,-0.06715342778730747,-0.03352007615769955,0.5449249778098338,-0.21680296415038888,-0.5118980953829163,0.8505317485662419,-0.40583972495671383,-0.16278112867447064,0.8119223343984152,-0.1699069165076462,-0.2081478487327801,-0.6981970580620328,-0.7376951317802901,0.7376951317802901,-0.7376951317802901,0.7376951317802901,-0.7376951317802901,0.7376951317802901,-0.7376951317802901,0.7376951317802901,-0.4820426798824101,-0.3075623426146228,0.6158384251930635,-0.4820426798824101,-0.3075623426146228,0.6158384251930635,-0.4820426798824101,-0.3075623426146228,0.6158384251930635,-0.13085598064755344,-0.2359813632291101,-0.2662958158485814,-0.19611613513818404,-0.19300937626135234,-0.12168146174384352,-0.06715342778730747,-0.03352007615769955,0.5449249778098338,-0.13085598064755344,-0.2359813632291101,-0.2662958158485814,-0.19611613513818404,-0.19300937626135234,-0.12168146174384352,-0.06715342778730747,-0.03352007615769955,0.5449249778098338,-0.21680296415038888,-0.5118980953829163,0.8505317485662419,-0.40583972495671383,-0.16278112867447064
0,0.24493663210340366,0.8273772438659699,-0.47454519624983954,-0.4736736092984604,-0.19698984763383007,0.5446511676720712,0.96425644365423,-0.1524576244513169,0.48939774987729867,0.24493663210340366,0.8273772438659699,-0.47454519624983954,-0.4736736092984604,-0.19698984763383007,0.5446511676720712,0.96425644365423,-0.1524576244513169,0.48939774987729867,-0.025287861475223192,0.6869289157059115,-0.3760014818308347,-0.3895323082701867,-0.11391328817032569,0.5613324556001883,0.8476308960694507,0.01543127298544052,0.5337884185642002,0.8635041745453002,-0.4030649954631285,-0.4194008220350217,0.29935477488771883,0.7925352191037062,1.3577269342345568,0.3560796814594294,0.8103958002452226,-0.2328872501475753,-0.28708333828187355,-0.32078666523533045,-0.39610534423349997,-0.38113017778990566,-0.3694246287326534,-0.2751579580367754,-0.2900883232983121,-0.2955781683826058,-0.3888554871521795,-0.41265547100857053,-0.2943754514063852,-0.3658086479243954,-0.17319983249506005,0.2458137895921235,0.19240977231369039,-0.21749201835162402,-0.16748988953920999,0.5449215208897721,1.1227307914744915,0.2690969755635181,0.7393377686336078,0.9989187709831968,0.3979510692708079,1.0640991990364888,-0.45345512765364804,0.33474563949672476,0.08106764742915833,-0.7376951317802901,0.7376951317802901,-0.4820426798824101,-0.3075623426146228,0.6158384251930635,-0.13085598064755344,-0.2359813632291101,-0.2662958158485814,-0.19611613513818404,-0.19300937626135234,-0.12168146174384352,-0.06715342778730747,-0.03352007615769955,0.5449249778098338,-0.21680296415038888,-0.5118980953829163,0.8505317485662419,-0.40583972495671383,-0.16278112867447064,0.8119223343984152,-0.1699069165076462,-0.2081478487327801,-0.6981970580620328,-0.7376951317802901,0.7376951317802901,-0.7376951317802901,0.7376951317802901,-0.7376951317802901,0.7376951317802901,-0.7376951317802901,0.7376951317802901,-0.4820426798824101,-0.3075623426146228,0.6158384251930635,-0.4820426798824101,-0.3075623426146228,0.6158384251930635,-0.4820426798824101,-0.3075623426146228,0.6158384251930635,-0.13085598064755344,-0.2359813632291101,-0.2662958158485814,-0.19611613513818404,-0.19300937626135234,-0.12168146174384352,-0.06715342778730747,-0.03352007615769955,0.5449249778098338,-0.13085598064755344,-0.2359813632291101,-0.2662958158485814,-0.19611613513818404,-0.19300937626135234,-0.12168146174384352,-0.06715342778730747,-0.03352007615769955,0.5449249778098338,-0.21680296415038888,-0.5118980953829163,0.8505317485662419,-0.40583972495671383,-0.16278112867447064
1,0.24882451515266402,0.8273772438659699,-0.47454519624983954,-0.4736736092984604,0.4874476388003079,0.5446511676720712,0.96425644365423,-0.1524576244513169,3.2739021888343425,0.24882451515266402,0.8273772438659699,-0.47454519624983954,-0.4736736092984604,0.4874476388003079,0.5446511676720712,0.96425644365423,-0.1524576244513169,3.2739021888343425,-0.020987166480521825,0.6910104979398748,-0.3760014818308347,-0.3895323082701867,0.5158965078418334,0.5648146496674339,0.851585286111198,0.01755972443170818,2.8677467048999814,0.8635041745453002,-0.4030649954631285,-0.4194008220350217,2.2729464071942593,0.7925352191037062,1.3577269342345568,0.3560796814594294,3.730573710808016,-0.2328872501475753,-0.28708333828187355,-0.32078666523533045,-0.39610534423349997,-0.38113017778990566,-0.3694246287326534,-0.2751579580367754,-0.2900883232983121,-0.2955781683826058,-0.3888554871521795,-0.41265547100857053,-0.2943754514063852,-0.3658086479243954,-0.019785097223672273,1.5558143956031254,1.5688660829407417,0.22206988127271338,1.4179369754201743,0.5449215208897721,1.1227307914744915,0.2690969755635181,3.43150497675913,0.9989187709831968,0.3979510692708079,4.282897857461326,-0.45345512765364804,2.319165897591081,3.575104641506471,-0.7376951317802901,0.7376951317802901,-0.4820426798824101,-0.3075623426146228,0.6158384251930635,-0.13085598064755344,-0.2359813632291101,-0.2662958158485814,-0.19611613513818404,-0.19300937626135234,-0.12168146174384352,-0.06715342778730747,-0.03352007615769955,0.5449249778098338,-0.21680296415038888,-0.5118980953829163,0.8505317485662419,-0.40583972495671383,-0.16278112867447064,0.8119223343984152,-0.1699069165076462,-0.2081478487327801,-0.6981970580620328,-0.7376951317802901,0.7376951317802901,-0.7376951317802901,0.7376951317802901,-0.7376951317802901,0.7376951317802901,-0.7376951317802901,0.7376951317802901,-0.4820426798824101,-0.3075623426146228,0.6158384251930635,-0.4820426798824101,-0.3075623426146228,0.6158384251930635,-0.4820426798824101,-0.3075623426146228,0.6158384251930635,-0.13085598064755344,-0.2359813632291101,-0.2662958158485814,-0.19611613513818404,-0.19300937626135234,-0.12168146174384352,-0.06715342778730747,-0.03352007615769955,0.5449249778098338,-0.13085598064755344,-0.2359813632291101,-0.2662958158485814,-0.19611613513818404,-0.19300937626135234,-0.12168146174384352,-0.06715342778730747,-0.03352007615769955,0.5449249778098338,-0.21680296415038888,-0.5118980953829163,0.8505317485662419,-0.40583972495671383,-0.16278112867447064
1,0.2527123982019244,0.8273772438659699,-0.47454519624983954,-0.4736736092984604,-0.4989475622371262,0.5446511676720712,-1.5366812681720423,0.19231329784848822,-0.6244040257055189,0.2527123982019244,0.8273772438659699,-0.47454519624983954,-0.4736736092984604,-0.4989475622371262,0.5446511676720712,-1.5366812681720423,0.19231329784848822,-0.6244040257055189,-0.016678030475035962,0.6950920801738381,-0.3760014818308347,-0.3895323082701867,-0.3903664879980336,0.5682968437346795,-0.9608138621237455,0.2915978481386691,-0.3950410443880732,0.8635041745453002,-0.4030649954631285,-0.4194008220350217,-0.571347415835755,0.7925352191037062,-1.1494148220340843,0.7828962682491402,-0.3576753639798948,-0.2328872501475753,-0.28708333828187355,-0.32078666523533045,-0.39610534423349997,-0.38113017778990566,-0.3694246287326534,-0.2751579580367754,-0.2900883232983121,-0.2955781683826058,-0.3888554871521795,-0.41265547100857053,-0.2943754514063852,-0.3658086479243954,-0.19836401418550262,-0.33212765423625973,-0.6695812087300181,-0.3887918762934614,-0.4123594838653976,0.5449215208897721,-1.0298513550494233,0.6132734351017236,-0.337529114616601,-1.2286533543751765,-0.8987551662773859,-0.8020806973086978,-0.1174491519879112,-0.3598014508363,-0.4271559153457235,-0.7376951317802901,0.7376951317802901,-0.4820426798824101,3.2513733362117265,-1.6238025415294657,-0.13085598064755344,-0.2359813632291101,-0.2662958158485814,-0.19611613513818404,-0.19300937626135234,-0.12168146174384352,-0.06715342778730747,-0.03352007615769955,0.5449249778098338,-0.21680296415038888,-0.5118980953829163,0.8505317485662419,-0.40583972495671383,-0.16278112867447064,0.8119223343984152,-0.1699069165076462,-0.2081478487327801,-0.6981970580620328,-0.7376951317802901,0.7376951317802901,-0.7376951317802901,0.7376951317802901,-0.7376951317802901,0.7376951317802901,-0.7376951317802901,0.7376951317802901,-0.4820426798824101,3.2513733362117265,-1.6238025415294657,-0.4820426798824101,3.2513733362117265,-1.6238025415294657,-0.4820426798824101,3.2513733362117265,-1.6238025415294657,-0.13085598064755344,-0.2359813632291101,-0.2662958158485814,-0.19611613513818404,-0.19300937626135234,-0.12168146174384352,-0.06715342778730747,-0.03352007615769955,0.5449249778098338,-0.13085598064755344,-0.2359813632291101,-0.2662958158485814,-0.19611613513818404,-0.19300937626135234,-0.12168146174384352,-0.06715342778730747,-0.03352007615769955,0.5449249778098338,-0.21680296415038888,-0.5118980953829163,0.8505317485662419,-0.40583972495671383,-0.16278112867447064
0,0.2566002812511848,0.8273772438659699,-0.47454519624983954,-0.4736736092984604,-0.4788170479302398,0.5446511676720712,0.96425644365423,0.8818551424480984,-0.6244040257055189,0.2566002812511848,0.8273772438659699,-0.47454519624983954,-0.4736736092984604,-0.4788170479302398,0.5446511676720712,0.96425644365423,0.8818551424480984,-0.6244040257055189,-0.012360453458765602,0.6991736624078014,-0.3760014818308347,-0.3895323082701867,-0.37153966596541577,0.571779037801925,0.8594940661946924,0.8391419826910241,-0.39412684216075794,0.8635041745453002,-0.4030649954631285,-0.4194008220350217,-0.5133006031208568,0.7925352191037062,1.3577269342345568,1.6365294418285616,-0.3576753639798948,-0.2328872501475753,-0.28708333828187355,-0.32078666523533045,-0.39610534423349997,-0.38113017778990566,-0.3694246287326534,-0.2751579580367754,-0.2900883232983121,-0.2955781683826058,-0.3888554871521795,-0.41265547100857053,-0.2943754514063852,-0.3658086479243954,-0.1974962837823839,-0.29359822464770086,-0.374366355591566,-0.32091834767499755,-0.40820915175817407,0.5449215208897721,1.1227307914744915,1.3016263541781348,-0.337529114616601,0.9989187709831968,1.5112004740662026,-0.22342026433344614,0.7785667831207204,-0.16135942502686434,-0.4271559153457235,-0.7376951317802901,0.7376951317802901,-0.4820426798824101,-0.3075623426146228,0.6158384251930635,-0.13085598064755344,-0.2359813632291101,-0.2662958158485814,-0.19611613513818404,-0.19300937626135234,-0.12168146174384352,-0.06715342778730747,-0.03352007615769955,0.5449249778098338,-0.21680296415038888,-0.5118980953829163,0.8505317485662419,-0.40583972495671383,-0.16278112867447064,0.8119223343984152,-0.1699069165076462,-0.2081478487327801,-0.6981970580620328,-0.7376951317802901,0.7376951317802901,-0.7376951317802901,0.7376951317802901,-0.7376951317802901,0.7376951317802901,-0.7376951317802901,0.7376951317802901,-0.4820426798824101,-0.3075623426146228,0.6158384251930635,-0.4820426798824101,-0.3075623426146228,0.6158384251930635,-0.4820426798824101,-0.3075623426146228,0.6158384251930635,-0.13085598064755344,-0.2359813632291101,-0.2662958158485814,-0.19611613513818404,-0.19300937626135234,-0.12168146174384352,-0.06715342778730747,-0.03352007615769955,0.5449249778098338,-0.13085598064755344,-0.2359813632291101,-0.2662958158485814,-0.19611613513818404,-0.19300937626135234,-0.12168146174384352,-0.06715342778730747,-0.03352007615769955,0.5449249778098338,-0.21680296415038888,-0.5118980953829163,0.8505317485662419,-0.40583972495671383,-0.16278112867447064
1,0.26048816430044514,-1.5661069258891576,-0.47454519624983954,-0.4736736092984604,-0.11646779040628442,-1.8792661492571456,0.96425644365423,0.8818551424480984,-0.6244040257055189,0.26048816430044514,-1.5661069258891576,-0.47454519624983954,-0.4736736092984604,-0.11646779040628442,-1.8792661492571456,0.96425644365423,0.8818551424480984,-0.6244040257055189,-0.008034435431710745,-0.6926458793736848,-0.3760014818308347,-0.3895323082701867,-0.03628438807436782,-1.1388745536057354,0.8634484562364396,0.8428667727219925,-0.39321263993344274,-1.4609134070857044,-0.4030649954631285,-0.4194008220350217,-0.4746027279775913,-1.6745420808165796,-0.5017365349980186,-0.35528129652342183,-0.7470324187216006,-0.2328872501475753,-0.28708333828187355,-0.32078666523533045,-0.39610534423349997,-0.38113017778990566,-0.3694246287326534,-0.2751579580367754,-0.2900883232983121,-0.2955781683826058,-0.3888554871521795,-0.41265547100857053,-0.2943754514063852,-0.3658086479243954,-0.16209288333514058,-0.5613283635835844,0.35434580885804934,0.08632282403578564,-0.33350317382815076,-1.8409560124108695,-1.1751878000261426,-1.010194026408372,-0.8541915788189941,0.9989187709831968,1.5112004740662026,-0.22342026433344614,0.7785667831207204,-0.16135942502686434,-0.4271559153457235,-0.7376951317802901,0.7376951317802901,-0.4820426798824101,-0.3075623426146228,0.6158384251930635,-0.13085598064755344,-0.2359813632291101,-0.2662958158485814,-0.19611613513818404,5.181095444015676,-0.12168146174384352,-0.06715342778730747,-0.03352007615769955,-1.8351149988007645,-0.21680296415038888,-0.5118980953829163,0.8505317485662419,-0.40583972495671383,-0.16278112867447064,0.8119223343984152,-0.1699069165076462,-0.2081478487327801,-0.6981970580620328,-0.7376951317802901,0.7376951317802901,-0.7376951317802901,0.7376951317802901,-0.7376951317802901,0.7376951317802901,-0.7376951317802901,0.7376951317802901,-0.4820426798824101,-0.3075623426146228,0.6158384251930635,-0.4820426798824101,-0.3075623426146228,0.6158384251930635,-0.4820426798824101,-0.3075623426146228,0.6158384251930635,-0.13085598064755344,-0.2359813632291101,-0.2662958158485814,-0.19611613513818404,5.181095444015676,-0.12168146174384352,-0.06715342778730747,-0.03352007615769955,-1.8351149988007645,-0.13085598064755344,-0.2359813632291101,-0.2662958158485814,-0.19611613513818404,5.181095444015676,-0.12168146174384352,-0.06715342778730747,-0.03352007615769955,-1.8351149988007645,-0.21680296415038888,-0.5118980953829163,0.8505317485662419,-0.40583972495671383,-0.16278112867447064
1,0.26437604734970555,-1.5661069258891576,0.4327933656785018,-0.4736736092984604,0.5478391817209671,0.5446511676720712,-1.3133832581875537,1.5713969870477085,-0.0675031379141101,0.26437604734970555,-1.5661069258891576,0.4327933656785018,-0.4736736092984604,0.5478391817209671,0.5446511676720712,-1.3133832581875537,1.5713969870477085,-0.0675031379141101,-0.0036999763938713906,-0.6912853519623637,0.5148084394338684,-0.3895323082701867,0.579958488014479,0.5787434259364161,-0.7964876923150886,1.393603584443749,0.07760150713390057,-1.4609134070857044,-0.0891393739966534,-0.4194008220350217,0.16391221188628957,-0.8746533061339944,-1.2628331395795704,-0.07073690533028135,-0.5523538913507477,-0.07639966350995119,-0.28708333828187355,0.42561417594362266,0.5281575091431288,-0.17219794452469814,1.5418115634009901,-0.05924801474239681,-0.2900883232983121,-0.2955781683826058,-0.3888554871521795,-0.41265547100857053,-0.2943754514063852,-0.3658086479243954,0.00017270204805803856,1.6714026843688021,-0.2650010468017762,1.214316228218828,0.04832738003641301,0.5449215208897721,-0.8376565205383595,1.9899792732545456,0.20090432700850336,-1.177626087863427,-0.4806165455356165,-0.6336491784248299,1.973254696598896,0.9300717169250317,-0.23657207930514282,1.3555735383351193,-1.3555735383351195,2.0745051044939435,-0.3075623426146228,-1.6238025415294657,-0.13085598064755344,-0.2359813632291101,-0.2662958158485814,-0.19611613513818404,-0.19300937626135234,-0.12168146174384352,-0.06715342778730747,-0.03352007615769955,0.5449249778098338,-0.21680296415038888,-0.5118980953829163,-1.175735064194511,2.4640269015229057,-0.16278112867447064,-1.2316448970959013,-0.1699069165076462,-0.2081478487327801,1.4322604033532795,1.3555735383351193,-1.3555735383351195,1.3555735383351193,-1.3555735383351195,1.3555735383351193,-1.3555735383351195,1.3555735383351193,-1.3555735383351195,2.0745051044939435,-0.3075623426146228,-1.6238025415294657,2.0745051044939435,-0.3075623426146228,-1.6238025415294657,2.0745051044939435,-0.3075623426146228,-1.6238025415294657,-0.13085598064755344,-0.2359813632291101,-0.2662958158485814,-0.19611613513818404,-0.19300937626135234,-0.12168146174384352,-0.06715342778730747,-0.03352007615769955,0.5449249778098338,-0.13085598064755344,-0.2359813632291101,-0.2662958158485814,-0.19611613513818404,-0.19300937626135234,-0.12168146174384352,-0.06715342778730747,-0.03352007615769955,0.5449249778098338,-0.21680296415038888,-0.5118980953829163,-1.175735064194511,2.4640269015229057,-0.16278112867447064
0,0.2682639303989659,0.8273772438659699,-0.47454519624983954,-0.4736736092984604,-0.4989475622371262,0.5446511676720712,0.96425644365423,-0.497228546751122,-0.6244040257055189,0.2682639303989659,0.8273772438659699,-0.47454519624983954,-0.4736736092984604,-0.4989475622371262,0.5446511676720712,0.96425644365423,-0.497228546751122,-0.6244040257055189,0.0006429236547524611,0.7114184091096913,-0.3760014818308347,-0.3895323082701867,-0.3893507827631332,0.5822256200036617,0.871357236319934,-0.2458361420439145,-0.3913842354788123,0.8635041745453002,-0.4030649954631285,-0.4194008220350217,-0.571347415835755,0.7925352191037062,1.3577269342345568,-0.07073690533028135,-0.3576753639798948,-0.2328872501475753,-0.28708333828187355,-0.32078666523533045,-0.39610534423349997,-0.38113017778990566,-0.3694246287326534,-0.2751579580367754,-0.2900883232983121,-0.2955781683826058,-0.3888554871521795,-0.41265547100857053,-0.2943754514063852,-0.3658086479243954,-0.19836401418550262,-0.33212765423625973,-0.41485036472765574,-0.4340408953724373,-0.4123594838653976,0.5449215208897721,1.1227307914744915,-0.07507948397468743,-0.337529114616601,0.9989187709831968,0.026867934339009688,-0.22342026433344614,-0.714793108726999,-0.5582434766457356,-0.4271559153457235,-0.7376951317802901,0.7376951317802901,-0.4820426798824101,-0.3075623426146228,0.6158384251930635,-0.13085598064755344,-0.2359813632291101,-0.2662958158485814,-0.19611613513818404,-0.19300937626135234,-0.12168146174384352,-0.06715342778730747,-0.03352007615769955,0.5449249778098338,-0.21680296415038888,-0.5118980953829163,0.8505317485662419,-0.40583972495671383,-0.16278112867447064,0.8119223343984152,-0.1699069165076462,-0.2081478487327801,-0.6981970580620328,-0.7376951317802901,0.7376951317802901,-0.7376951317802901,0.7376951317802901,-0.7376951317802901,0.7376951317802901,-0.7376951317802901,0.7376951317802901,-0.4820426798824101,-0.3075623426146228,0.6158384251930635,-0.4820426798824101,-0.3075623426146228,0.6158384251930635,-0.4820426798824101,-0.3075623426146228,0.6158384251930635,-0.13085598064755344,-0.2359813632291101,-0.2662958158485814,-0.19611613513818404,-0.19300937626135234,-0.12168146174384352,-0.06715342778730747,-0.03352007615769955,0.5449249778098338,-0.13085598064755344,-0.2359813632291101,-0.2662958158485814,-0.19611613513818404,-0.19300937626135234,-0.12168146174384352,-0.06715342778730747,-0.03352007615769955,0.5449249778098338,-0.21680296415038888,-0.5118980953829163,0.8505317485662419,-0.40583972495671383,-0.16278112867447064
0,0.27215181344822625,-1.5661069258891576,-0.47454519624983954,-0.4736736092984604,0.04457632404880686,-1.8668102534866975,0.96425644365423,1.2266260647479035,-0.6244040257055189,0.27215181344822625,-1.5661069258891576,-0.47454519624983954,-0.4736736092984604,0.04457632404880686,-1.8668102534866975,0.96425644365423,1.2266260647479035,-0.6244040257055189,0.00499426471416081,-0.6885642971397216,-0.3760014818308347,-0.3895323082701867,0.11628904828245404,-1.1295921368761843,0.8753116263616811,1.1286113793834256,-0.39047003325149704,-1.4609134070857044,-0.4030649954631285,-0.4194008220350217,-0.3198112274045292,-1.6704316554584984,-0.5017365349980186,-0.2130091009268516,-0.7470324187216006,-0.2328872501475753,-0.28708333828187355,-0.32078666523533045,-0.39610534423349997,-0.38113017778990566,-0.3694246287326534,-0.2751579580367754,-0.2900883232983121,-0.2955781683826058,-0.3888554871521795,-0.41265547100857053,-0.2943754514063852,-0.3658086479243954,-0.13432551043534188,-0.5424056259750022,0.6782178819467672,0.37720937525777365,-0.3003005169703626,-1.8399449636419904,-1.163379379720384,-0.9827006405872728,-0.8515365815723219,0.9989187709831968,1.8822836089980008,-0.22342026433344614,1.3385767425636153,-0.06213841212214652,-0.4271559153457235,-0.7376951317802901,0.7376951317802901,-0.4820426798824101,-0.3075623426146228,0.6158384251930635,-0.13085598064755344,-0.2359813632291101,-0.2662958158485814,5.099019513592785,-0.19300937626135234,-0.12168146174384352,-0.06715342778730747,-0.03352007615769955,-1.8351149988007645,-0.21680296415038888,-0.5118980953829163,0.8505317485662419,-0.40583972495671383,-0.16278112867447064,0.8119223343984152,-0.1699069165076462,-0.2081478487327801,-0.6981970580620328,-0.7376951317802901,0.7376951317802901,-0.7376951317802901,0.7376951317802901,-0.7376951317802901,0.7376951317802901,-0.7376951317802901,0.7376951317802901,-0.4820426798824101,-0.3075623426146228,0.6158384251930635,-0.4820426798824101,-0.3075623426146228,0.6158384251930635,-0.4820426798824101,-0.3075623426146228,0.6158384251930635,-0.13085598064755344,-0.2359813632291101,-0.2662958158485814,5.099019513592785,-0.19300937626135234,-0.12168146174384352,-0.06715342778730747,-0.03352007615769955,-1.8351149988007645,-0.13085598064755344,-0.2359813632291101,-0.2662958158485814,5.099019513592785,-0.19300937626135234,-0.12168146174384352,-0.06715342778730747,-0.03352007615769955,-1.8351149988007645,-0.21680296415038888,-0.5118980953829163,0.8505317485662419,-0.40583972495671383,-0.16278112867447064
1,0.27603969649748666,-0.3693648410115938,-0.47454519624983954,-0.4736736092984604,-0.438556019316467,-1.9290897323389384,-0.5095104222433947,0.5370842201482933,-0.6244040257055189,0.27603969649748666,-0.3693648410115938,-0.47454519624983954,-0.4736736092984604,-0.438556019316467,-1.9290897323389384,-0.5095104222433947,0.5370842201482933,-0.6244040257055189,0.009354046784353656,0.01618890192460873,-0.3760014818308347,-0.3895323082701867,-0.3325801151695939,-1.1738201224699276,-0.2036529001655757,0.5826635834157714,-0.3895558310241818,-0.5892568139740777,-0.4030649954631285,-0.4194008220350217,-0.5906963534073878,-1.6737199957449633,-0.5569533474872684,0.3560796814594294,-0.5523538913507477,-0.2328872501475753,-0.28708333828187355,-0.32078666523533045,-0.39610534423349997,-0.38113017778990566,-0.3694246287326534,-0.2751579580367754,-0.2900883232983121,-0.2955781683826058,-0.3888554871521795,-0.41265547100857053,-0.2943754514063852,-0.3658086479243954,-0.19541373081489902,-0.5938541936899023,-0.5078401192601508,-0.30799005650957584,-0.39990848754372704,-1.8438380824646854,-1.2486918994574943,-1.0648413735342608,-0.8648115678056826,-0.7538678336953983,-0.03924800141930428,-0.564416590908148,0.29322481827021163,-0.26058043793158214,-0.4271559153457235,1.3555735383351193,-1.3555735383351195,-0.4820426798824101,-0.3075623426146228,0.6158384251930635,-0.13085598064755344,-0.2359813632291101,-0.2662958158485814,-0.19611613513818404,-0.19300937626135234,8.218178723930356,-0.06715342778730747,-0.03352007615769955,-1.8351149988007645,-0.21680296415038888,-0.5118980953829163,-1.175735064194511,2.4640269015229057,-0.16278112867447064,0.8119223343984152,-0.1699069165076462,-0.2081478487327801,-0.6981970580620328,1.3555735383351193,-1.3555735383351195,1.3555735383351193,-1.3555735383351195,1.3555735383351193,-1.3555735383351195,1.3555735383351193,-1.3555735383351195,-0.4820426798824101,-0.3075623426146228,0.6158384251930635,-0.4820426798824101,-0.3075623426146228,0.6158384251930635,-0.4820426798824101,-0.3075623426146228,0.6158384251930635,-0.13085598064755344,-0.2359813632291101,-0.2662958158485814,-0.19611613513818404,-0.19300937626135234,8.218178723930356,-0.06715342778730747,-0.03352007615769955,-1.8351149988007645,-0.13085598064755344,-0.2359813632291101,-0.2662958158485814,-0.19611613513818404,-0.19300937626135234,8.218178723930356,-0.06715342778730747,-0.03352007615769955,-1.8351149988007645,-0.21680296415038888,-0.5118980953829163,-1.175735064194511,2.4640269015229057,-0.16278112867447064
0,0.279927579546747,0.8273772438659699,-0.47454519624983954,-0.4736736092984604,-0.15672881902005725,0.5446511676720712,-1.5366812681720423,-0.1524576244513169,0.48939774987729867,0.279927579546747,0.8273772438659699,-0.47454519624983954,-0.4736736092984604,-0.15672881902005725,0.5446511676720712,-1.5366812681720423,-0.1524576244513169,0.48939774987729867,0.013722269865331,0.7236631558115812,-0.3760014818308347,-0.3895323082701867,-0.06914970746078736,0.5926722022053984,-0.9580146871503739,0.03458733600184944,0.5584718787017114,0.8635041745453002,-0.4030649954631285,-0.4194008220350217,0.41544840031751534,0.7925352191037062,-1.1494148220340843,0.3560796814594294,0.8103958002452226,-0.2328872501475753,-0.28708333828187355,-0.32078666523533045,-0.39610534423349997,-0.38113017778990566,-0.3694246287326534,-0.2751579580367754,-0.2900883232983121,-0.2955781683826058,-0.3888554871521795,-0.41265547100857053,-0.2943754514063852,-0.3658086479243954,-0.1678777526892653,0.32287264876924127,-0.5999851031365155,-0.19163543602078065,-0.14258789689586887,0.5449215208897721,-1.0298513550494233,0.2690969755635181,0.7393377686336078,-1.2286533543751765,-0.9362804271131857,-0.6718820998892662,-0.45345512765364804,0.33474563949672476,0.08106764742915833,-0.7376951317802901,0.7376951317802901,-0.4820426798824101,3.2513733362117265,-1.6238025415294657,-0.13085598064755344,-0.2359813632291101,-0.2662958158485814,-0.19611613513818404,-0.19300937626135234,-0.12168146174384352,-0.06715342778730747,-0.03352007615769955,0.5449249778098338,-0.21680296415038888,-0.5118980953829163,0.8505317485662419,-0.40583972495671383,-0.16278112867447064,0.8119223343984152,-0.1699069165076462,-0.2081478487327801,-0.6981970580620328,-0.7376951317802901,0.7376951317802901,-0.7376951317802901,0.7376951317802901,-0.7376951317802901,0.7376951317802901,-0.7376951317802901,0.7376951317802901,-0.4820426798824101,3.2513733362117265,-1.6238025415294657,-0.4820426798824101,3.2513733362117265,-1.6238025415294657,-0.4820426798824101,3.2513733362117265,-1.6238025415294657,-0.13085598064755344,-0.2359813632291101,-0.2662958158485814,-0.19611613513818404,-0.19300937626135234,-0.12168146174384352,-0.06715342778730747,-0.03352007615769955,0.5449249778098338,-0.13085598064755344,-0.2359813632291101,-0.2662958158485814,-0.19611613513818404,-0.19300937626135234,-0.12168146174384352,-0.06715342778730747,-0.03352007615769955,0.5449249778098338,-0.21680296415038888,-0.5118980953829163,0.8505317485662419,-0.40583972495671383,-0.16278112867447064
1,0.28381546259600743,-0.3693648410115938,0.4327933656785018,-0.4736736092984604,-0.11646779040628442,0.5446511676720712,-0.5095104222433947,0.8818551424480984,-0.0675031379141101,0.28381546259600743,-0.3693648410115938,0.4327933656785018,-0.4736736092984604,-0.11646779040628442,0.5446511676720712,-0.5095104222433947,0.8818551424480984,-0.0675031379141101,0.01809893395709284,0.02163101156989313,0.5234739055940308,-0.3895323082701867,-0.030625458908494253,0.5961543962726439,-0.19993336153882793,0.865215512907803,0.08674352940705288,-0.5892568139740777,0.2247862474698217,-0.4194008220350217,0.028469648884860296,-0.04105904351514409,-0.5569533474872684,0.6406240726525699,-0.1629968366090419,-0.07639966350995119,-0.28708333828187355,0.008135739352004802,0.5281575091431288,0.16061446244642888,1.1170924095935137,-0.05924801474239681,-0.2900883232983121,-0.2955781683826058,-0.3888554871521795,-0.41265547100857053,-0.2943754514063852,-0.3658086479243954,-0.16209288333514058,0.399931507946359,-0.20320282418793778,0.08632282403578564,-0.22559453904033924,0.5449215208897721,-0.14575511629852972,1.3016263541781348,0.20090432700850336,-0.7538678336953983,0.13527424342020916,-0.26165318579788244,0.7785667831207204,0.5331876653061604,-0.23657207930514282,1.3555735383351193,-1.3555735383351195,-0.4820426798824101,-0.3075623426146228,0.6158384251930635,-0.13085598064755344,-0.2359813632291101,-0.2662958158485814,-0.19611613513818404,-0.19300937626135234,-0.12168146174384352,-0.06715342778730747,-0.03352007615769955,0.5449249778098338,-0.21680296415038888,-0.5118980953829163,-1.175735064194511,2.4640269015229057,-0.16278112867447064,-1.2316448970959013,-0.1699069165076462,-0.2081478487327801,1.4322604033532795,1.3555735383351193,-1.3555735383351195,1.3555735383351193,-1.3555735383351195,1.3555735383351193,-1.3555735383351195,1.3555735383351193,-1.3555735383351195,-0.4820426798824101,-0.3075623426146228,0.6158384251930635,-0.4820426798824101,-0.3075623426146228,0.6158384251930635,-0.4820426798824101,-0.3075623426146228,0.6158384251930635,-0.13085598064755344,-0.2359813632291101,-0.2662958158485814,-0.19611613513818404,-0.19300937626135234,-0.12168146174384352,-0.06715342778730747,-0.03352007615769955,0.5449249778098338,-0.13085598064755344,-0.2359813632291101,-0.2662958158485814,-0.19611613513818404,-0.19300937626135234,-0.12168146174384352,-0.06715342778730747,-0.03352007615769955,0.5449249778098338,-0.21680296415038888,-0.5118980953829163,-1.175735064194511,2.4640269015229057,-0.16278112867447064
0,0.2877033456452678,0.8273772438659699,-0.47454519624983954,-0.4736736092984604,-0.4989475622371262,0.5446511676720712,0.96425644365423,0.5370842201482933,-0.6244040257055189,0.2877033456452678,0.8273772438659699,-0.47454519624983954,-0.4736736092984604,-0.4989475622371262,0.5446511676720712,0.96425644365423,0.5370842201482933,-0.6244040257055189,0.02248403905963918,0.7318263202795078,-0.3760014818308347,-0.3895323082701867,-0.3880811512195077,0.5996365903398895,0.89112918652867,0.5922416149239758,-0.38681322434223614,0.8635041745453002,-0.4030649954631285,-0.4194008220350217,-0.571347415835755,0.7925352191037062,1.3577269342345568,1.209712855038851,-0.3576753639798948,-0.2328872501475753,-0.28708333828187355,-0.32078666523533045,-0.39610534423349997,-0.38113017778990566,-0.3694246287326534,-0.2751579580367754,-0.2900883232983121,-0.2955781683826058,-0.3888554871521795,-0.41265547100857053,-0.2943754514063852,-0.3658086479243954,-0.19836401418550262,-0.33212765423625973,-0.41485036472765574,-0.36616736675397343,-0.4123594838653976,0.5449215208897721,1.1227307914744915,0.9574498946399291,-0.337529114616601,0.9989187709831968,1.1401173391344044,-0.22342026433344614,0.29322481827021163,-0.26058043793158214,-0.4271559153457235,-0.7376951317802901,0.7376951317802901,-0.4820426798824101,-0.3075623426146228,0.6158384251930635,-0.13085598064755344,-0.2359813632291101,-0.2662958158485814,-0.19611613513818404,-0.19300937626135234,-0.12168146174384352,-0.06715342778730747,-0.03352007615769955,0.5449249778098338,-0.21680296415038888,-0.5118980953829163,0.8505317485662419,-0.40583972495671383,-0.16278112867447064,0.8119223343984152,-0.1699069165076462,-0.2081478487327801,-0.6981970580620328,-0.7376951317802901,0.7376951317802901,-0.7376951317802901,0.7376951317802901,-0.7376951317802901,0.7376951317802901,-0.7376951317802901,0.7376951317802901,-0.4820426798824101,-0.3075623426146228,0.6158384251930635,-0.4820426798824101,-0.3075623426146228,0.6158384251930635,-0.4820426798824101,-0.3075623426146228,0.6158384251930635,-0.13085598064755344,-0.2359813632291101,-0.2662958158485814,-0.19611613513818404,-0.19300937626135234,-0.12168146174384352,-0.06715342778730747,-0.03352007615769955,0.5449249778098338,-0.13085598064755344,-0.2359813632291101,-0.2662958158485814,-0.19611613513818404,-0.19300937626135234,-0.12168146174384352,-0.06715342778730747,-0.03352007615769955,0.5449249778098338,-0.21680296415038888,-0.5118980953829163,0.8505317485662419,-0.40583972495671383,-0.16278112867447064
1,0.29159122869452814,-1.5661069258891576,-0.47454519624983954,-0.4736736092984604,1.2322766681551052,-1.8194778495589943,-0.5095104222433947,0.19231329784848822,1.0462986376687076,0.29159122869452814,-1.5661069258891576,-0.47454519624983954,-0.4736736092984604,1.2322766681551052,-1.8194778495589943,-0.5095104222433947,0.19231329784848822,1.0462986376687076,0.026877585172970016,-0.681761660083116,-0.3760014818308347,-0.3895323082701867,1.237518802051595,-1.0948079714845371,-0.19621382291208014,0.31820349121701486,1.042999059178783,-1.4609134070857044,-0.4030649954631285,-0.4194008220350217,0.8217760893218031,-1.6548120390977903,-0.9942108085507874,-0.6398256877165623,-0.1629968366090419,-0.2328872501475753,-0.28708333828187355,-0.32078666523533045,-0.39610534423349997,-0.38113017778990566,-0.3694246287326534,-0.2751579580367754,-0.2900883232983121,-0.2955781683826058,-0.3888554871521795,-0.41265547100857053,-0.2943754514063852,-0.3658086479243954,0.2991347502692239,-0.3721389849628401,1.0724658489269543,1.00099942398937,1.1025117352711868,-1.83504312030046,-1.1998205817747205,-0.9972958947885971,-0.7379026994147555,-0.7538678336953983,-0.21377024625881774,0.3438736244226488,-0.1174491519879112,1.1285137427344674,0.52576326485718,1.3555735383351193,-1.3555735383351195,-0.4820426798824101,-0.3075623426146228,0.6158384251930635,-0.13085598064755344,4.237622777986573,-0.2662958158485814,-0.19611613513818404,-0.19300937626135234,-0.12168146174384352,-0.06715342778730747,-0.03352007615769955,-1.8351149988007645,-0.21680296415038888,1.9535138126504805,-1.175735064194511,-0.40583972495671383,-0.16278112867447064,0.8119223343984152,-0.1699069165076462,-0.2081478487327801,-0.6981970580620328,1.3555735383351193,-1.3555735383351195,1.3555735383351193,-1.3555735383351195,1.3555735383351193,-1.3555735383351195,1.3555735383351193,-1.3555735383351195,-0.4820426798824101,-0.3075623426146228,0.6158384251930635,-0.4820426798824101,-0.3075623426146228,0.6158384251930635,-0.4820426798824101,-0.3075623426146228,0.6158384251930635,-0.13085598064755344,4.237622777986573,-0.2662958158485814,-0.19611613513818404,-0.19300937626135234,-0.12168146174384352,-0.06715342778730747,-0.03352007615769955,-1.8351149988007645,-0.13085598064755344,4.237622777986573,-0.2662958158485814,-0.19611613513818404,-0.19300937626135234,-0.12168146174384352,-0.06715342778730747,-0.03352007615769955,-1.8351149988007645,-0.21680296415038888,1.9535138126504805,-1.175735064194511,-0.40583972495671383,-0.16278112867447064
0,0.29547911174378855,0.8273772438659699,-0.47454519624983954,-0.4736736092984604,-0.4989475622371262,0.5446511676720712,0.96425644365423,-0.841999469050927,-0.6244040257055189,0.29547911174378855,0.8273772438659699,-0.47454519624983954,-0.4736736092984604,-0.4989475622371262,0.5446511676720712,0.96425644365423,-0.841999469050927,-0.6244040257055189,0.03127957229708535,0.7399894847474344,-0.3760014818308347,-0.3895323082701867,-0.3875732986020575,0.6066009784743807,0.8990379666121644,-0.5124246856889386,-0.3849848198876057,0.8635041745453002,-0.4030649954631285,-0.4194008220350217,-0.571347415835755,0.7925352191037062,1.3577269342345568,-0.4975534921199921,-0.3576753639798948,-0.2328872501475753,-0.28708333828187355,-0.32078666523533045,-0.39610534423349997,-0.38113017778990566,-0.3694246287326534,-0.2751579580367754,-0.2900883232983121,-0.2955781683826058,-0.3888554871521795,-0.41265547100857053,-0.2943754514063852,-0.3658086479243954,-0.19836401418550262,-0.33212765423625973,-0.41485036472765574,-0.45666540491192525,-0.4123594838653976,0.5449215208897721,1.1227307914744915,-0.41925594351289297,-0.337529114616601,0.9989187709831968,-0.34421520059278854,-0.22342026433344614,-0.9014630952079639,-0.6574644895504534,-0.4271559153457235,-0.7376951317802901,0.7376951317802901,-0.4820426798824101,-0.3075623426146228,0.6158384251930635,-0.13085598064755344,-0.2359813632291101,-0.2662958158485814,-0.19611613513818404,-0.19300937626135234,-0.12168146174384352,-0.06715342778730747,-0.03352007615769955,0.5449249778098338,-0.21680296415038888,-0.5118980953829163,0.8505317485662419,-0.40583972495671383,-0.16278112867447064,0.8119223343984152,-0.1699069165076462,-0.2081478487327801,-0.6981970580620328,-0.7376951317802901,0.7376951317802901,-0.7376951317802901,0.7376951317802901,-0.7376951317802901,0.7376951317802901,-0.7376951317802901,0.7376951317802901,-0.4820426798824101,-0.3075623426146228,0.6158384251930635,-0.4820426798824101,-0.3075623426146228,0.6158384251930635,-0.4820426798824101,-0.3075623426146228,0.6158384251930635,-0.13085598064755344,-0.2359813632291101,-0.2662958158485814,-0.19611613513818404,-0.19300937626135234,-0.12168146174384352,-0.06715342778730747,-0.03352007615769955,0.5449249778098338,-0.13085598064755344,-0.2359813632291101,-0.2662958158485814,-0.19611613513818404,-0.19300937626135234,-0.12168146174384352,-0.06715342778730747,-0.03352007615769955,0.5449249778098338,-0.21680296415038888,-0.5118980953829163,0.8505317485662419,-0.40583972495671383,-0.16278112867447064
0,0.2993669947930489,0.8273772438659699,-0.47454519624983954,-0.4736736092984604,-0.4989475622371262,0.5446511676720712,-1.1168810094012038,1.2266260647479035,-0.6244040257055189,0.2993669947930489,0.8273772438659699,-0.47454519624983954,-0.4736736092984604,-0.4989475622371262,0.5446511676720712,-1.1168810094012038,1.2266260647479035,-0.6244040257055189,0.035690000431985176,0.7440710669813977,-0.3760014818308347,-0.3895323082701867,-0.3873193722933324,0.6100831725416261,-0.6439675666118087,1.1584096996311728,-0.38407061766029044,0.8635041745453002,-0.4030649954631285,-0.4194008220350217,-0.571347415835755,0.7925352191037062,-0.7285731700889909,2.0633460286182723,-0.3576753639798948,-0.2328872501475753,-0.28708333828187355,-0.32078666523533045,-0.39610534423349997,-0.38113017778990566,-0.3694246287326534,-0.2751579580367754,-0.2900883232983121,-0.2955781683826058,-0.3888554871521795,-0.41265547100857053,-0.2943754514063852,-0.3658086479243954,-0.19836401418550262,-0.33212765423625973,-0.626822817058193,-0.32091834767499755,-0.4123594838653976,0.5449215208897721,-0.6685250661686233,1.64580281371634,-0.337529114616601,-1.1087392780725651,-0.33825880998393143,-0.7049484103449949,1.3385767425636153,-0.06213841212214652,-0.4271559153457235,-0.7376951317802901,0.7376951317802901,2.0745051044939435,-0.3075623426146228,-1.6238025415294657,-0.13085598064755344,-0.2359813632291101,-0.2662958158485814,-0.19611613513818404,-0.19300937626135234,-0.12168146174384352,-0.06715342778730747,-0.03352007615769955,0.5449249778098338,-0.21680296415038888,-0.5118980953829163,0.8505317485662419,-0.40583972495671383,-0.16278112867447064,0.8119223343984152,-0.1699069165076462,-0.2081478487327801,-0.6981970580620328,-0.7376951317802901,0.7376951317802901,-0.7376951317802901,0.7376951317802901,-0.7376951317802901,0.7376951317802901,-0.7376951317802901,0.7376951317802901,2.0745051044939435,-0.3075623426146228,-1.6238025415294657,2.0745051044939435,-0.3075623426146228,-1.6238025415294657,2.0745051044939435,-0.3075623426146228,-1.6238025415294657,-0.13085598064755344,-0.2359813632291101,-0.2662958158485814,-0.19611613513818404,-0.19300937626135234,-0.12168146174384352,-0.06715342778730747,-0.03352007615769955,0.5449249778098338,-0.13085598064755344,-0.2359813632291101,-0.2662958158485814,-0.19611613513818404,-0.19300937626135234,-0.12168146174384352,-0.06715342778730747,-0.03352007615769955,0.5449249778098338,-0.21680296415038888,-0.5118980953829163,0.8505317485662419,-0.40583972495671383,-0.16278112867447064
1,0.30325487784230926,-1.5661069258891576,-0.47454519624983954,0.7676298785983874,0.5075781531071943,-1.8194778495589943,-1.3133832581875537,1.2266260647479035,-0.0675031379141101,0.30325487784230926,-1.5661069258891576,-0.47454519624983954,0.7676298785983874,0.5075781531071943,-1.8194778495589943,-1.3133832581875537,1.2266260647479035,-0.0675031379141101,0.04010886957766951,-0.6776800778491527,-0.3760014818308347,0.8122148236848655,0.5633444523864656,-1.0941383187792977,-0.7893152031542952,1.1626666025237082,0.09588555168020517,-1.4609134070857044,-0.4030649954631285,0.0500541182076973,0.12521433674302407,-1.6548120390977903,-1.2628331395795704,-0.2130091009268516,-0.5523538913507477,-0.2328872501475753,-0.28708333828187355,-0.32078666523533045,-0.39610534423349997,-0.38113017778990566,-0.3694246287326534,-0.2751579580367754,0.07498045644575013,0.5150670653168974,-0.30223359629448865,-0.07128042961738269,1.4171320670477043,0.056387602465029836,-0.01324819485351133,-0.4610530532441298,-0.27968705974681035,0.9719107688671713,0.03172605160751893,-1.83504312030046,-1.2441732358926583,-0.931108114108173,-0.8069326278282305,-1.177626087863427,-0.5479237594157019,-0.6336491784248299,1.3385767425636153,0.7316296911155961,-0.23657207930514282,1.3555735383351193,-1.3555735383351195,2.0745051044939435,-0.3075623426146228,-1.6238025415294657,-0.13085598064755344,4.237622777986573,-0.2662958158485814,-0.19611613513818404,-0.19300937626135234,-0.12168146174384352,-0.06715342778730747,-0.03352007615769955,-1.8351149988007645,-0.21680296415038888,-0.5118980953829163,-1.175735064194511,2.4640269015229057,-0.16278112867447064,-1.2316448970959013,-0.1699069165076462,-0.2081478487327801,1.4322604033532795,1.3555735383351193,-1.3555735383351195,1.3555735383351193,-1.3555735383351195,1.3555735383351193,-1.3555735383351195,1.3555735383351193,-1.3555735383351195,2.0745051044939435,-0.3075623426146228,-1.6238025415294657,2.0745051044939435,-0.3075623426146228,-1.6238025415294657,2.0745051044939435,-0.3075623426146228,-1.6238025415294657,-0.13085598064755344,4.237622777986573,-0.2662958158485814,-0.19611613513818404,-0.19300937626135234,-0.12168146174384352,-0.06715342778730747,-0.03352007615769955,-1.8351149988007645,-0.13085598064755344,4.237622777986573,-0.2662958158485814,-0.19611613513818404,-0.19300937626135234,-0.12168146174384352,-0.06715342778730747,-0.03352007615769955,-1.8351149988007645,-0.21680296415038888,-0.5118980953829163,-1.175735064194511,2.4640269015229057,-0.16278112867447064
0,0.30714276089156967,0.8273772438659699,-0.47454519624983954,-0.4736736092984604,-0.4989475622371262,0.5446511676720712,-1.1168810094012038,-1.1867703913507321,-0.6244040257055189,0.30714276089156967,0.8273772438659699,-0.47454519624983954,-0.4736736092984604,-0.4989475622371262,0.5446511676720712,-1.1168810094012038,-1.1867703913507321,-0.6244040257055189,0.04453617973413833,0.7522342314493243,-0.3760014818308347,-0.3895323082701867,-0.38681151967588223,0.6170475606761173,-0.6419745032520837,-0.7885912608421672,-0.38224221320566,0.8635041745453002,-0.4030649954631285,-0.4194008220350217,-0.571347415835755,0.7925352191037062,-0.7285731700889909,-0.9243700789097029,-0.3576753639798948,-0.2328872501475753,-0.28708333828187355,-0.32078666523533045,-0.39610534423349997,-0.38113017778990566,-0.3694246287326534,-0.2751579580367754,-0.2900883232983121,-0.2955781683826058,-0.3888554871521795,-0.41265547100857053,-0.2943754514063852,-0.3658086479243954,-0.19836401418550262,-0.33212765423625973,-0.626822817058193,-0.4792899144514132,-0.4123594838653976,0.5449215208897721,-0.6685250661686233,-0.7634324030510985,-0.337529114616601,-1.1087392780725651,-0.9928661378973284,-0.7049484103449949,-1.0134650870965427,-0.7566855024551713,-0.4271559153457235,-0.7376951317802901,0.7376951317802901,2.0745051044939435,-0.3075623426146228,-1.6238025415294657,-0.13085598064755344,-0.2359813632291101,-0.2662958158485814,-0.19611613513818404,-0.19300937626135234,-0.12168146174384352,-0.06715342778730747,-0.03352007615769955,0.5449249778098338,-0.21680296415038888,-0.5118980953829163,0.8505317485662419,-0.40583972495671383,-0.16278112867447064,0.8119223343984152,-0.1699069165076462,-0.2081478487327801,-0.6981970580620328,-0.7376951317802901,0.7376951317802901,-0.7376951317802901,0.7376951317802901,-0.7376951317802901,0.7376951317802901,-0.7376951317802901,0.7376951317802901,2.0745051044939435,-0.3075623426146228,-1.6238025415294657,2.0745051044939435,-0.3075623426146228,-1.6238025415294657,2.0745051044939435,-0.3075623426146228,-1.6238025415294657,-0.13085598064755344,-0.2359813632291101,-0.2662958158485814,-0.19611613513818404,-0.19300937626135234,-0.12168146174384352,-0.06715342778730747,-0.03352007615769955,0.5449249778098338,-0.13085598064755344,-0.2359813632291101,-0.2662958158485814,-0.19611613513818404,-0.19300937626135234,-0.12168146174384352,-0.06715342778730747,-0.03352007615769955,0.5449249778098338,-0.21680296415038888,-0.5118980953829163,0.8505317485662419,-0.40583972495671383,-0.16278112867447064
0,0.31103064394083,0.8273772438659699,-0.47454519624983954,-0.4736736092984604,-0.4989475622371262,0.5446511676720712,-1.5366812681720423,1.2266260647479035,-0.6244040257055189,0.31103064394083,0.8273772438659699,-0.47454519624983954,-0.4736736092984604,-0.4989475622371262,0.5446511676720712,-1.5366812681720423,1.2266260647479035,-0.6244040257055189,0.04897193090139165,0.7563158136832876,-0.3760014818308347,-0.3895323082701867,-0.3865575933671571,0.6205297547433629,-0.9548156300379492,1.1711804083087787,-0.38132801097834473,0.8635041745453002,-0.4030649954631285,-0.4194008220350217,-0.571347415835755,0.7925352191037062,-1.1494148220340843,2.0633460286182723,-0.3576753639798948,-0.2328872501475753,-0.28708333828187355,-0.32078666523533045,-0.39610534423349997,-0.38113017778990566,-0.3694246287326534,-0.2751579580367754,-0.2900883232983121,-0.2955781683826058,-0.3888554871521795,-0.41265547100857053,-0.2943754514063852,-0.3658086479243954,-0.19836401418550262,-0.33212765423625973,-0.6695812087300181,-0.32091834767499755,-0.4123594838653976,0.5449215208897721,-1.0298513550494233,1.64580281371634,-0.337529114616601,-1.2286533543751765,-0.7861793837699864,-0.8020806973086978,1.3385767425636153,-0.06213841212214652,-0.4271559153457235,-0.7376951317802901,0.7376951317802901,-0.4820426798824101,3.2513733362117265,-1.6238025415294657,-0.13085598064755344,-0.2359813632291101,-0.2662958158485814,-0.19611613513818404,-0.19300937626135234,-0.12168146174384352,-0.06715342778730747,-0.03352007615769955,0.5449249778098338,-0.21680296415038888,-0.5118980953829163,0.8505317485662419,-0.40583972495671383,-0.16278112867447064,0.8119223343984152,-0.1699069165076462,-0.2081478487327801,-0.6981970580620328,-0.7376951317802901,0.7376951317802901,-0.7376951317802901,0.7376951317802901,-0.7376951317802901,0.7376951317802901,-0.7376951317802901,0.7376951317802901,-0.4820426798824101,3.2513733362117265,-1.6238025415294657,-0.4820426798824101,3.2513733362117265,-1.6238025415294657,-0.4820426798824101,3.2513733362117265,-1.6238025415294657,-0.13085598064755344,-0.2359813632291101,-0.2662958158485814,-0.19611613513818404,-0.19300937626135234,-0.12168146174384352,-0.06715342778730747,-0.03352007615769955,0.5449249778098338,-0.13085598064755344,-0.2359813632291101,-0.2662958158485814,-0.19611613513818404,-0.19300937626135234,-0.12168146174384352,-0.06715342778730747,-0.03352007615769955,0.5449249778098338,-0.21680296415038888,-0.5118980953829163,0.8505317485662419,-0.40583972495671383,-0.16278112867447064
1,0.31491852699009043,-0.3693648410115938,-0.47454519624983954,-0.4736736092984604,-0.438556019316467,0.5446511676720712,-0.5095104222433947,1.5713969870477085,-0.6244040257055189,0.31491852699009043,-0.3693648410115938,-0.47454519624983954,-0.4736736092984604,-0.438556019316467,0.5446511676720712,-0.5095104222433947,1.5713969870477085,-0.6244040257055189,0.05341612307942947,0.04339945015103075,-0.3760014818308347,-0.3895323082701867,-0.3289525964735211,0.6240119488106084,-0.18505520703183687,1.455860789247078,-0.38041380875102954,-0.5892568139740777,-0.4030649954631285,-0.4194008220350217,-0.5906963534073878,-0.04105904351514409,-0.5569533474872684,1.209712855038851,-0.5523538913507477,-0.2328872501475753,-0.28708333828187355,-0.32078666523533045,-0.39610534423349997,-0.38113017778990566,-0.3694246287326534,-0.2751579580367754,-0.2900883232983121,-0.2955781683826058,-0.3888554871521795,-0.41265547100857053,-0.2943754514063852,-0.3658086479243954,-0.19541373081489902,-0.21653936547058308,-0.5078401192601508,-0.2110278727689132,-0.39990848754372704,0.5449215208897721,-0.14575511629852972,1.9899792732545456,-0.337529114616601,-0.7538678336953983,0.48431873309923607,-0.564416590908148,1.973254696598896,0.0370826007825713,-0.4271559153457235,1.3555735383351193,-1.3555735383351195,-0.4820426798824101,-0.3075623426146228,0.6158384251930635,-0.13085598064755344,-0.2359813632291101,-0.2662958158485814,-0.19611613513818404,-0.19300937626135234,-0.12168146174384352,-0.06715342778730747,-0.03352007615769955,0.5449249778098338,-0.21680296415038888,1.9535138126504805,-1.175735064194511,-0.40583972495671383,-0.16278112867447064,0.8119223343984152,-0.1699069165076462,-0.2081478487327801,-0.6981970580620328,1.3555735383351193,-1.3555735383351195,1.3555735383351193,-1.3555735383351195,1.3555735383351193,-1.3555735383351195,1.3555735383351193,-1.3555735383351195,-0.4820426798824101,-0.3075623426146228,0.6158384251930635,-0.4820426798824101,-0.3075623426146228,0.6158384251930635,-0.4820426798824101,-0.3075623426146228,0.6158384251930635,-0.13085598064755344,-0.2359813632291101,-0.2662958158485814,-0.19611613513818404,-0.19300937626135234,-0.12168146174384352,-0.06715342778730747,-0.03352007615769955,0.5449249778098338,-0.13085598064755344,-0.2359813632291101,-0.2662958158485814,-0.19611613513818404,-0.19300937626135234,-0.12168146174384352,-0.06715342778730747,-0.03352007615769955,0.5449249778098338,-0.21680296415038888,1.9535138126504805,-1.175735064194511,-0.40583972495671383,-0.16278112867447064
0,0.3188064100393508,-1.5661069258891576,-0.47454519624983954,-0.4736736092984604,3.808982499436566,-1.747233654090395,0.96425644365423,-0.497228546751122,1.0462986376687076,0.3188064100393508,-1.5661069258891576,-0.47454519624983954,-0.4736736092984604,3.808982499436566,-1.747233654090395,0.96425644365423,-0.497228546751122,1.0462986376687076,0.05786875626825179,-0.6722379682038684,-0.3760014818308347,-0.3895323082701867,3.712756184316868,-1.0406622576203748,0.9227643068626475,-0.22508374044280482,1.0685967215436094,-1.4609134070857044,-0.4030649954631285,-0.4194008220350217,3.298440098490796,-1.6309715720209197,-0.5017365349980186,-0.9243700789097029,-0.1629968366090419,-0.2328872501475753,-0.28708333828187355,-0.32078666523533045,-0.39610534423349997,-0.38113017778990566,-0.3694246287326534,-0.2751579580367754,-0.2900883232983121,-0.2955781683826058,-0.3888554871521795,-0.41265547100857053,-0.2943754514063852,-0.3658086479243954,2.624189441079035,0.187525678163278,8.24872759039555,1.6409498366777437,3.227481774169629,-1.8243260033503432,-1.050018544785101,-1.0118911489899214,-0.6763067632919626,0.9989187709831968,0.026867934339009688,1.7078589307214564,-0.714793108726999,0.33474563949672476,0.52576326485718,-0.7376951317802901,0.7376951317802901,-0.4820426798824101,-0.3075623426146228,0.6158384251930635,-0.13085598064755344,-0.2359813632291101,3.755222352305419,-0.19611613513818404,-0.19300937626135234,-0.12168146174384352,-0.06715342778730747,-0.03352007615769955,-1.8351149988007645,-0.21680296415038888,-0.5118980953829163,0.8505317485662419,-0.40583972495671383,-0.16278112867447064,0.8119223343984152,-0.1699069165076462,-0.2081478487327801,-0.6981970580620328,-0.7376951317802901,0.7376951317802901,-0.7376951317802901,0.7376951317802901,-0.7376951317802901,0.7376951317802901,-0.7376951317802901,0.7376951317802901,-0.4820426798824101,-0.3075623426146228,0.6158384251930635,-0.4820426798824101,-0.3075623426146228,0.6158384251930635,-0.4820426798824101,-0.3075623426146228,0.6158384251930635,-0.13085598064755344,-0.2359813632291101,3.755222352305419,-0.19611613513818404,-0.19300937626135234,-0.12168146174384352,-0.06715342778730747,-0.03352007615769955,-1.8351149988007645,-0.13085598064755344,-0.2359813632291101,3.755222352305419,-0.19611613513818404,-0.19300937626135234,-0.12168146174384352,-0.06715342778730747,-0.03352007615769955,-1.8351149988007645,-0.21680296415038888,-0.5118980953829163,0.8505317485662419,-0.40583972495671383,-0.16278112867447064
0,0.32269429308861114,0.8273772438659699,-0.47454519624983954,-0.4736736092984604,-0.4989475622371262,0.5446511676720712,0.96425644365423,0.8818551424480984,-0.6244040257055189,0.32269429308861114,0.8273772438659699,-0.47454519624983954,-0.4736736092984604,-0.4989475622371262,0.5446511676720712,0.96425644365423,0.8818551424480984,-0.6244040257055189,0.0623298304678586,0.7685605603851775,-0.3760014818308347,-0.3895323082701867,-0.3857958144409819,0.6309763369450996,0.9267186969043948,0.9024634132174869,-0.37858540429639903,0.8635041745453002,-0.4030649954631285,-0.4194008220350217,-0.571347415835755,0.7925352191037062,1.3577269342345568,1.6365294418285616,-0.3576753639798948,-0.2328872501475753,-0.28708333828187355,-0.32078666523533045,-0.39610534423349997,-0.38113017778990566,-0.3694246287326534,-0.2751579580367754,-0.2900883232983121,-0.2955781683826058,-0.3888554871521795,-0.41265547100857053,-0.2943754514063852,-0.3658086479243954,-0.19836401418550262,-0.33212765423625973,-0.41485036472765574,-0.34354285721448546,-0.4123594838653976,0.5449215208897721,1.1227307914744915,1.3016263541781348,-0.337529114616601,0.9989187709831968,1.5112004740662026,-0.22342026433344614,0.7785667831207204,-0.16135942502686434,-0.4271559153457235,-0.7376951317802901,0.7376951317802901,-0.4820426798824101,-0.3075623426146228,0.6158384251930635,-0.13085598064755344,-0.2359813632291101,-0.2662958158485814,-0.19611613513818404,-0.19300937626135234,-0.12168146174384352,-0.06715342778730747,-0.03352007615769955,0.5449249778098338,-0.21680296415038888,-0.5118980953829163,0.8505317485662419,-0.40583972495671383,-0.16278112867447064,0.8119223343984152,-0.1699069165076462,-0.2081478487327801,-0.6981970580620328,-0.7376951317802901,0.7376951317802901,-0.7376951317802901,0.7376951317802901,-0.7376951317802901,0.7376951317802901,-0.7376951317802901,0.7376951317802901,-0.4820426798824101,-0.3075623426146228,0.6158384251930635,-0.4820426798824101,-0.3075623426146228,0.6158384251930635,-0.4820426798824101,-0.3075623426146228,0.6158384251930635,-0.13085598064755344,-0.2359813632291101,-0.2662958158485814,-0.19611613513818404,-0.19300937626135234,-0.12168146174384352,-0.06715342778730747,-0.03352007615769955,0.5449249778098338,-0.13085598064755344,-0.2359813632291101,-0.2662958158485814,-0.19611613513818404,-0.19300937626135234,-0.12168146174384352,-0.06715342778730747,-0.03352007615769955,0.5449249778098338,-0.21680296415038888,-0.5118980953829163,0.8505317485662419,-0.40583972495671383,-0.16278112867447064
0,0.32658217613787155,-0.3693648410115938,1.340131927606843,0.7676298785983874,-0.4184255050095806,0.5446511676720712,0.96425644365423,-0.497228546751122,-0.6244040257055189,0.32658217613787155,-0.3693648410115938,1.340131927606843,0.7676298785983874,-0.4184255050095806,0.5446511676720712,0.96425644365423,-0.497228546751122,-0.6244040257055189,0.06679934567824991,0.05156261461895735,1.4610773441236116,0.8259752870278624,-0.30863849177551345,0.6344585310123451,0.9306730869461419,-0.22189106327340333,-0.37767120206908383,-0.5892568139740777,0.8526374904027719,0.5195090584504164,-0.5519984782641223,-0.04105904351514409,0.42799519961826915,-0.4975534921199921,-0.5523538913507477,0.39306309640292114,0.7239492878412465,-0.04246770750758524,1.4524203625197576,1.9226712615768957,0.9047328326897756,-0.05924801474239681,0.07498045644575013,-0.13913786012480694,0.9624460102277982,1.4694387837410756,0.34743986801389837,-0.15471052272968278,-0.19419890825053282,-0.1780099358820242,-0.2529143281832968,-0.39525602187617226,-0.3957581554365035,0.5449215208897721,1.1227307914744915,-0.07507948397468743,-0.337529114616601,0.9989187709831968,0.026867934339009688,-0.22342026433344614,-0.714793108726999,-0.5582434766457356,-0.4271559153457235,-0.7376951317802901,0.7376951317802901,-0.4820426798824101,-0.3075623426146228,0.6158384251930635,-0.13085598064755344,-0.2359813632291101,-0.2662958158485814,-0.19611613513818404,-0.19300937626135234,-0.12168146174384352,-0.06715342778730747,-0.03352007615769955,0.5449249778098338,-0.21680296415038888,-0.5118980953829163,0.8505317485662419,-0.40583972495671383,-0.16278112867447064,-1.2316448970959013,-0.1699069165076462,-0.2081478487327801,1.4322604033532795,-0.7376951317802901,0.7376951317802901,-0.7376951317802901,0.7376951317802901,-0.7376951317802901,0.7376951317802901,-0.7376951317802901,0.7376951317802901,-0.4820426798824101,-0.3075623426146228,0.6158384251930635,-0.4820426798824101,-0.3075623426146228,0.6158384251930635,-0.4820426798824101,-0.3075623426146228,0.6158384251930635,-0.13085598064755344,-0.2359813632291101,-0.2662958158485814,-0.19611613513818404,-0.19300937626135234,-0.12168146174384352,-0.06715342778730747,-0.03352007615769955,0.5449249778098338,-0.13085598064755344,-0.2359813632291101,-0.2662958158485814,-0.19611613513818404,-0.19300937626135234,-0.12168146174384352,-0.06715342778730747,-0.03352007615769955,0.5449249778098338,-0.21680296415038888,-0.5118980953829163,0.8505317485662419,-0.40583972495671383,-0.16278112867447064
1,0.3304700591871319,-0.3693648410115938,0.4327933656785018,0.7676298785983874,-0.11646779040628442,0.5446511676720712,-0.5095104222433947,-1.5315413136505371,0.48939774987729867,0.3304700591871319,-0.3693648410115938,0.4327933656785018,0.7676298785983874,-0.11646779040628442,0.5446511676720712,-0.5095104222433947,-1.5315413136505371,0.48939774987729867,0.07127730189942572,0.054283669441599555,0.5442710243784208,0.8282686975850285,-0.019307600576747123,0.6379407250795907,-0.17761612977834132,-1.0679505131647973,0.5941257655670054,-0.5892568139740777,0.2247862474698217,0.5195090584504164,0.028469648884860296,-0.04105904351514409,-0.5569533474872684,-1.3511866656994136,0.2263602181326639,-0.07639966350995119,0.2184329747796864,0.008135739352004802,0.5281575091431288,0.16061446244642888,-0.3694246287326534,0.048706956904792466,0.07498045644575013,0.07418983295400972,0.9624460102277982,0.4725028221561908,-0.2943754514063852,0.26748572765974243,-0.16209288333514058,0.399931507946359,-0.20320282418793778,-0.5019144239909011,-0.11768590425252776,0.5449215208897721,-0.14575511629852972,-1.107608862589304,0.7393377686336078,-0.7538678336953983,-1.086381470456385,0.04111021931238319,-1.0507990843927357,-0.855906515359889,0.08106764742915833,1.3555735383351193,-1.3555735383351195,-0.4820426798824101,-0.3075623426146228,0.6158384251930635,-0.13085598064755344,-0.2359813632291101,-0.2662958158485814,-0.19611613513818404,-0.19300937626135234,-0.12168146174384352,-0.06715342778730747,-0.03352007615769955,0.5449249778098338,-0.21680296415038888,1.9535138126504805,-1.175735064194511,-0.40583972495671383,-0.16278112867447064,-1.2316448970959013,-0.1699069165076462,-0.2081478487327801,1.4322604033532795,1.3555735383351193,-1.3555735383351195,1.3555735383351193,-1.3555735383351195,1.3555735383351193,-1.3555735383351195,1.3555735383351193,-1.3555735383351195,-0.4820426798824101,-0.3075623426146228,0.6158384251930635,-0.4820426798824101,-0.3075623426146228,0.6158384251930635,-0.4820426798824101,-0.3075623426146228,0.6158384251930635,-0.13085598064755344,-0.2359813632291101,-0.2662958158485814,-0.19611613513818404,-0.19300937626135234,-0.12168146174384352,-0.06715342778730747,-0.03352007615769955,0.5449249778098338,-0.13085598064755344,-0.2359813632291101,-0.2662958158485814,-0.19611613513818404,-0.19300937626135234,-0.12168146174384352,-0.06715342778730747,-0.03352007615769955,0.5449249778098338,-0.21680296415038888,1.9535138126504805,-1.175735064194511,-0.40583972495671383,-0.16278112867447064
0,0.33435794223639226,0.8273772438659699,-0.47454519624983954,-0.4736736092984604,-0.4989475622371262,0.5446511676720712,-1.1168810094012038,-1.1867703913507321,-0.6244040257055189,0.33435794223639226,0.8273772438659699,-0.47454519624983954,-0.4736736092984604,-0.4989475622371262,0.5446511676720712,-1.1168810094012038,-1.1867703913507321,-0.6244040257055189,0.07576369913138603,0.7808053070870674,-0.3760014818308347,-0.3895323082701867,-0.3850340355148066,0.6414229191468362,-0.6349987814930466,-0.7848664708111989,-0.3758427976144534,0.8635041745453002,-0.4030649954631285,-0.4194008220350217,-0.571347415835755,0.7925352191037062,-0.7285731700889909,-0.9243700789097029,-0.3576753639798948,-0.2328872501475753,-0.28708333828187355,-0.32078666523533045,-0.39610534423349997,-0.38113017778990566,-0.3694246287326534,-0.2751579580367754,-0.2900883232983121,-0.2955781683826058,-0.3888554871521795,-0.41265547100857053,-0.2943754514063852,-0.3658086479243954,-0.19836401418550262,-0.33212765423625973,-0.626822817058193,-0.4792899144514132,-0.4123594838653976,0.5449215208897721,-0.6685250661686233,-0.7634324030510985,-0.337529114616601,-1.1087392780725651,-0.9928661378973284,-0.7049484103449949,-1.0134650870965427,-0.7566855024551713,-0.4271559153457235,-0.7376951317802901,0.7376951317802901,2.0745051044939435,-0.3075623426146228,-1.6238025415294657,-0.13085598064755344,-0.2359813632291101,-0.2662958158485814,-0.19611613513818404,-0.19300937626135234,-0.12168146174384352,-0.06715342778730747,-0.03352007615769955,0.5449249778098338,-0.21680296415038888,-0.5118980953829163,0.8505317485662419,-0.40583972495671383,-0.16278112867447064,0.8119223343984152,-0.1699069165076462,-0.2081478487327801,-0.6981970580620328,-0.7376951317802901,0.7376951317802901,-0.7376951317802901,0.7376951317802901,-0.7376951317802901,0.7376951317802901,-0.7376951317802901,0.7376951317802901,2.0745051044939435,-0.3075623426146228,-1.6238025415294657,2.0745051044939435,-0.3075623426146228,-1.6238025415294657,2.0745051044939435,-0.3075623426146228,-1.6238025415294657,-0.13085598064755344,-0.2359813632291101,-0.2662958158485814,-0.19611613513818404,-0.19300937626135234,-0.12168146174384352,-0.06715342778730747,-0.03352007615769955,0.5449249778098338,-0.13085598064755344,-0.2359813632291101,-0.2662958158485814,-0.19611613513818404,-0.19300937626135234,-0.12168146174384352,-0.06715342778730747,-0.03352007615769955,0.5449249778098338,-0.21680296415038888,-0.5118980953829163,0.8505317485662419,-0.40583972495671383,-0.16278112867447064
0,0.33824582528565267,0.8273772438659699,0.4327933656785018,0.7676298785983874,-0.4989475622371262,0.5446511676720712,-1.1168810094012038,-1.1867703913507321,-0.6244040257055189,0.33824582528565267,0.8273772438659699,0.4327933656785018,0.7676298785983874,-0.4989475622371262,0.5446511676720712,-1.1168810094012038,-1.1867703913507321,-0.6244040257055189,0.08025853737413083,0.7848868893210308,0.5477372108424858,0.8328555186993607,-0.38478010920608147,0.6449051132140818,-0.6340022498131841,-0.7843343579496319,-0.37492859538713813,0.8635041745453002,0.5387118689362969,0.9889639986931354,-0.571347415835755,0.7925352191037062,-0.7285731700889909,-0.9243700789097029,-0.3576753639798948,-0.07639966350995119,0.2184329747796864,-0.2322306332310479,0.5281575091431288,-0.09084380059842266,-0.15706505182891523,-0.16720298638958608,0.07498045644575013,-0.1960252449458247,0.9624460102277982,0.061644365260601956,-0.080437011599624,-0.15471052272968278,-0.19836401418550262,-0.33212765423625973,-0.626822817058193,-0.4792899144514132,-0.4123594838653976,0.5449215208897721,-0.6685250661686233,-0.7634324030510985,-0.337529114616601,-1.1087392780725651,-0.9928661378973284,-0.7049484103449949,-1.0134650870965427,-0.7566855024551713,-0.4271559153457235,-0.7376951317802901,0.7376951317802901,2.0745051044939435,-0.3075623426146228,-1.6238025415294657,-0.13085598064755344,-0.2359813632291101,-0.2662958158485814,-0.19611613513818404,-0.19300937626135234,-0.12168146174384352,-0.06715342778730747,-0.03352007615769955,0.5449249778098338,-0.21680296415038888,-0.5118980953829163,0.8505317485662419,-0.40583972495671383,-0.16278112867447064,-1.2316448970959013,-0.1699069165076462,-0.2081478487327801,1.4322604033532795,-0.7376951317802901,0.7376951317802901,-0.7376951317802901,0.7376951317802901,-0.7376951317802901,0.7376951317802901,-0.7376951317802901,0.7376951317802901,2.0745051044939435,-0.3075623426146228,-1.6238025415294657,2.0745051044939435,-0.3075623426146228,-1.6238025415294657,2.0745051044939435,-0.3075623426146228,-1.6238025415294657,-0.13085598064755344,-0.2359813632291101,-0.2662958158485814,-0.19611613513818404,-0.19300937626135234,-0.12168146174384352,-0.06715342778730747,-0.03352007615769955,0.5449249778098338,-0.13085598064755344,-0.2359813632291101,-0.2662958158485814,-0.19611613513818404,-0.19300937626135234,-0.12168146174384352,-0.06715342778730747,-0.03352007615769955,0.5449249778098338,-0.21680296415038888,-0.5118980953829163,0.8505317485662419,-0.40583972495671383,-0.16278112867447064
1,0.342133708334913,0.8273772438659699,-0.47454519624983954,2.0089333664952354,-0.19698984763383007,0.5446511676720712,-1.3133832581875537,0.8818551424480984,0.48939774987729867,0.342133708334913,0.8273772438659699,-0.47454519624983954,2.0089333664952354,-0.19698984763383007,0.5446511676720712,-1.3133832581875537,0.8818551424480984,0.48939774987729867,0.08476181662766014,0.788968471554994,-0.3760014818308347,2.0598301667832404,-0.09396193534192529,0.6483873072813273,-0.7821427139935018,0.921087363372329,0.6023535856128425,0.8635041745453002,-0.4030649954631285,2.3973288194212925,0.29935477488771883,0.7925352191037062,-0.9255628795100984,1.6365294418285616,0.8103958002452226,-0.2328872501475753,-0.28708333828187355,-0.32078666523533045,-0.39610534423349997,-0.38113017778990566,-0.3694246287326534,-0.2751579580367754,1.1701867956779368,0.3301830646485897,2.313747507607776,0.27009461177380517,2.7007627058882715,0.9007801032438802,-0.17319983249506005,0.2458137895921235,-0.5366922862849082,-0.004175214122166173,-0.16748988953920999,0.5449215208897721,-0.8376565205383595,1.3016263541781348,0.7393377686336078,-1.177626087863427,-0.6152309732957872,-0.5168837696280381,0.7785667831207204,1.227734755639185,0.08106764742915833,1.3555735383351193,-1.3555735383351195,2.0745051044939435,-0.3075623426146228,-1.6238025415294657,-0.13085598064755344,-0.2359813632291101,-0.2662958158485814,-0.19611613513818404,-0.19300937626135234,-0.12168146174384352,-0.06715342778730747,-0.03352007615769955,0.5449249778098338,-0.21680296415038888,-0.5118980953829163,-1.175735064194511,2.4640269015229057,-0.16278112867447064,-1.2316448970959013,-0.1699069165076462,-0.2081478487327801,1.4322604033532795,1.3555735383351193,-1.3555735383351195,1.3555735383351193,-1.3555735383351195,1.3555735383351193,-1.3555735383351195,1.3555735383351193,-1.3555735383351195,2.0745051044939435,-0.3075623426146228,-1.6238025415294657,2.0745051044939435,-0.3075623426146228,-1.6238025415294657,2.0745051044939435,-0.3075623426146228,-1.6238025415294657,-0.13085598064755344,-0.2359813632291101,-0.2662958158485814,-0.19611613513818404,-0.19300937626135234,-0.12168146174384352,-0.06715342778730747,-0.03352007615769955,0.5449249778098338,-0.13085598064755344,-0.2359813632291101,-0.2662958158485814,-0.19611613513818404,-0.19300937626135234,-0.12168146174384352,-0.06715342778730747,-0.03352007615769955,0.5449249778098338,-0.21680296415038888,-0.5118980953829163,-1.175735064194511,2.4640269015229057,-0.16278112867447064
0,0.34602159138417343,0.8273772438659699,-0.47454519624983954,-0.4736736092984604,-0.4788170479302398,0.5446511676720712,-0.5095104222433947,0.19231329784848822,-0.6244040257055189,0.34602159138417343,0.8273772438659699,-0.47454519624983954,-0.4736736092984604,-0.4788170479302398,0.5446511676720712,-0.5095104222433947,0.19231329784848822,-0.6244040257055189,0.08927353689197393,0.7930500537889573,-0.3760014818308347,-0.3895323082701867,-0.36486503156464184,0.6518695013485729,-0.1701770525248458,0.35545139152669886,-0.3731001909325077,0.8635041745453002,-0.4030649954631285,-0.4194008220350217,-0.5133006031208568,0.7925352191037062,-0.11969588642374947,0.7828962682491402,-0.3576753639798948,-0.2328872501475753,-0.28708333828187355,-0.32078666523533045,-0.39610534423349997,-0.38113017778990566,-0.3694246287326534,-0.2751579580367754,-0.2900883232983121,-0.2955781683826058,-0.3888554871521795,-0.41265547100857053,-0.2943754514063852,-0.3658086479243954,-0.1974962837823839,-0.29359822464770086,-0.5459197811441774,-0.3726315123366843,-0.40820915175817407,0.5449215208897721,-0.14575511629852972,0.6132734351017236,-0.337529114616601,-0.7538678336953983,-0.21377024625881774,-0.564416590908148,-0.1174491519879112,-0.3598014508363,-0.4271559153457235,1.3555735383351193,-1.3555735383351195,-0.4820426798824101,-0.3075623426146228,0.6158384251930635,-0.13085598064755344,-0.2359813632291101,-0.2662958158485814,-0.19611613513818404,-0.19300937626135234,-0.12168146174384352,-0.06715342778730747,-0.03352007615769955,0.5449249778098338,-0.21680296415038888,1.9535138126504805,-1.175735064194511,-0.40583972495671383,-0.16278112867447064,0.8119223343984152,-0.1699069165076462,-0.2081478487327801,-0.6981970580620328,1.3555735383351193,-1.3555735383351195,1.3555735383351193,-1.3555735383351195,1.3555735383351193,-1.3555735383351195,1.3555735383351193,-1.3555735383351195,-0.4820426798824101,-0.3075623426146228,0.6158384251930635,-0.4820426798824101,-0.3075623426146228,0.6158384251930635,-0.4820426798824101,-0.3075623426146228,0.6158384251930635,-0.13085598064755344,-0.2359813632291101,-0.2662958158485814,-0.19611613513818404,-0.19300937626135234,-0.12168146174384352,-0.06715342778730747,-0.03352007615769955,0.5449249778098338,-0.13085598064755344,-0.2359813632291101,-0.2662958158485814,-0.19611613513818404,-0.19300937626135234,-0.12168146174384352,-0.06715342778730747,-0.03352007615769955,0.5449249778098338,-0.21680296415038888,1.9535138126504805,-1.175735064194511,-0.40583972495671383,-0.16278112867447064
1,0.3499094744334338,-0.3693648410115938,-0.47454519624983954,2.0089333664952354,-0.11646779040628442,0.5446511676720712,-0.5095104222433947,-1.5315413136505371,0.48939774987729867,0.3499094744334338,-0.3693648410115938,-0.47454519624983954,2.0089333664952354,-0.11646779040628442,0.5446511676720712,-0.5095104222433947,-1.5315413136505371,0.48939774987729867,0.09379369816707223,0.06788894355481057,-0.3760014818308347,2.069003809011905,-0.014591826271852489,0.6553516954158185,-0.1683172832114719,-1.0679505131647973,0.6078387989767338,-0.5892568139740777,-0.4030649954631285,1.4584189389358544,0.028469648884860296,-0.04105904351514409,-0.5569533474872684,-1.3511866656994136,0.2263602181326639,-0.2328872501475753,-0.28708333828187355,-0.32078666523533045,-0.39610534423349997,-0.38113017778990566,-0.3694246287326534,-0.2751579580367754,1.1701867956779368,0.44395783429062524,2.313747507607776,1.3576611153209521,-0.2943754514063852,0.9007801032438802,-0.16209288333514058,0.399931507946359,-0.20320282418793778,-0.5019144239909011,-0.11768590425252776,0.5449215208897721,-0.14575511629852972,-1.107608862589304,0.7393377686336078,-0.7538678336953983,-1.086381470456385,0.04111021931238319,-1.0507990843927357,-0.855906515359889,0.08106764742915833,1.3555735383351193,-1.3555735383351195,-0.4820426798824101,-0.3075623426146228,0.6158384251930635,-0.13085598064755344,-0.2359813632291101,-0.2662958158485814,-0.19611613513818404,-0.19300937626135234,-0.12168146174384352,-0.06715342778730747,-0.03352007615769955,0.5449249778098338,-0.21680296415038888,1.9535138126504805,-1.175735064194511,-0.40583972495671383,-0.16278112867447064,-1.2316448970959013,-0.1699069165076462,-0.2081478487327801,1.4322604033532795,1.3555735383351193,-1.3555735383351195,1.3555735383351193,-1.3555735383351195,1.3555735383351193,-1.3555735383351195,1.3555735383351193,-1.3555735383351195,-0.4820426798824101,-0.3075623426146228,0.6158384251930635,-0.4820426798824101,-0.3075623426146228,0.6158384251930635,-0.4820426798824101,-0.3075623426146228,0.6158384251930635,-0.13085598064755344,-0.2359813632291101,-0.2662958158485814,-0.19611613513818404,-0.19300937626135234,-0.12168146174384352,-0.06715342778730747,-0.03352007615769955,0.5449249778098338,-0.13085598064755344,-0.2359813632291101,-0.2662958158485814,-0.19611613513818404,-0.19300937626135234,-0.12168146174384352,-0.06715342778730747,-0.03352007615769955,0.5449249778098338,-0.21680296415038888,1.9535138126504805,-1.175735064194511,-0.40583972495671383,-0.16278112867447064
0,0.35379735748269414,-1.5661069258891576,-0.47454519624983954,-0.4736736092984604,-0.11646779040628442,-1.8194778495589943,0.96425644365423,1.2266260647479035,-0.6244040257055189,0.35379735748269414,-1.5661069258891576,-0.47454519624983954,-0.4736736092984604,-0.11646779040628442,-1.8194778495589943,0.96425644365423,1.2266260647479035,-0.6244040257055189,0.09832230045295501,-0.6599932215019785,-0.3760014818308347,-0.3895323082701867,-0.01364867141087356,-1.0912364903899263,0.9583538172383723,1.2180063401266672,-0.37127178647787723,-1.4609134070857044,-0.4030649954631285,-0.4194008220350217,-0.4746027279775913,-1.6548120390977903,-0.5017365349980186,-0.2130091009268516,-0.7470324187216006,-0.2328872501475753,-0.28708333828187355,-0.32078666523533045,-0.39610534423349997,-0.38113017778990566,-0.3694246287326534,-0.2751579580367754,-0.2900883232983121,-0.2955781683826058,-0.3888554871521795,-0.41265547100857053,-0.2943754514063852,-0.3658086479243954,-0.16209288333514058,-0.5376179453752404,0.35434580885804934,0.1703567166110266,-0.33350317382815076,-1.83504312030046,-1.1185073825585012,-0.931108114108173,-0.8414475920349679,0.9989187709831968,1.8822836089980008,-0.22342026433344614,1.3385767425636153,-0.06213841212214652,-0.4271559153457235,-0.7376951317802901,0.7376951317802901,-0.4820426798824101,-0.3075623426146228,0.6158384251930635,-0.13085598064755344,4.237622777986573,-0.2662958158485814,-0.19611613513818404,-0.19300937626135234,-0.12168146174384352,-0.06715342778730747,-0.03352007615769955,-1.8351149988007645,-0.21680296415038888,-0.5118980953829163,-1.175735064194511,-0.40583972495671383,6.1432182473669785,0.8119223343984152,-0.1699069165076462,-0.2081478487327801,-0.6981970580620328,-0.7376951317802901,0.7376951317802901,-0.7376951317802901,0.7376951317802901,-0.7376951317802901,0.7376951317802901,-0.7376951317802901,0.7376951317802901,-0.4820426798824101,-0.3075623426146228,0.6158384251930635,-0.4820426798824101,-0.3075623426146228,0.6158384251930635,-0.4820426798824101,-0.3075623426146228,0.6158384251930635,-0.13085598064755344,4.237622777986573,-0.2662958158485814,-0.19611613513818404,-0.19300937626135234,-0.12168146174384352,-0.06715342778730747,-0.03352007615769955,-1.8351149988007645,-0.13085598064755344,4.237622777986573,-0.2662958158485814,-0.19611613513818404,-0.19300937626135234,-0.12168146174384352,-0.06715342778730747,-0.03352007615769955,-1.8351149988007645,-0.21680296415038888,-0.5118980953829163,-1.175735064194511,-0.40583972495671383,6.1432182473669785
1,0.35768524053195455,-1.5661069258891576,-0.47454519624983954,-0.4736736092984604,1.4939733541446285,0.5446511676720712,-1.3133832581875537,0.19231329784848822,0.48939774987729867,0.35768524053195455,-1.5661069258891576,-0.47454519624983954,-0.4736736092984604,1.4939733541446285,0.5446511676720712,-1.3133832581875537,0.19231329784848822,0.48939774987729867,0.1028593437496223,-0.6586326940906573,-0.3760014818308347,-0.3895323082701867,1.5485785302398374,0.6623160835503096,-0.7792737183291844,0.36343308445020256,0.6133240123406252,-1.4609134070857044,-0.4030649954631285,-0.4194008220350217,1.0733122777530288,-0.8746533061339944,-1.2628331395795704,-0.6398256877165623,-0.3576753639798948,-0.2328872501475753,-0.28708333828187355,-0.32078666523533045,-0.39610534423349997,-0.38113017778990566,-0.3694246287326534,-0.2751579580367754,-0.2900883232983121,-0.2955781683826058,-0.3888554871521795,-0.41265547100857053,-0.2943754514063852,-0.3658086479243954,0.44878932046043063,3.4822858750310695,0.08012025740652655,1.2110841554274725,0.8783938014811167,0.5449215208897721,-0.8376565205383595,0.6132734351017236,0.7393377686336078,-1.177626087863427,-0.7498454010559581,-0.5168837696280381,-0.1174491519879112,0.6324086782108782,0.08106764742915833,1.3555735383351193,-1.3555735383351195,2.0745051044939435,-0.3075623426146228,-1.6238025415294657,-0.13085598064755344,-0.2359813632291101,-0.2662958158485814,-0.19611613513818404,-0.19300937626135234,-0.12168146174384352,-0.06715342778730747,-0.03352007615769955,0.5449249778098338,-0.21680296415038888,1.9535138126504805,-1.175735064194511,-0.40583972495671383,-0.16278112867447064,0.8119223343984152,-0.1699069165076462,-0.2081478487327801,-0.6981970580620328,1.3555735383351193,-1.3555735383351195,1.3555735383351193,-1.3555735383351195,1.3555735383351193,-1.3555735383351195,1.3555735383351193,-1.3555735383351195,2.0745051044939435,-0.3075623426146228,-1.6238025415294657,2.0745051044939435,-0.3075623426146228,-1.6238025415294657,2.0745051044939435,-0.3075623426146228,-1.6238025415294657,-0.13085598064755344,-0.2359813632291101,-0.2662958158485814,-0.19611613513818404,-0.19300937626135234,-0.12168146174384352,-0.06715342778730747,-0.03352007615769955,0.5449249778098338,-0.13085598064755344,-0.2359813632291101,-0.2662958158485814,-0.19611613513818404,-0.19300937626135234,-0.12168146174384352,-0.06715342778730747,-0.03352007615769955,0.5449249778098338,-0.21680296415038888,1.9535138126504805,-1.175735064194511,-0.40583972495671383,-0.16278112867447064
0,0.3615731235812149,0.8273772438659699,-0.47454519624983954,-0.4736736092984604,-0.35803396208892135,0.5446511676720712,0.96425644365423,0.5370842201482933,-0.0675031379141101,0.3615731235812149,0.8273772438659699,-0.47454519624983954,-0.4736736092984604,-0.35803396208892135,0.5446511676720712,0.96425644365423,0.5370842201482933,-0.0675031379141101,0.10740482805707409,0.8093763827248106,-0.3760014818308347,-0.3895323082701867,-0.24639027095090424,0.6657982776175552,0.9662625973218667,0.6529024811426041,0.12331161849966206,0.8635041745453002,-0.4030649954631285,-0.4194008220350217,-0.16501972683146723,0.7925352191037062,1.3577269342345568,1.209712855038851,0.2263602181326639,-0.2328872501475753,-0.28708333828187355,-0.32078666523533045,-0.39610534423349997,-0.38113017778990566,-0.3694246287326534,-0.2751579580367754,-0.2900883232983121,-0.2955781683826058,-0.3888554871521795,-0.41265547100857053,-0.2943754514063852,-0.3658086479243954,-0.18986025623493927,-0.06242164711634756,-0.13146230077502755,-0.23042030951704573,-0.32520250961370367,0.5449215208897721,1.1227307914744915,0.9574498946399291,0.20090432700850336,0.9989187709831968,1.1401173391344044,0.42033946735152133,0.29322481827021163,0.33474563949672476,-0.23657207930514282,-0.7376951317802901,0.7376951317802901,-0.4820426798824101,-0.3075623426146228,0.6158384251930635,-0.13085598064755344,-0.2359813632291101,-0.2662958158485814,-0.19611613513818404,-0.19300937626135234,-0.12168146174384352,-0.06715342778730747,-0.03352007615769955,0.5449249778098338,-0.21680296415038888,-0.5118980953829163,0.8505317485662419,-0.40583972495671383,-0.16278112867447064,0.8119223343984152,-0.1699069165076462,-0.2081478487327801,-0.6981970580620328,-0.7376951317802901,0.7376951317802901,-0.7376951317802901,0.7376951317802901,-0.7376951317802901,0.7376951317802901,-0.7376951317802901,0.7376951317802901,-0.4820426798824101,-0.3075623426146228,0.6158384251930635,-0.4820426798824101,-0.3075623426146228,0.6158384251930635,-0.4820426798824101,-0.3075623426146228,0.6158384251930635,-0.13085598064755344,-0.2359813632291101,-0.2662958158485814,-0.19611613513818404,-0.19300937626135234,-0.12168146174384352,-0.06715342778730747,-0.03352007615769955,0.5449249778098338,-0.13085598064755344,-0.2359813632291101,-0.2662958158485814,-0.19611613513818404,-0.19300937626135234,-0.12168146174384352,-0.06715342778730747,-0.03352007615769955,0.5449249778098338,-0.21680296415038888,-0.5118980953829163,0.8505317485662419,-0.40583972495671383,-0.16278112867447064
1,0.36546100663047526,-1.5661069258891576,-0.47454519624983954,2.0089333664952354,0.346534038652103,-1.8194778495589943,-1.3133832581875537,-0.841999469050927,-0.6244040257055189,0.36546100663047526,-1.5661069258891576,-0.47454519624983954,2.0089333664952354,0.346534038652103,-1.8194778495589943,-1.3133832581875537,-0.841999469050927,-0.6244040257055189,0.11195875337531037,-0.6559116392680151,-0.3760014818308347,2.087351093469234,0.43971861522430467,-1.0905668376846869,-0.7778392204970256,-0.49326862267252974,-0.3685291797959315,-1.4609134070857044,-0.4030649954631285,0.5195090584504164,-0.02957716383003796,-1.6548120390977903,-1.2628331395795704,-1.0666422745062731,-0.7470324187216006,-0.2328872501475753,-0.28708333828187355,-0.32078666523533045,-0.39610534423349997,-0.38113017778990566,-0.3694246287326534,-0.2751579580367754,1.1701867956779368,1.0981627597323296,-0.21561170543679775,0.27009461177380517,0.5613783078206596,0.056387602465029836,-0.062303886976489024,-0.48081173508441644,-0.338431111526947,-0.18517129043806982,-0.23804553536200979,-1.83504312030046,-1.2441732358926583,-1.0634836754690213,-0.8414475920349679,-1.177626087863427,-0.9517670426962143,-0.7504145872216218,-0.9014630952079639,-0.6574644895504534,-0.4271559153457235,1.3555735383351193,-1.3555735383351195,2.0745051044939435,-0.3075623426146228,-1.6238025415294657,-0.13085598064755344,4.237622777986573,-0.2662958158485814,-0.19611613513818404,-0.19300937626135234,-0.12168146174384352,-0.06715342778730747,-0.03352007615769955,-1.8351149988007645,-0.21680296415038888,1.9535138126504805,-1.175735064194511,-0.40583972495671383,-0.16278112867447064,-1.2316448970959013,-0.1699069165076462,-0.2081478487327801,1.4322604033532795,1.3555735383351193,-1.3555735383351195,1.3555735383351193,-1.3555735383351195,1.3555735383351193,-1.3555735383351195,1.3555735383351193,-1.3555735383351195,2.0745051044939435,-0.3075623426146228,-1.6238025415294657,2.0745051044939435,-0.3075623426146228,-1.6238025415294657,2.0745051044939435,-0.3075623426146228,-1.6238025415294657,-0.13085598064755344,4.237622777986573,-0.2662958158485814,-0.19611613513818404,-0.19300937626135234,-0.12168146174384352,-0.06715342778730747,-0.03352007615769955,-1.8351149988007645,-0.13085598064755344,4.237622777986573,-0.2662958158485814,-0.19611613513818404,-0.19300937626135234,-0.12168146174384352,-0.06715342778730747,-0.03352007615769955,-1.8351149988007645,-0.21680296415038888,1.9535138126504805,-1.175735064194511,-0.40583972495671383,-0.16278112867447064
1,0.36934888967973567,-1.5661069258891576,-0.47454519624983954,2.0089333664952354,0.7894053534036041,-1.8194778495589943,-0.5095104222433947,0.8818551424480984,-0.0675031379141101,0.36934888967973567,-1.5661069258891576,-0.47454519624983954,2.0089333664952354,0.7894053534036041,-1.8194778495589943,-0.5095104222433947,0.8818551424480984,-0.0675031379141101,0.11652111970433116,-0.654551111856694,-0.3760014818308347,2.0919379145835664,0.8732433745919648,-1.0903436201162737,-0.1590184366446025,0.9471608935891077,0.12696842740892297,-1.4609134070857044,-0.4030649954631285,0.5195090584504164,0.3960994627458826,-1.6548120390977903,-0.9942108085507874,-0.35528129652342183,-0.5523538913507477,-0.2328872501475753,-0.28708333828187355,-0.32078666523533045,-0.39610534423349997,-0.38113017778990566,-0.3694246287326534,-0.2751579580367754,1.1701867956779368,1.723923992763525,-0.21561170543679775,1.3576611153209521,2.7007627058882715,0.4785838528544551,0.09041666397240379,-0.4264753600236283,0.6535895682026613,1.1044257533127435,0.14793535060977747,-1.83504312030046,-1.1998205817747205,-0.9531707076683144,-0.8069326278282305,-0.7538678336953983,0.13527424342020916,-0.26165318579788244,0.7785667831207204,0.5331876653061604,-0.23657207930514282,1.3555735383351193,-1.3555735383351195,-0.4820426798824101,-0.3075623426146228,0.6158384251930635,-0.13085598064755344,4.237622777986573,-0.2662958158485814,-0.19611613513818404,-0.19300937626135234,-0.12168146174384352,-0.06715342778730747,-0.03352007615769955,-1.8351149988007645,-0.21680296415038888,1.9535138126504805,-1.175735064194511,-0.40583972495671383,-0.16278112867447064,-1.2316448970959013,-0.1699069165076462,-0.2081478487327801,1.4322604033532795,1.3555735383351193,-1.3555735383351195,1.3555735383351193,-1.3555735383351195,1.3555735383351193,-1.3555735383351195,1.3555735383351193,-1.3555735383351195,-0.4820426798824101,-0.3075623426146228,0.6158384251930635,-0.4820426798824101,-0.3075623426146228,0.6158384251930635,-0.4820426798824101,-0.3075623426146228,0.6158384251930635,-0.13085598064755344,4.237622777986573,-0.2662958158485814,-0.19611613513818404,-0.19300937626135234,-0.12168146174384352,-0.06715342778730747,-0.03352007615769955,-1.8351149988007645,-0.13085598064755344,4.237622777986573,-0.2662958158485814,-0.19611613513818404,-0.19300937626135234,-0.12168146174384352,-0.06715342778730747,-0.03352007615769955,-1.8351149988007645,-0.21680296415038888,1.9535138126504805,-1.175735064194511,-0.40583972495671383,-0.16278112867447064
0,0.373236772728996,0.8273772438659699,3.1548090514635256,2.0089333664952354,-0.01581521887185237,0.5446511676720712,-0.5095104222433947,-1.5315413136505371,2.717001301042934,0.373236772728996,0.8273772438659699,3.1548090514635256,2.0089333664952354,-0.01581521887185237,0.5446511676720712,-0.5095104222433947,-1.5315413136505371,2.717001301042934,0.12109192704413643,0.8216211294267005,3.3813446452156173,2.0965247356978987,0.08937285955759389,0.6762448598192918,-0.1571586673312286,-1.0679505131647973,2.606284867887826,0.8635041745453002,3.364042462134573,2.3973288194212925,0.8217760893218031,0.7925352191037062,-0.11969588642374947,-1.3511866656994136,3.1465381286954575,2.2709141360544107,3.757047166210606,1.2479201874119608,3.3009460692730155,1.7858483831554324,-0.3694246287326534,2.7475812480845243,1.1701867956779368,0.5861762963431696,2.313747507607776,1.3576611153209521,-0.2943754514063852,2.589565104801581,-0.1456060056758851,0.5925786558891535,-0.10800366947787121,-0.5019144239909011,0.45921025865154136,0.5449215208897721,-0.14575511629852972,-1.107608862589304,2.8930715351340255,-0.7538678336953983,-1.086381470456385,1.2521638397534456,-1.0507990843927357,-0.855906515359889,2.6221854613035673,1.3555735383351193,-1.3555735383351195,-0.4820426798824101,-0.3075623426146228,0.6158384251930635,-0.13085598064755344,-0.2359813632291101,-0.2662958158485814,-0.19611613513818404,-0.19300937626135234,-0.12168146174384352,-0.06715342778730747,-0.03352007615769955,0.5449249778098338,-0.21680296415038888,1.9535138126504805,-1.175735064194511,-0.40583972495671383,-0.16278112867447064,-1.2316448970959013,5.885575587824865,-0.2081478487327801,-0.6981970580620328,1.3555735383351193,-1.3555735383351195,1.3555735383351193,-1.3555735383351195,1.3555735383351193,-1.3555735383351195,1.3555735383351193,-1.3555735383351195,-0.4820426798824101,-0.3075623426146228,0.6158384251930635,-0.4820426798824101,-0.3075623426146228,0.6158384251930635,-0.4820426798824101,-0.3075623426146228,0.6158384251930635,-0.13085598064755344,-0.2359813632291101,-0.2662958158485814,-0.19611613513818404,-0.19300937626135234,-0.12168146174384352,-0.06715342778730747,-0.03352007615769955,0.5449249778098338,-0.13085598064755344,-0.2359813632291101,-0.2662958158485814,-0.19611613513818404,-0.19300937626135234,-0.12168146174384352,-0.06715342778730747,-0.03352007615769955,0.5449249778098338,-0.21680296415038888,1.9535138126504805,-1.175735064194511,-0.40583972495671383,-0.16278112867447064
0,0.37712465577825643,0.8273772438659699,3.1548090514635256,2.0089333664952354,-0.01581521887185237,0.5446511676720712,-0.5095104222433947,-1.5315413136505371,2.717001301042934,0.37712465577825643,0.8273772438659699,3.1548090514635256,2.0089333664952354,-0.01581521887185237,0.5446511676720712,-0.5095104222433947,-1.5315413136505371,2.717001301042934,0.12567117539472622,0.8257027116606638,3.3882770181437474,2.101111556812231,0.09049739035337645,0.6797270538865374,-0.15529889801785474,-1.0679505131647973,2.6126842834790325,0.8635041745453002,3.364042462134573,2.3973288194212925,0.8217760893218031,0.7925352191037062,-0.11969588642374947,-1.3511866656994136,3.1465381286954575,2.2709141360544107,3.757047166210606,1.2479201874119608,3.3009460692730155,1.7858483831554324,-0.3694246287326534,2.7475812480845243,1.1701867956779368,0.5861762963431696,2.313747507607776,1.3576611153209521,-0.2943754514063852,2.589565104801581,-0.1456060056758851,0.5925786558891535,-0.10800366947787121,-0.5019144239909011,0.45921025865154136,0.5449215208897721,-0.14575511629852972,-1.107608862589304,2.8930715351340255,-0.7538678336953983,-1.086381470456385,1.2521638397534456,-1.0507990843927357,-0.855906515359889,2.6221854613035673,1.3555735383351193,-1.3555735383351195,-0.4820426798824101,-0.3075623426146228,0.6158384251930635,-0.13085598064755344,-0.2359813632291101,-0.2662958158485814,-0.19611613513818404,-0.19300937626135234,-0.12168146174384352,-0.06715342778730747,-0.03352007615769955,0.5449249778098338,-0.21680296415038888,1.9535138126504805,-1.175735064194511,-0.40583972495671383,-0.16278112867447064,-1.2316448970959013,5.885575587824865,-0.2081478487327801,-0.6981970580620328,1.3555735383351193,-1.3555735383351195,1.3555735383351193,-1.3555735383351195,1.3555735383351193,-1.3555735383351195,1.3555735383351193,-1.3555735383351195,-0.4820426798824101,-0.3075623426146228,0.6158384251930635,-0.4820426798824101,-0.3075623426146228,0.6158384251930635,-0.4820426798824101,-0.3075623426146228,0.6158384251930635,-0.13085598064755344,-0.2359813632291101,-0.2662958158485814,-0.19611613513818404,-0.19300937626135234,-0.12168146174384352,-0.06715342778730747,-0.03352007615769955,0.5449249778098338,-0.13085598064755344,-0.2359813632291101,-0.2662958158485814,-0.19611613513818404,-0.19300937626135234,-0.12168146174384352,-0.06715342778730747,-0.03352007615769955,0.5449249778098338,-0.21680296415038888,1.9535138126504805,-1.175735064194511,-0.40583972495671383,-0.16278112867447064
1,0.3810125388275168,-0.3693648410115938,0.4327933656785018,-0.4736736092984604,-0.11646779040628442,0.5446511676720712,0.96425644365423,0.5370842201482933,-0.0675031379141101,0.3810125388275168,-0.3693648410115938,0.4327933656785018,-0.4736736092984604,-0.11646779040628442,0.5446511676720712,0.96425644365423,0.5370842201482933,-0.0675031379141101,0.1302588647561005,0.08965738213594818,0.5668012363948433,-0.3895323082701867,-0.007046587384021069,0.683209247953783,0.9860345475306027,0.6688658669896115,0.13245364077281435,-0.5892568139740777,0.2247862474698217,-0.4194008220350217,0.028469648884860296,-0.04105904351514409,0.42799519961826915,0.3560796814594294,-0.1629968366090419,-0.07639966350995119,-0.28708333828187355,0.008135739352004802,0.5281575091431288,0.770770541893495,0.9047328326897756,-0.05924801474239681,-0.2900883232983121,-0.2955781683826058,-0.3888554871521795,-0.41265547100857053,-0.2943754514063852,-0.3658086479243954,-0.16209288333514058,0.399931507946359,0.35434580885804934,0.002288931460544671,-0.22559453904033924,0.5449215208897721,1.1227307914744915,0.9574498946399291,0.20090432700850336,0.9989187709831968,1.1401173391344044,0.42033946735152133,0.29322481827021163,0.33474563949672476,-0.23657207930514282,-0.7376951317802901,0.7376951317802901,-0.4820426798824101,-0.3075623426146228,0.6158384251930635,-0.13085598064755344,-0.2359813632291101,-0.2662958158485814,-0.19611613513818404,-0.19300937626135234,-0.12168146174384352,-0.06715342778730747,-0.03352007615769955,0.5449249778098338,-0.21680296415038888,-0.5118980953829163,0.8505317485662419,-0.40583972495671383,-0.16278112867447064,-1.2316448970959013,-0.1699069165076462,-0.2081478487327801,1.4322604033532795,-0.7376951317802901,0.7376951317802901,-0.7376951317802901,0.7376951317802901,-0.7376951317802901,0.7376951317802901,-0.7376951317802901,0.7376951317802901,-0.4820426798824101,-0.3075623426146228,0.6158384251930635,-0.4820426798824101,-0.3075623426146228,0.6158384251930635,-0.4820426798824101,-0.3075623426146228,0.6158384251930635,-0.13085598064755344,-0.2359813632291101,-0.2662958158485814,-0.19611613513818404,-0.19300937626135234,-0.12168146174384352,-0.06715342778730747,-0.03352007615769955,0.5449249778098338,-0.13085598064755344,-0.2359813632291101,-0.2662958158485814,-0.19611613513818404,-0.19300937626135234,-0.12168146174384352,-0.06715342778730747,-0.03352007615769955,0.5449249778098338,-0.21680296415038888,-0.5118980953829163,0.8505317485662419,-0.40583972495671383,-0.16278112867447064
0,0.38490042187677714,-1.5661069258891576,0.4327933656785018,-0.4736736092984604,1.4939733541446285,-1.747233654090395,-1.1168810094012038,1.5713969870477085,0.48939774987729867,0.38490042187677714,-1.5661069258891576,0.4327933656785018,-0.4736736092984604,1.4939733541446285,-1.747233654090395,-1.1168810094012038,1.5713969870477085,0.48939774987729867,0.13485499512825924,-0.6491090022114097,0.5685343296268758,-0.3895323082701867,1.5754947189646977,-1.0351745395538476,-0.6220438696548346,1.5420630728209181,0.632522259114245,-1.4609134070857044,-0.0891393739966534,-0.4194008220350217,1.0733122777530288,-1.6309715720209197,-1.1971699031058678,-0.07073690533028135,-0.3576753639798948,-0.07639966350995119,-0.28708333828187355,1.0202046765438055,-0.31042417242146536,-0.09084380059842266,1.5418115634009901,0.048706956904792466,-0.2900883232983121,-0.2955781683826058,-0.3888554871521795,-0.41265547100857053,-0.2943754514063852,-0.3658086479243954,0.44878932046043063,-0.22322691932421856,0.38319797588280674,2.5814830189621714,0.8783938014811167,-1.8243260033503432,-1.2160718491425495,-0.8204557217911562,-0.7262207115293983,-1.1087392780725651,-0.24474347742487473,-0.38048523899815734,1.973254696598896,1.823060833067492,0.08106764742915833,-0.7376951317802901,0.7376951317802901,2.0745051044939435,-0.3075623426146228,-1.6238025415294657,-0.13085598064755344,-0.2359813632291101,3.755222352305419,-0.19611613513818404,-0.19300937626135234,-0.12168146174384352,-0.06715342778730747,-0.03352007615769955,-1.8351149988007645,-0.21680296415038888,-0.5118980953829163,0.8505317485662419,-0.40583972495671383,-0.16278112867447064,-1.2316448970959013,-0.1699069165076462,-0.2081478487327801,1.4322604033532795,-0.7376951317802901,0.7376951317802901,-0.7376951317802901,0.7376951317802901,-0.7376951317802901,0.7376951317802901,-0.7376951317802901,0.7376951317802901,2.0745051044939435,-0.3075623426146228,-1.6238025415294657,2.0745051044939435,-0.3075623426146228,-1.6238025415294657,2.0745051044939435,-0.3075623426146228,-1.6238025415294657,-0.13085598064755344,-0.2359813632291101,3.755222352305419,-0.19611613513818404,-0.19300937626135234,-0.12168146174384352,-0.06715342778730747,-0.03352007615769955,-1.8351149988007645,-0.13085598064755344,-0.2359813632291101,3.755222352305419,-0.19611613513818404,-0.19300937626135234,-0.12168146174384352,-0.06715342778730747,-0.03352007615769955,-1.8351149988007645,-0.21680296415038888,-0.5118980953829163,0.8505317485662419,-0.40583972495671383,-0.16278112867447064
0,0.38878830492603755,-1.5661069258891576,-0.47454519624983954,-0.4736736092984604,-0.11646779040628442,0.5446511676720712,0.96425644365423,1.5713969870477085,-0.6244040257055189,0.38878830492603755,-1.5661069258891576,-0.47454519624983954,-0.4736736092984604,-0.11646779040628442,0.5446511676720712,0.96425644365423,1.5713969870477085,-0.6244040257055189,0.13945956651120253,-0.6477484748000886,-0.3760014818308347,-0.3895323082701867,-0.005160277662063215,0.6901736360882741,0.9939433276140971,1.5468520885750203,-0.3630439664320402,-1.4609134070857044,-0.4030649954631285,-0.4194008220350217,-0.4746027279775913,-0.8746533061339944,-0.5017365349980186,-0.07073690533028135,-0.7470324187216006,-0.2328872501475753,-0.28708333828187355,-0.32078666523533045,-0.39610534423349997,-0.38113017778990566,-0.3694246287326534,-0.2751579580367754,-0.2900883232983121,-0.2955781683826058,-0.3888554871521795,-0.41265547100857053,-0.2943754514063852,-0.3658086479243954,-0.16209288333514058,0.399931507946359,0.35434580885804934,0.2543906091862676,-0.33350317382815076,0.5449215208897721,1.1227307914744915,1.9899792732545456,-0.337529114616601,0.9989187709831968,2.2533667439297993,-0.22342026433344614,1.973254696598896,0.0370826007825713,-0.4271559153457235,-0.7376951317802901,0.7376951317802901,-0.4820426798824101,-0.3075623426146228,0.6158384251930635,-0.13085598064755344,-0.2359813632291101,-0.2662958158485814,-0.19611613513818404,-0.19300937626135234,-0.12168146174384352,-0.06715342778730747,-0.03352007615769955,0.5449249778098338,-0.21680296415038888,-0.5118980953829163,0.8505317485662419,-0.40583972495671383,-0.16278112867447064,0.8119223343984152,-0.1699069165076462,-0.2081478487327801,-0.6981970580620328,-0.7376951317802901,0.7376951317802901,-0.7376951317802901,0.7376951317802901,-0.7376951317802901,0.7376951317802901,-0.7376951317802901,0.7376951317802901,-0.4820426798824101,-0.3075623426146228,0.6158384251930635,-0.4820426798824101,-0.3075623426146228,0.6158384251930635,-0.4820426798824101,-0.3075623426146228,0.6158384251930635,-0.13085598064755344,-0.2359813632291101,-0.2662958158485814,-0.19611613513818404,-0.19300937626135234,-0.12168146174384352,-0.06715342778730747,-0.03352007615769955,0.5449249778098338,-0.13085598064755344,-0.2359813632291101,-0.2662958158485814,-0.19611613513818404,-0.19300937626135234,-0.12168146174384352,-0.06715342778730747,-0.03352007615769955,0.5449249778098338,-0.21680296415038888,-0.5118980953829163,0.8505317485662419,-0.40583972495671383,-0.16278112867447064
1,0.3926761879752979,-0.3693648410115938,0.4327933656785018,-0.4736736092984604,-0.11646779040628442,0.5446511676720712,-0.5095104222433947,-1.1867703913507321,-0.0675031379141101,0.3926761879752979,-0.3693648410115938,0.4327933656785018,-0.4736736092984604,-0.11646779040628442,0.5446511676720712,-0.5095104222433947,-1.1867703913507321,-0.0675031379141101,0.14407257890493028,0.09782054660387478,0.5720005160909408,-0.3895323082701867,-0.004217122801084288,0.6936558301555197,-0.1478598207643592,-0.7768847778876952,0.13793885413670573,-0.5892568139740777,0.2247862474698217,-0.4194008220350217,0.028469648884860296,-0.04105904351514409,-0.5569533474872684,-1.0666422745062731,-0.1629968366090419,-0.07639966350995119,-0.28708333828187355,0.008135739352004802,0.5281575091431288,0.16061446244642888,-0.15706505182891523,-0.05924801474239681,-0.2900883232983121,-0.2955781683826058,-0.3888554871521795,-0.41265547100857053,-0.2943754514063852,-0.3658086479243954,-0.16209288333514058,0.399931507946359,-0.20320282418793778,-0.4178805314156602,-0.22559453904033924,0.5449215208897721,-0.14575511629852972,-0.7634324030510985,0.20090432700850336,-0.7538678336953983,-0.9118592256168716,-0.26165318579788244,-1.0134650870965427,-0.6574644895504534,-0.23657207930514282,1.3555735383351193,-1.3555735383351195,-0.4820426798824101,-0.3075623426146228,0.6158384251930635,-0.13085598064755344,-0.2359813632291101,-0.2662958158485814,-0.19611613513818404,-0.19300937626135234,-0.12168146174384352,-0.06715342778730747,-0.03352007615769955,0.5449249778098338,-0.21680296415038888,-0.5118980953829163,-1.175735064194511,2.4640269015229057,-0.16278112867447064,-1.2316448970959013,-0.1699069165076462,-0.2081478487327801,1.4322604033532795,1.3555735383351193,-1.3555735383351195,1.3555735383351193,-1.3555735383351195,1.3555735383351193,-1.3555735383351195,1.3555735383351193,-1.3555735383351195,-0.4820426798824101,-0.3075623426146228,0.6158384251930635,-0.4820426798824101,-0.3075623426146228,0.6158384251930635,-0.4820426798824101,-0.3075623426146228,0.6158384251930635,-0.13085598064755344,-0.2359813632291101,-0.2662958158485814,-0.19611613513818404,-0.19300937626135234,-0.12168146174384352,-0.06715342778730747,-0.03352007615769955,0.5449249778098338,-0.13085598064755344,-0.2359813632291101,-0.2662958158485814,-0.19611613513818404,-0.19300937626135234,-0.12168146174384352,-0.06715342778730747,-0.03352007615769955,0.5449249778098338,-0.21680296415038888,-0.5118980953829163,-1.175735064194511,2.4640269015229057,-0.16278112867447064
1,0.3965640710245583,-0.3693648410115938,-0.47454519624983954,-0.4736736092984604,-0.37816447639580775,0.5446511676720712,-1.1168810094012038,-0.497228546751122,-0.6244040257055189,0.3965640710245583,-0.3693648410115938,-0.47454519624983954,-0.4736736092984604,-0.37816447639580775,0.5446511676720712,-1.1168810094012038,-0.497228546751122,-0.6244040257055189,0.14869403230944256,0.10054160142651698,-0.3760014818308347,-0.3895323082701867,-0.26169839984833143,0.6971380242227652,-0.6190542746152473,-0.19315696874878996,-0.36121556197740967,-0.5892568139740777,-0.4030649954631285,-0.4194008220350217,-0.4746027279775913,-0.04105904351514409,-0.9628715365974293,-0.4975534921199921,-0.5523538913507477,-0.2328872501475753,-0.28708333828187355,-0.32078666523533045,-0.39610534423349997,-0.38113017778990566,-0.3694246287326534,-0.2751579580367754,-0.2900883232983121,-0.2955781683826058,-0.3888554871521795,-0.41265547100857053,-0.2943754514063852,-0.3658086479243954,-0.19142217096055295,-0.10095107670490644,-0.5656094356678294,-0.3758635851280397,-0.38745749122205647,0.5449215208897721,-0.6685250661686233,-0.07507948397468743,-0.337529114616601,-1.1087392780725651,-0.805835472779215,-0.7049484103449949,-0.714793108726999,-0.5582434766457356,-0.4271559153457235,-0.7376951317802901,0.7376951317802901,2.0745051044939435,-0.3075623426146228,-1.6238025415294657,-0.13085598064755344,-0.2359813632291101,-0.2662958158485814,-0.19611613513818404,-0.19300937626135234,-0.12168146174384352,-0.06715342778730747,-0.03352007615769955,0.5449249778098338,-0.21680296415038888,-0.5118980953829163,0.8505317485662419,-0.40583972495671383,-0.16278112867447064,0.8119223343984152,-0.1699069165076462,-0.2081478487327801,-0.6981970580620328,-0.7376951317802901,0.7376951317802901,-0.7376951317802901,0.7376951317802901,-0.7376951317802901,0.7376951317802901,-0.7376951317802901,0.7376951317802901,2.0745051044939435,-0.3075623426146228,-1.6238025415294657,2.0745051044939435,-0.3075623426146228,-1.6238025415294657,2.0745051044939435,-0.3075623426146228,-1.6238025415294657,-0.13085598064755344,-0.2359813632291101,-0.2662958158485814,-0.19611613513818404,-0.19300937626135234,-0.12168146174384352,-0.06715342778730747,-0.03352007615769955,0.5449249778098338,-0.13085598064755344,-0.2359813632291101,-0.2662958158485814,-0.19611613513818404,-0.19300937626135234,-0.12168146174384352,-0.06715342778730747,-0.03352007615769955,0.5449249778098338,-0.21680296415038888,-0.5118980953829163,0.8505317485662419,-0.40583972495671383,-0.16278112867447064
0,0.4004519540738187,0.8273772438659699,0.4327933656785018,0.7676298785983874,-0.23725087624760288,0.5446511676720712,0.96425644365423,0.5370842201482933,0.48939774987729867,0.4004519540738187,0.8273772438659699,0.4327933656785018,0.7676298785983874,-0.23725087624760288,0.5446511676720712,0.96425644365423,0.5370842201482933,0.48939774987729867,0.1533239267247393,0.8501922050644436,0.5754667025550058,0.8695500876140189,-0.12182127892776438,0.7006202182900108,1.0058064977393386,0.6848292528366189,0.6434926858420278,0.8635041745453002,0.5387118689362969,0.9889639986931354,0.18326114945792232,0.7925352191037062,1.3577269342345568,1.209712855038851,0.8103958002452226,-0.07639966350995119,0.2184329747796864,-0.06776943093738026,0.5281575091431288,0.770770541893495,0.9047328326897756,0.048706956904792466,0.07498045644575013,-0.011141244277516945,0.9624460102277982,1.4694387837410756,0.989255187434182,0.26748572765974243,-0.17805912275252483,0.16875493041500572,0.11144175404151091,-0.11406568902825052,-0.1923918821825511,0.5449215208897721,1.1227307914744915,0.9574498946399291,0.7393377686336078,0.9989187709831968,1.1401173391344044,1.0640991990364888,0.29322481827021163,0.9300717169250317,0.08106764742915833,-0.7376951317802901,0.7376951317802901,-0.4820426798824101,-0.3075623426146228,0.6158384251930635,-0.13085598064755344,-0.2359813632291101,-0.2662958158485814,-0.19611613513818404,-0.19300937626135234,-0.12168146174384352,-0.06715342778730747,-0.03352007615769955,0.5449249778098338,-0.21680296415038888,-0.5118980953829163,0.8505317485662419,-0.40583972495671383,-0.16278112867447064,-1.2316448970959013,-0.1699069165076462,-0.2081478487327801,1.4322604033532795,-0.7376951317802901,0.7376951317802901,-0.7376951317802901,0.7376951317802901,-0.7376951317802901,0.7376951317802901,-0.7376951317802901,0.7376951317802901,-0.4820426798824101,-0.3075623426146228,0.6158384251930635,-0.4820426798824101,-0.3075623426146228,0.6158384251930635,-0.4820426798824101,-0.3075623426146228,0.6158384251930635,-0.13085598064755344,-0.2359813632291101,-0.2662958158485814,-0.19611613513818404,-0.19300937626135234,-0.12168146174384352,-0.06715342778730747,-0.03352007615769955,0.5449249778098338,-0.13085598064755344,-0.2359813632291101,-0.2662958158485814,-0.19611613513818404,-0.19300937626135234,-0.12168146174384352,-0.06715342778730747,-0.03352007615769955,0.5449249778098338,-0.21680296415038888,-0.5118980953829163,0.8505317485662419,-0.40583972495671383,-0.16278112867447064
1,0.404339837123079,-0.3693648410115938,0.4327933656785018,0.7676298785983874,0.08483735266257968,0.5446511676720712,0.96425644365423,-1.5315413136505371,1.0462986376687076,0.404339837123079,-0.3693648410115938,0.4327933656785018,0.7676298785983874,0.08483735266257968,0.5446511676720712,0.96425644365423,-1.5315413136505371,1.0462986376687076,0.15796226215082057,0.10598371107180139,0.5771997957870383,0.871843498171185,0.19812587006585636,0.7041024123572563,1.009760887781086,-1.0679505131647973,1.1490465175473497,-0.5892568139740777,0.2247862474698217,0.5195090584504164,0.41544840031751534,-0.04105904351514409,0.42799519961826915,-1.3511866656994136,0.6157172728743697,-0.07639966350995119,0.2184329747796864,0.1346443565009799,0.5281575091431288,0.770770541893495,-0.3694246287326534,0.15666192855198174,0.07498045644575013,0.21640829500655415,0.9624460102277982,1.4694387837410756,-0.2943754514063852,0.4785838528544551,-0.12622669333956726,0.7852258038319477,0.7591859002189467,-0.5019144239909011,0.1562360148242245,0.5449215208897721,1.1227307914744915,-1.107608862589304,1.2777712102587122,0.9989187709831968,-1.086381470456385,1.7078589307214564,-1.0507990843927357,-0.855906515359889,0.52576326485718,-0.7376951317802901,0.7376951317802901,-0.4820426798824101,-0.3075623426146228,0.6158384251930635,-0.13085598064755344,-0.2359813632291101,-0.2662958158485814,-0.19611613513818404,-0.19300937626135234,-0.12168146174384352,-0.06715342778730747,-0.03352007615769955,0.5449249778098338,4.612483062299524,-0.5118980953829163,-1.175735064194511,-0.40583972495671383,-0.16278112867447064,-1.2316448970959013,-0.1699069165076462,-0.2081478487327801,1.4322604033532795,-0.7376951317802901,0.7376951317802901,-0.7376951317802901,0.7376951317802901,-0.7376951317802901,0.7376951317802901,-0.7376951317802901,0.7376951317802901,-0.4820426798824101,-0.3075623426146228,0.6158384251930635,-0.4820426798824101,-0.3075623426146228,0.6158384251930635,-0.4820426798824101,-0.3075623426146228,0.6158384251930635,-0.13085598064755344,-0.2359813632291101,-0.2662958158485814,-0.19611613513818404,-0.19300937626135234,-0.12168146174384352,-0.06715342778730747,-0.03352007615769955,0.5449249778098338,-0.13085598064755344,-0.2359813632291101,-0.2662958158485814,-0.19611613513818404,-0.19300937626135234,-0.12168146174384352,-0.06715342778730747,-0.03352007615769955,0.5449249778098338,4.612483062299524,-0.5118980953829163,-1.175735064194511,-0.40583972495671383,-0.16278112867447064
1,0.40822772017233944,-1.5661069258891576,-0.47454519624983954,2.0089333664952354,1.574495411372174,-1.747233654090395,-1.1168810094012038,-1.1867703913507321,1.0462986376687076,0.40822772017233944,-1.5661069258891576,-0.47454519624983954,2.0089333664952354,1.574495411372174,-1.747233654090395,-1.1168810094012038,-1.1867703913507321,1.0462986376687076,0.16260903858768633,-0.640945837743483,-0.3760014818308347,2.1378061257268888,1.6785162499331652,-1.0332376978833087,-0.6160646795756599,-0.7747563264414274,1.1527033264566107,-1.4609134070857044,-0.4030649954631285,0.5195090584504164,1.1507080280395598,-1.6309715720209197,-1.1971699031058678,-1.2089144701028434,-0.1629968366090419,-0.2328872501475753,-0.28708333828187355,-0.32078666523533045,-0.39610534423349997,-0.38113017778990566,-0.3694246287326534,-0.2751579580367754,1.1701867956779368,2.833227996773372,-0.13831832590224283,0.5359442015297744,0.13350142820713717,1.3229763536333055,0.4987705916800683,-0.20893987245508824,0.4240068968097158,-0.14638641694180474,1.384734318562386,-1.8243260033503432,-1.2160718491425495,-1.0757029580561766,-0.6763067632919626,-1.1087392780725651,-0.9928661378973284,-0.21825365332473853,-1.0134650870965427,-0.4590224637410178,0.52576326485718,-0.7376951317802901,0.7376951317802901,2.0745051044939435,-0.3075623426146228,-1.6238025415294657,-0.13085598064755344,-0.2359813632291101,3.755222352305419,-0.19611613513818404,-0.19300937626135234,-0.12168146174384352,-0.06715342778730747,-0.03352007615769955,-1.8351149988007645,-0.21680296415038888,-0.5118980953829163,0.8505317485662419,-0.40583972495671383,-0.16278112867447064,-1.2316448970959013,-0.1699069165076462,-0.2081478487327801,1.4322604033532795,-0.7376951317802901,0.7376951317802901,-0.7376951317802901,0.7376951317802901,-0.7376951317802901,0.7376951317802901,-0.7376951317802901,0.7376951317802901,2.0745051044939435,-0.3075623426146228,-1.6238025415294657,2.0745051044939435,-0.3075623426146228,-1.6238025415294657,2.0745051044939435,-0.3075623426146228,-1.6238025415294657,-0.13085598064755344,-0.2359813632291101,3.755222352305419,-0.19611613513818404,-0.19300937626135234,-0.12168146174384352,-0.06715342778730747,-0.03352007615769955,-1.8351149988007645,-0.13085598064755344,-0.2359813632291101,3.755222352305419,-0.19611613513818404,-0.19300937626135234,-0.12168146174384352,-0.06715342778730747,-0.03352007615769955,-1.8351149988007645,-0.21680296415038888,-0.5118980953829163,0.8505317485662419,-0.40583972495671383,-0.16278112867447064
0,0.4121156032215998,-0.3693648410115938,-0.47454519624983954,-0.4736736092984604,-0.11646779040628442,0.5446511676720712,0.96425644365423,-0.1524576244513169,-0.0675031379141101,0.4121156032215998,-0.3693648410115938,-0.47454519624983954,-0.4736736092984604,-0.11646779040628442,0.5446511676720712,0.96425644365423,-0.1524576244513169,-0.0675031379141101,0.16726425603533657,0.11142582071708579,-0.3760014818308347,-0.3895323082701867,0.0004986515038103491,0.7110668004917474,1.0176696678645802,0.10695468517494981,0.14708087640985804,-0.5892568139740777,-0.4030649954631285,-0.4194008220350217,0.028469648884860296,-0.04105904351514409,0.42799519961826915,-0.2130091009268516,-0.1629968366090419,-0.2328872501475753,-0.28708333828187355,-0.32078666523533045,-0.39610534423349997,-0.38113017778990566,-0.3694246287326534,-0.2751579580367754,-0.2900883232983121,-0.2955781683826058,-0.3888554871521795,-0.41265547100857053,-0.2943754514063852,-0.3658086479243954,-0.16209288333514058,0.399931507946359,0.35434580885804934,-0.16577885368993728,-0.22559453904033924,0.5449215208897721,1.1227307914744915,0.2690969755635181,0.20090432700850336,0.9989187709831968,0.3979510692708079,0.42033946735152133,-0.45345512765364804,-0.06213841212214652,-0.23657207930514282,-0.7376951317802901,0.7376951317802901,-0.4820426798824101,-0.3075623426146228,0.6158384251930635,-0.13085598064755344,-0.2359813632291101,-0.2662958158485814,-0.19611613513818404,-0.19300937626135234,-0.12168146174384352,-0.06715342778730747,-0.03352007615769955,0.5449249778098338,-0.21680296415038888,-0.5118980953829163,0.8505317485662419,-0.40583972495671383,-0.16278112867447064,0.8119223343984152,-0.1699069165076462,-0.2081478487327801,-0.6981970580620328,-0.7376951317802901,0.7376951317802901,-0.7376951317802901,0.7376951317802901,-0.7376951317802901,0.7376951317802901,-0.7376951317802901,0.7376951317802901,-0.4820426798824101,-0.3075623426146228,0.6158384251930635,-0.4820426798824101,-0.3075623426146228,0.6158384251930635,-0.4820426798824101,-0.3075623426146228,0.6158384251930635,-0.13085598064755344,-0.2359813632291101,-0.2662958158485814,-0.19611613513818404,-0.19300937626135234,-0.12168146174384352,-0.06715342778730747,-0.03352007615769955,0.5449249778098338,-0.13085598064755344,-0.2359813632291101,-0.2662958158485814,-0.19611613513818404,-0.19300937626135234,-0.12168146174384352,-0.06715342778730747,-0.03352007615769955,0.5449249778098338,-0.21680296415038888,-0.5118980953829163,0.8505317485662419,-0.40583972495671383,-0.16278112867447064
0,0.41600348627086015,0.8273772438659699,-0.47454519624983954,-0.4736736092984604,-0.4989475622371262,0.5446511676720712,-1.5366812681720423,0.19231329784848822,-0.6244040257055189,0.41600348627086015,0.8273772438659699,-0.47454519624983954,-0.4736736092984604,-0.4989475622371262,0.5446511676720712,-1.5366812681720423,0.19231329784848822,-0.6244040257055189,0.17192791449377132,0.8665185340002968,-0.3760014818308347,-0.3895323082701867,-0.3797015830315795,0.714548994558993,-0.9440188122835158,0.4033415490677212,-0.3566445508408335,0.8635041745453002,-0.4030649954631285,-0.4194008220350217,-0.571347415835755,0.7925352191037062,-1.1494148220340843,0.7828962682491402,-0.3576753639798948,-0.2328872501475753,-0.28708333828187355,-0.32078666523533045,-0.39610534423349997,-0.38113017778990566,-0.3694246287326534,-0.2751579580367754,-0.2900883232983121,-0.2955781683826058,-0.3888554871521795,-0.41265547100857053,-0.2943754514063852,-0.3658086479243954,-0.19836401418550262,-0.33212765423625973,-0.6695812087300181,-0.3887918762934614,-0.4123594838653976,0.5449215208897721,-1.0298513550494233,0.6132734351017236,-0.337529114616601,-1.2286533543751765,-0.8987551662773859,-0.8020806973086978,-0.1174491519879112,-0.3598014508363,-0.4271559153457235,-0.7376951317802901,0.7376951317802901,-0.4820426798824101,3.2513733362117265,-1.6238025415294657,-0.13085598064755344,-0.2359813632291101,-0.2662958158485814,-0.19611613513818404,-0.19300937626135234,-0.12168146174384352,-0.06715342778730747,-0.03352007615769955,0.5449249778098338,-0.21680296415038888,-0.5118980953829163,0.8505317485662419,-0.40583972495671383,-0.16278112867447064,0.8119223343984152,-0.1699069165076462,-0.2081478487327801,-0.6981970580620328,-0.7376951317802901,0.7376951317802901,-0.7376951317802901,0.7376951317802901,-0.7376951317802901,0.7376951317802901,-0.7376951317802901,0.7376951317802901,-0.4820426798824101,3.2513733362117265,-1.6238025415294657,-0.4820426798824101,3.2513733362117265,-1.6238025415294657,-0.4820426798824101,3.2513733362117265,-1.6238025415294657,-0.13085598064755344,-0.2359813632291101,-0.2662958158485814,-0.19611613513818404,-0.19300937626135234,-0.12168146174384352,-0.06715342778730747,-0.03352007615769955,0.5449249778098338,-0.13085598064755344,-0.2359813632291101,-0.2662958158485814,-0.19611613513818404,-0.19300937626135234,-0.12168146174384352,-0.06715342778730747,-0.03352007615769955,0.5449249778098338,-0.21680296415038888,-0.5118980953829163,0.8505317485662419,-0.40583972495671383,-0.16278112867447064
1,0.41989136932012056,0.8273772438659699,-0.47454519624983954,-0.4736736092984604,-0.4989475622371262,0.5446511676720712,-1.1168810094012038,-0.841999469050927,-0.6244040257055189,0.41989136932012056,0.8273772438659699,-0.47454519624983954,-0.4736736092984604,-0.4989475622371262,0.5446511676720712,-1.1168810094012038,-0.841999469050927,-0.6244040257055189,0.17660001396299058,0.8706001162342601,-0.3760014818308347,-0.3895323082701867,-0.37944765672285447,0.7180311886262386,-0.6130750845360725,-0.4783694625486561,-0.3557303486135183,0.8635041745453002,-0.4030649954631285,-0.4194008220350217,-0.571347415835755,0.7925352191037062,-0.7285731700889909,-0.4975534921199921,-0.3576753639798948,-0.2328872501475753,-0.28708333828187355,-0.32078666523533045,-0.39610534423349997,-0.38113017778990566,-0.3694246287326534,-0.2751579580367754,-0.2900883232983121,-0.2955781683826058,-0.3888554871521795,-0.41265547100857053,-0.2943754514063852,-0.3658086479243954,-0.19836401418550262,-0.33212765423625973,-0.626822817058193,-0.45666540491192525,-0.4123594838653976,0.5449215208897721,-0.6685250661686233,-0.41925594351289297,-0.337529114616601,-1.1087392780725651,-0.8993508053382716,-0.7049484103449949,-0.9014630952079639,-0.6574644895504534,-0.4271559153457235,-0.7376951317802901,0.7376951317802901,2.0745051044939435,-0.3075623426146228,-1.6238025415294657,-0.13085598064755344,-0.2359813632291101,-0.2662958158485814,-0.19611613513818404,-0.19300937626135234,-0.12168146174384352,-0.06715342778730747,-0.03352007615769955,0.5449249778098338,-0.21680296415038888,-0.5118980953829163,0.8505317485662419,-0.40583972495671383,-0.16278112867447064,0.8119223343984152,-0.1699069165076462,-0.2081478487327801,-0.6981970580620328,-0.7376951317802901,0.7376951317802901,-0.7376951317802901,0.7376951317802901,-0.7376951317802901,0.7376951317802901,-0.7376951317802901,0.7376951317802901,2.0745051044939435,-0.3075623426146228,-1.6238025415294657,2.0745051044939435,-0.3075623426146228,-1.6238025415294657,2.0745051044939435,-0.3075623426146228,-1.6238025415294657,-0.13085598064755344,-0.2359813632291101,-0.2662958158485814,-0.19611613513818404,-0.19300937626135234,-0.12168146174384352,-0.06715342778730747,-0.03352007615769955,0.5449249778098338,-0.13085598064755344,-0.2359813632291101,-0.2662958158485814,-0.19611613513818404,-0.19300937626135234,-0.12168146174384352,-0.06715342778730747,-0.03352007615769955,0.5449249778098338,-0.21680296415038888,-0.5118980953829163,0.8505317485662419,-0.40583972495671383,-0.16278112867447064
1,0.4237792523693809,0.8273772438659699,-0.47454519624983954,-0.4736736092984604,-0.4989475622371262,0.5446511676720712,-0.5095104222433947,-0.841999469050927,-0.6244040257055189,0.4237792523693809,0.8273772438659699,-0.47454519624983954,-0.4736736092984604,-0.4989475622371262,0.5446511676720712,-0.5095104222433947,-0.841999469050927,-0.6244040257055189,0.18128055444299432,0.8746816984682234,-0.3760014818308347,-0.3895323082701867,-0.37919373041412935,0.7215133826934842,-0.13298166625736813,-0.4773052368255223,-0.35481614638620307,0.8635041745453002,-0.4030649954631285,-0.4194008220350217,-0.571347415835755,0.7925352191037062,-0.11969588642374947,-0.4975534921199921,-0.3576753639798948,-0.2328872501475753,-0.28708333828187355,-0.32078666523533045,-0.39610534423349997,-0.38113017778990566,-0.3694246287326534,-0.2751579580367754,-0.2900883232983121,-0.2955781683826058,-0.3888554871521795,-0.41265547100857053,-0.2943754514063852,-0.3658086479243954,-0.19836401418550262,-0.33212765423625973,-0.5649596120861907,-0.45666540491192525,-0.4123594838653976,0.5449215208897721,-0.14575511629852972,-0.41925594351289297,-0.337529114616601,-0.7538678336953983,-0.7373369807773581,-0.564416590908148,-0.9014630952079639,-0.6574644895504534,-0.4271559153457235,1.3555735383351193,-1.3555735383351195,-0.4820426798824101,-0.3075623426146228,0.6158384251930635,-0.13085598064755344,-0.2359813632291101,-0.2662958158485814,-0.19611613513818404,-0.19300937626135234,-0.12168146174384352,-0.06715342778730747,-0.03352007615769955,0.5449249778098338,-0.21680296415038888,1.9535138126504805,-1.175735064194511,-0.40583972495671383,-0.16278112867447064,0.8119223343984152,-0.1699069165076462,-0.2081478487327801,-0.6981970580620328,1.3555735383351193,-1.3555735383351195,1.3555735383351193,-1.3555735383351195,1.3555735383351193,-1.3555735383351195,1.3555735383351193,-1.3555735383351195,-0.4820426798824101,-0.3075623426146228,0.6158384251930635,-0.4820426798824101,-0.3075623426146228,0.6158384251930635,-0.4820426798824101,-0.3075623426146228,0.6158384251930635,-0.13085598064755344,-0.2359813632291101,-0.2662958158485814,-0.19611613513818404,-0.19300937626135234,-0.12168146174384352,-0.06715342778730747,-0.03352007615769955,0.5449249778098338,-0.13085598064755344,-0.2359813632291101,-0.2662958158485814,-0.19611613513818404,-0.19300937626135234,-0.12168146174384352,-0.06715342778730747,-0.03352007615769955,0.5449249778098338,-0.21680296415038888,1.9535138126504805,-1.175735064194511,-0.40583972495671383,-0.16278112867447064
0,0.4276671354186413,-1.5661069258891576,-0.47454519624983954,-0.4736736092984604,-0.11646779040628442,0.5446511676720712,0.96425644365423,1.5713969870477085,-0.6244040257055189,0.4276671354186413,-1.5661069258891576,-0.47454519624983954,-0.4736736092984604,-0.11646779040628442,0.5446511676720712,0.96425644365423,1.5713969870477085,-0.6244040257055189,0.18596953593378254,-0.6341432006868775,-0.3760014818308347,-0.3895323082701867,0.004271270947726059,0.7249955767607297,1.033487228031569,1.5947422461160428,-0.35390194415888787,-1.4609134070857044,-0.4030649954631285,-0.4194008220350217,-0.4746027279775913,-0.8746533061339944,-0.5017365349980186,-0.07073690533028135,-0.7470324187216006,-0.2328872501475753,-0.28708333828187355,-0.32078666523533045,-0.39610534423349997,-0.38113017778990566,-0.3694246287326534,-0.2751579580367754,-0.2900883232983121,-0.2955781683826058,-0.3888554871521795,-0.41265547100857053,-0.2943754514063852,-0.3658086479243954,-0.16209288333514058,0.399931507946359,0.35434580885804934,0.2543906091862676,-0.33350317382815076,0.5449215208897721,1.1227307914744915,1.9899792732545456,-0.337529114616601,0.9989187709831968,2.2533667439297993,-0.22342026433344614,1.973254696598896,0.0370826007825713,-0.4271559153457235,-0.7376951317802901,0.7376951317802901,-0.4820426798824101,-0.3075623426146228,0.6158384251930635,-0.13085598064755344,-0.2359813632291101,-0.2662958158485814,-0.19611613513818404,-0.19300937626135234,-0.12168146174384352,-0.06715342778730747,-0.03352007615769955,0.5449249778098338,-0.21680296415038888,-0.5118980953829163,0.8505317485662419,-0.40583972495671383,-0.16278112867447064,0.8119223343984152,-0.1699069165076462,-0.2081478487327801,-0.6981970580620328,-0.7376951317802901,0.7376951317802901,-0.7376951317802901,0.7376951317802901,-0.7376951317802901,0.7376951317802901,-0.7376951317802901,0.7376951317802901,-0.4820426798824101,-0.3075623426146228,0.6158384251930635,-0.4820426798824101,-0.3075623426146228,0.6158384251930635,-0.4820426798824101,-0.3075623426146228,0.6158384251930635,-0.13085598064755344,-0.2359813632291101,-0.2662958158485814,-0.19611613513818404,-0.19300937626135234,-0.12168146174384352,-0.06715342778730747,-0.03352007615769955,0.5449249778098338,-0.13085598064755344,-0.2359813632291101,-0.2662958158485814,-0.19611613513818404,-0.19300937626135234,-0.12168146174384352,-0.06715342778730747,-0.03352007615769955,0.5449249778098338,-0.21680296415038888,-0.5118980953829163,0.8505317485662419,-0.40583972495671383,-0.16278112867447064
1,0.4315550184679017,-1.5661069258891576,0.4327933656785018,-0.4736736092984604,0.14522889558323893,-1.9265985531848488,-1.3133832581875537,1.5713969870477085,-0.6244040257055189,0.4315550184679017,-1.5661069258891576,0.4327933656785018,-0.4736736092984604,0.14522889558323893,-1.9265985531848488,-1.3133832581875537,1.5713969870477085,-0.6244040257055189,0.19066695843535528,-0.6327826732755564,0.5893314484112657,-0.3895323082701867,0.26788305459133627,-1.1690226618072628,-0.7656459889236767,1.599531261870145,-0.3529877419315726,-1.4609134070857044,-0.0891393739966534,-0.4194008220350217,-0.2230665395463655,-1.6901616971772877,-1.2628331395795704,-0.07073690533028135,-0.7470324187216006,-0.07639966350995119,-0.28708333828187355,0.17259694164567244,-0.3760523040221727,-0.17219794452469814,1.5418115634009901,-0.16720298638958608,-0.2900883232983121,-0.2955781683826058,-0.3888554871521795,-0.41265547100857053,-0.2943754514063852,-0.3658086479243954,-0.11321073729278662,-0.569231836319699,-0.4118611762521178,0.6325431257748519,-0.279548856434245,-1.8437381397128192,-1.2625928552395864,-1.0404028083599504,-0.8642805683563481,-1.177626087863427,-0.4806165455356165,-0.7504145872216218,1.973254696598896,0.0370826007825713,-0.4271559153457235,1.3555735383351193,-1.3555735383351195,2.0745051044939435,-0.3075623426146228,-1.6238025415294657,7.64198926981712,-0.2359813632291101,-0.2662958158485814,-0.19611613513818404,-0.19300937626135234,-0.12168146174384352,-0.06715342778730747,-0.03352007615769955,-1.8351149988007645,-0.21680296415038888,-0.5118980953829163,-1.175735064194511,-0.40583972495671383,6.1432182473669785,-1.2316448970959013,-0.1699069165076462,-0.2081478487327801,1.4322604033532795,1.3555735383351193,-1.3555735383351195,1.3555735383351193,-1.3555735383351195,1.3555735383351193,-1.3555735383351195,1.3555735383351193,-1.3555735383351195,2.0745051044939435,-0.3075623426146228,-1.6238025415294657,2.0745051044939435,-0.3075623426146228,-1.6238025415294657,2.0745051044939435,-0.3075623426146228,-1.6238025415294657,7.64198926981712,-0.2359813632291101,-0.2662958158485814,-0.19611613513818404,-0.19300937626135234,-0.12168146174384352,-0.06715342778730747,-0.03352007615769955,-1.8351149988007645,7.64198926981712,-0.2359813632291101,-0.2662958158485814,-0.19611613513818404,-0.19300937626135234,-0.12168146174384352,-0.06715342778730747,-0.03352007615769955,-1.8351149988007645,-0.21680296415038888,-0.5118980953829163,-1.175735064194511,-0.40583972495671383,6.1432182473669785
0,0.43544290151716203,-1.5661069258891576,-0.47454519624983954,-0.4736736092984604,3.9297655852778846,0.5446511676720712,-1.1168810094012038,0.5370842201482933,1.6031995254601163,0.43544290151716203,-1.5661069258891576,-0.47454519624983954,-0.4736736092984604,3.9297655852778846,0.5446511676720712,-1.1168810094012038,0.5370842201482933,1.6031995254601163,0.19537282194771252,-0.6314221458642353,-0.3760014818308347,-0.3895323082701867,4.074709999811012,0.7319599648952209,-0.6090889578166228,0.7135633473612323,1.6884258316633352,-1.4609134070857044,-0.4030649954631285,-0.4194008220350217,3.4145337239205924,-0.8746533061339944,-1.1971699031058678,-0.4975534921199921,0.031681690761811,-0.2328872501475753,-0.28708333828187355,-0.32078666523533045,-0.39610534423349997,-0.38113017778990566,-0.3694246287326534,-0.2751579580367754,-0.2900883232983121,-0.2955781683826058,-0.3888554871521795,-0.41265547100857053,-0.2943754514063852,-0.3658086479243954,2.7796867293179073,8.144346855246695,1.6176678339218065,3.9001687178351836,4.2692151330827315,0.5449215208897721,-0.6685250661686233,0.9574498946399291,1.8162046518838164,-1.1087392780725651,-0.5252894751020448,-0.05602206765131977,0.29322481827021163,2.1207238717816455,1.097514772978922,-0.7376951317802901,0.7376951317802901,2.0745051044939435,-0.3075623426146228,-1.6238025415294657,-0.13085598064755344,-0.2359813632291101,-0.2662958158485814,-0.19611613513818404,-0.19300937626135234,-0.12168146174384352,-0.06715342778730747,-0.03352007615769955,0.5449249778098338,-0.21680296415038888,-0.5118980953829163,0.8505317485662419,-0.40583972495671383,-0.16278112867447064,0.8119223343984152,-0.1699069165076462,-0.2081478487327801,-0.6981970580620328,-0.7376951317802901,0.7376951317802901,-0.7376951317802901,0.7376951317802901,-0.7376951317802901,0.7376951317802901,-0.7376951317802901,0.7376951317802901,2.0745051044939435,-0.3075623426146228,-1.6238025415294657,2.0745051044939435,-0.3075623426146228,-1.6238025415294657,2.0745051044939435,-0.3075623426146228,-1.6238025415294657,-0.13085598064755344,-0.2359813632291101,-0.2662958158485814,-0.19611613513818404,-0.19300937626135234,-0.12168146174384352,-0.06715342778730747,-0.03352007615769955,0.5449249778098338,-0.13085598064755344,-0.2359813632291101,-0.2662958158485814,-0.19611613513818404,-0.19300937626135234,-0.12168146174384352,-0.06715342778730747,-0.03352007615769955,0.5449249778098338,-0.21680296415038888,-0.5118980953829163,0.8505317485662419,-0.40583972495671383,-0.16278112867447064
1,0.43933078456642244,-1.5661069258891576,0.4327933656785018,0.7676298785983874,0.9504494678586953,-1.8792661492571456,-0.5095104222433947,0.8818551424480984,0.48939774987729867,0.43933078456642244,-1.5661069258891576,0.4327933656785018,0.7676298785983874,0.9504494678586953,-1.8792661492571456,-0.5095104222433947,0.8818551424480984,0.48939774987729867,0.20008712647085425,-0.6300616184529142,0.5927976348753308,0.8924841931856802,1.0818256996161506,-1.1323978100053163,-0.1255425890038726,1.014207114146539,0.6709187526614847,-1.4609134070857044,-0.0891393739966534,0.0500541182076973,0.5508909633189446,-1.6745420808165796,-0.9942108085507874,-0.35528129652342183,-0.3576753639798948,-0.07639966350995119,0.2184329747796864,0.6786314102415729,-0.35873376929420825,0.16061446244642888,1.1170924095935137,0.048706956904792466,0.07498045644575013,0.8279476818324951,-0.33421706368809756,0.4725028221561908,1.2031936272409431,0.26748572765974243,0.15983509622190054,-0.47875987197023284,0.8059082157387678,1.2854218296286473,0.5422169007960117,-1.8409560124108695,-1.2264776641471424,-1.010194026408372,-0.8106496239735714,-0.7538678336953983,0.13527424342020916,0.04111021931238319,0.7785667831207204,1.227734755639185,0.08106764742915833,1.3555735383351193,-1.3555735383351195,-0.4820426798824101,-0.3075623426146228,0.6158384251930635,-0.13085598064755344,-0.2359813632291101,-0.2662958158485814,-0.19611613513818404,5.181095444015676,-0.12168146174384352,-0.06715342778730747,-0.03352007615769955,-1.8351149988007645,-0.21680296415038888,-0.5118980953829163,-1.175735064194511,2.4640269015229057,-0.16278112867447064,-1.2316448970959013,-0.1699069165076462,-0.2081478487327801,1.4322604033532795,1.3555735383351193,-1.3555735383351195,1.3555735383351193,-1.3555735383351195,1.3555735383351193,-1.3555735383351195,1.3555735383351193,-1.3555735383351195,-0.4820426798824101,-0.3075623426146228,0.6158384251930635,-0.4820426798824101,-0.3075623426146228,0.6158384251930635,-0.4820426798824101,-0.3075623426146228,0.6158384251930635,-0.13085598064755344,-0.2359813632291101,-0.2662958158485814,-0.19611613513818404,5.181095444015676,-0.12168146174384352,-0.06715342778730747,-0.03352007615769955,-1.8351149988007645,-0.13085598064755344,-0.2359813632291101,-0.2662958158485814,-0.19611613513818404,5.181095444015676,-0.12168146174384352,-0.06715342778730747,-0.03352007615769955,-1.8351149988007645,-0.21680296415038888,-0.5118980953829163,-1.175735064194511,2.4640269015229057,-0.16278112867447064
1,0.4432186676156828,0.8273772438659699,0.4327933656785018,-0.4736736092984604,-0.2976424191682621,0.5446511676720712,-0.5095104222433947,0.8818551424480984,-0.0675031379141101,0.4432186676156828,0.8273772438659699,0.4327933656785018,-0.4736736092984604,-0.2976424191682621,0.5446511676720712,-0.5095104222433947,0.8818551424480984,-0.0675031379141101,0.20480987200478049,0.89508960963804,0.5945307281073632,-0.3895323082701867,-0.17478305189042723,0.7389243530297119,-0.12368281969049871,1.0179319041775075,0.16170811204690172,0.8635041745453002,0.5387118689362969,-0.4194008220350217,0.009120711313227545,0.7925352191037062,-0.11969588642374947,1.6365294418285616,0.2263602181326639,-0.07639966350995119,-0.28708333828187355,-0.10572201608207278,0.5281575091431288,0.16061446244642888,1.1170924095935137,-0.05924801474239681,-0.2900883232983121,-0.2955781683826058,-0.3888554871521795,-0.41265547100857053,-0.2943754514063852,-0.3658086479243954,-0.18448032773560327,0.053166641649329084,-0.3745613026660576,-0.11729776181960594,-0.3003005169703626,0.5449215208897721,-0.14575511629852972,1.3016263541781348,0.20090432700850336,-0.7538678336953983,0.13527424342020916,-0.26165318579788244,0.7785667831207204,0.5331876653061604,-0.23657207930514282,1.3555735383351193,-1.3555735383351195,-0.4820426798824101,-0.3075623426146228,0.6158384251930635,-0.13085598064755344,-0.2359813632291101,-0.2662958158485814,-0.19611613513818404,-0.19300937626135234,-0.12168146174384352,-0.06715342778730747,-0.03352007615769955,0.5449249778098338,-0.21680296415038888,-0.5118980953829163,-1.175735064194511,2.4640269015229057,-0.16278112867447064,-1.2316448970959013,-0.1699069165076462,-0.2081478487327801,1.4322604033532795,1.3555735383351193,-1.3555735383351195,1.3555735383351193,-1.3555735383351195,1.3555735383351193,-1.3555735383351195,1.3555735383351193,-1.3555735383351195,-0.4820426798824101,-0.3075623426146228,0.6158384251930635,-0.4820426798824101,-0.3075623426146228,0.6158384251930635,-0.4820426798824101,-0.3075623426146228,0.6158384251930635,-0.13085598064755344,-0.2359813632291101,-0.2662958158485814,-0.19611613513818404,-0.19300937626135234,-0.12168146174384352,-0.06715342778730747,-0.03352007615769955,0.5449249778098338,-0.13085598064755344,-0.2359813632291101,-0.2662958158485814,-0.19611613513818404,-0.19300937626135234,-0.12168146174384352,-0.06715342778730747,-0.03352007615769955,0.5449249778098338,-0.21680296415038888,-0.5118980953829163,-1.175735064194511,2.4640269015229057,-0.16278112867447064
0,0.44710655066494315,0.8273772438659699,-0.47454519624983954,-0.4736736092984604,-0.4989475622371262,0.5446511676720712,-1.5366812681720423,0.5370842201482933,-0.6244040257055189,0.44710655066494315,0.8273772438659699,-0.47454519624983954,-0.4736736092984604,-0.4989475622371262,0.5446511676720712,-1.5366812681720423,0.5370842201482933,-0.6244040257055189,0.2095410585494912,0.8991711918720032,-0.3760014818308347,-0.3895323082701867,-0.37767017256177876,0.7424065470969575,-0.9408197551710912,0.7231413788694367,-0.3493309330223117,0.8635041745453002,-0.4030649954631285,-0.4194008220350217,-0.571347415835755,0.7925352191037062,-1.1494148220340843,1.209712855038851,-0.3576753639798948,-0.2328872501475753,-0.28708333828187355,-0.32078666523533045,-0.39610534423349997,-0.38113017778990566,-0.3694246287326534,-0.2751579580367754,-0.2900883232983121,-0.2955781683826058,-0.3888554871521795,-0.41265547100857053,-0.2943754514063852,-0.3658086479243954,-0.19836401418550262,-0.33212765423625973,-0.6695812087300181,-0.36616736675397343,-0.4123594838653976,0.5449215208897721,-1.0298513550494233,0.9574498946399291,-0.337529114616601,-1.2286533543751765,-0.8612299054415861,-0.8020806973086978,0.29322481827021163,-0.26058043793158214,-0.4271559153457235,-0.7376951317802901,0.7376951317802901,-0.4820426798824101,3.2513733362117265,-1.6238025415294657,-0.13085598064755344,-0.2359813632291101,-0.2662958158485814,-0.19611613513818404,-0.19300937626135234,-0.12168146174384352,-0.06715342778730747,-0.03352007615769955,0.5449249778098338,-0.21680296415038888,-0.5118980953829163,0.8505317485662419,-0.40583972495671383,-0.16278112867447064,0.8119223343984152,-0.1699069165076462,-0.2081478487327801,-0.6981970580620328,-0.7376951317802901,0.7376951317802901,-0.7376951317802901,0.7376951317802901,-0.7376951317802901,0.7376951317802901,-0.7376951317802901,0.7376951317802901,-0.4820426798824101,3.2513733362117265,-1.6238025415294657,-0.4820426798824101,3.2513733362117265,-1.6238025415294657,-0.4820426798824101,3.2513733362117265,-1.6238025415294657,-0.13085598064755344,-0.2359813632291101,-0.2662958158485814,-0.19611613513818404,-0.19300937626135234,-0.12168146174384352,-0.06715342778730747,-0.03352007615769955,0.5449249778098338,-0.13085598064755344,-0.2359813632291101,-0.2662958158485814,-0.19611613513818404,-0.19300937626135234,-0.12168146174384352,-0.06715342778730747,-0.03352007615769955,0.5449249778098338,-0.21680296415038888,-0.5118980953829163,0.8505317485662419,-0.40583972495671383,-0.16278112867447064
0,0.45099443371420356,0.8273772438659699,-0.47454519624983954,-0.4736736092984604,-0.4989475622371262,0.5446511676720712,0.96425644365423,1.2266260647479035,-0.6244040257055189,0.45099443371420356,0.8273772438659699,-0.47454519624983954,-0.4736736092984604,-0.4989475622371262,0.5446511676720712,0.96425644365423,1.2266260647479035,-0.6244040257055189,0.21428068610498643,0.9032527741059665,-0.3760014818308347,-0.3895323082701867,-0.3774162462530537,0.7458887411642031,1.0572135682820523,1.3244289124400501,-0.34841673079499647,0.8635041745453002,-0.4030649954631285,-0.4194008220350217,-0.571347415835755,0.7925352191037062,1.3577269342345568,2.0633460286182723,-0.3576753639798948,-0.2328872501475753,-0.28708333828187355,-0.32078666523533045,-0.39610534423349997,-0.38113017778990566,-0.3694246287326534,-0.2751579580367754,-0.2900883232983121,-0.2955781683826058,-0.3888554871521795,-0.41265547100857053,-0.2943754514063852,-0.3658086479243954,-0.19836401418550262,-0.33212765423625973,-0.41485036472765574,-0.32091834767499755,-0.4123594838653976,0.5449215208897721,1.1227307914744915,1.64580281371634,-0.337529114616601,0.9989187709831968,1.8822836089980008,-0.22342026433344614,1.3385767425636153,-0.06213841212214652,-0.4271559153457235,-0.7376951317802901,0.7376951317802901,-0.4820426798824101,-0.3075623426146228,0.6158384251930635,-0.13085598064755344,-0.2359813632291101,-0.2662958158485814,-0.19611613513818404,-0.19300937626135234,-0.12168146174384352,-0.06715342778730747,-0.03352007615769955,0.5449249778098338,-0.21680296415038888,-0.5118980953829163,0.8505317485662419,-0.40583972495671383,-0.16278112867447064,0.8119223343984152,-0.1699069165076462,-0.2081478487327801,-0.6981970580620328,-0.7376951317802901,0.7376951317802901,-0.7376951317802901,0.7376951317802901,-0.7376951317802901,0.7376951317802901,-0.7376951317802901,0.7376951317802901,-0.4820426798824101,-0.3075623426146228,0.6158384251930635,-0.4820426798824101,-0.3075623426146228,0.6158384251930635,-0.4820426798824101,-0.3075623426146228,0.6158384251930635,-0.13085598064755344,-0.2359813632291101,-0.2662958158485814,-0.19611613513818404,-0.19300937626135234,-0.12168146174384352,-0.06715342778730747,-0.03352007615769955,0.5449249778098338,-0.13085598064755344,-0.2359813632291101,-0.2662958158485814,-0.19611613513818404,-0.19300937626135234,-0.12168146174384352,-0.06715342778730747,-0.03352007615769955,0.5449249778098338,-0.21680296415038888,-0.5118980953829163,0.8505317485662419,-0.40583972495671383,-0.16278112867447064
0,0.4548823167634639,-0.3693648410115938,-0.47454519624983954,-0.4736736092984604,-0.37816447639580775,0.5446511676720712,0.96425644365423,-0.1524576244513169,-0.6244040257055189,0.4548823167634639,-0.3693648410115938,-0.47454519624983954,-0.4736736092984604,-0.37816447639580775,0.5446511676720712,0.96425644365423,-0.1524576244513169,-0.6244040257055189,0.21902875467126615,0.14135742376615001,-0.3760014818308347,-0.3895323082701867,-0.2546247383909895,0.7493709352314486,1.0611679583237994,0.13036765108389406,-0.34750252856768127,-0.5892568139740777,-0.4030649954631285,-0.4194008220350217,-0.4746027279775913,-0.04105904351514409,0.42799519961826915,-0.2130091009268516,-0.5523538913507477,-0.2328872501475753,-0.28708333828187355,-0.32078666523533045,-0.39610534423349997,-0.38113017778990566,-0.3694246287326534,-0.2751579580367754,-0.2900883232983121,-0.2955781683826058,-0.3888554871521795,-0.41265547100857053,-0.2943754514063852,-0.3658086479243954,-0.19142217096055295,-0.10095107670490644,-0.17194630991111728,-0.3338466388404192,-0.38745749122205647,0.5449215208897721,1.1227307914744915,0.2690969755635181,-0.337529114616601,0.9989187709831968,0.3979510692708079,-0.22342026433344614,-0.45345512765364804,-0.4590224637410178,-0.4271559153457235,-0.7376951317802901,0.7376951317802901,-0.4820426798824101,-0.3075623426146228,0.6158384251930635,-0.13085598064755344,-0.2359813632291101,-0.2662958158485814,-0.19611613513818404,-0.19300937626135234,-0.12168146174384352,-0.06715342778730747,-0.03352007615769955,0.5449249778098338,-0.21680296415038888,-0.5118980953829163,0.8505317485662419,-0.40583972495671383,-0.16278112867447064,0.8119223343984152,-0.1699069165076462,-0.2081478487327801,-0.6981970580620328,-0.7376951317802901,0.7376951317802901,-0.7376951317802901,0.7376951317802901,-0.7376951317802901,0.7376951317802901,-0.7376951317802901,0.7376951317802901,-0.4820426798824101,-0.3075623426146228,0.6158384251930635,-0.4820426798824101,-0.3075623426146228,0.6158384251930635,-0.4820426798824101,-0.3075623426146228,0.6158384251930635,-0.13085598064755344,-0.2359813632291101,-0.2662958158485814,-0.19611613513818404,-0.19300937626135234,-0.12168146174384352,-0.06715342778730747,-0.03352007615769955,0.5449249778098338,-0.13085598064755344,-0.2359813632291101,-0.2662958158485814,-0.19611613513818404,-0.19300937626135234,-0.12168146174384352,-0.06715342778730747,-0.03352007615769955,0.5449249778098338,-0.21680296415038888,-0.5118980953829163,0.8505317485662419,-0.40583972495671383,-0.16278112867447064
0,0.4587701998127243,0.8273772438659699,-0.47454519624983954,-0.4736736092984604,-0.4788170479302398,0.5446511676720712,0.96425644365423,0.5370842201482933,-0.6244040257055189,0.4587701998127243,0.8273772438659699,-0.47454519624983954,-0.4736736092984604,-0.4788170479302398,0.5446511676720712,0.96425644365423,0.5370842201482933,-0.6244040257055189,0.22378526424833037,0.9114159385738931,-0.3760014818308347,-0.3895323082701867,-0.3564491881897529,0.7528531292986942,1.0651223483655468,0.7327194103776412,-0.346588326340366,0.8635041745453002,-0.4030649954631285,-0.4194008220350217,-0.5133006031208568,0.7925352191037062,1.3577269342345568,1.209712855038851,-0.3576753639798948,-0.2328872501475753,-0.28708333828187355,-0.32078666523533045,-0.39610534423349997,-0.38113017778990566,-0.3694246287326534,-0.2751579580367754,-0.2900883232983121,-0.2955781683826058,-0.3888554871521795,-0.41265547100857053,-0.2943754514063852,-0.3658086479243954,-0.1974962837823839,-0.29359822464770086,-0.374366355591566,-0.3467749300058409,-0.40820915175817407,0.5449215208897721,1.1227307914744915,0.9574498946399291,-0.337529114616601,0.9989187709831968,1.1401173391344044,-0.22342026433344614,0.29322481827021163,-0.26058043793158214,-0.4271559153457235,-0.7376951317802901,0.7376951317802901,-0.4820426798824101,-0.3075623426146228,0.6158384251930635,-0.13085598064755344,-0.2359813632291101,-0.2662958158485814,-0.19611613513818404,-0.19300937626135234,-0.12168146174384352,-0.06715342778730747,-0.03352007615769955,0.5449249778098338,-0.21680296415038888,-0.5118980953829163,0.8505317485662419,-0.40583972495671383,-0.16278112867447064,0.8119223343984152,-0.1699069165076462,-0.2081478487327801,-0.6981970580620328,-0.7376951317802901,0.7376951317802901,-0.7376951317802901,0.7376951317802901,-0.7376951317802901,0.7376951317802901,-0.7376951317802901,0.7376951317802901,-0.4820426798824101,-0.3075623426146228,0.6158384251930635,-0.4820426798824101,-0.3075623426146228,0.6158384251930635,-0.4820426798824101,-0.3075623426146228,0.6158384251930635,-0.13085598064755344,-0.2359813632291101,-0.2662958158485814,-0.19611613513818404,-0.19300937626135234,-0.12168146174384352,-0.06715342778730747,-0.03352007615769955,0.5449249778098338,-0.13085598064755344,-0.2359813632291101,-0.2662958158485814,-0.19611613513818404,-0.19300937626135234,-0.12168146174384352,-0.06715342778730747,-0.03352007615769955,0.5449249778098338,-0.21680296415038888,-0.5118980953829163,0.8505317485662419,-0.40583972495671383,-0.16278112867447064
0,0.4626580828619847,0.8273772438659699,-0.47454519624983954,-0.4736736092984604,-0.4788170479302398,0.5446511676720712,-0.5095104222433947,-0.841999469050927,-0.6244040257055189,0.4626580828619847,0.8273772438659699,-0.47454519624983954,-0.4736736092984604,-0.4788170479302398,0.5446511676720712,-0.5095104222433947,-0.841999469050927,-0.6244040257055189,0.2285502148361791,0.9154975208078564,-0.3760014818308347,-0.3895323082701867,-0.3561589866940671,0.7563353233659398,-0.1143839731236293,-0.466662979594184,-0.34567412411305076,0.8635041745453002,-0.4030649954631285,-0.4194008220350217,-0.5133006031208568,0.7925352191037062,-0.11969588642374947,-0.4975534921199921,-0.3576753639798948,-0.2328872501475753,-0.28708333828187355,-0.32078666523533045,-0.39610534423349997,-0.38113017778990566,-0.3694246287326534,-0.2751579580367754,-0.2900883232983121,-0.2955781683826058,-0.3888554871521795,-0.41265547100857053,-0.2943754514063852,-0.3658086479243954,-0.1974962837823839,-0.29359822464770086,-0.5459197811441774,-0.4502012593292144,-0.40820915175817407,0.5449215208897721,-0.14575511629852972,-0.41925594351289297,-0.337529114616601,-0.7538678336953983,-0.7373369807773581,-0.564416590908148,-0.9014630952079639,-0.6574644895504534,-0.4271559153457235,1.3555735383351193,-1.3555735383351195,-0.4820426798824101,-0.3075623426146228,0.6158384251930635,-0.13085598064755344,-0.2359813632291101,-0.2662958158485814,-0.19611613513818404,-0.19300937626135234,-0.12168146174384352,-0.06715342778730747,-0.03352007615769955,0.5449249778098338,-0.21680296415038888,1.9535138126504805,-1.175735064194511,-0.40583972495671383,-0.16278112867447064,0.8119223343984152,-0.1699069165076462,-0.2081478487327801,-0.6981970580620328,1.3555735383351193,-1.3555735383351195,1.3555735383351193,-1.3555735383351195,1.3555735383351193,-1.3555735383351195,1.3555735383351193,-1.3555735383351195,-0.4820426798824101,-0.3075623426146228,0.6158384251930635,-0.4820426798824101,-0.3075623426146228,0.6158384251930635,-0.4820426798824101,-0.3075623426146228,0.6158384251930635,-0.13085598064755344,-0.2359813632291101,-0.2662958158485814,-0.19611613513818404,-0.19300937626135234,-0.12168146174384352,-0.06715342778730747,-0.03352007615769955,0.5449249778098338,-0.13085598064755344,-0.2359813632291101,-0.2662958158485814,-0.19611613513818404,-0.19300937626135234,-0.12168146174384352,-0.06715342778730747,-0.03352007615769955,0.5449249778098338,-0.21680296415038888,1.9535138126504805,-1.175735064194511,-0.40583972495671383,-0.16278112867447064
0,0.46654596591124503,0.8273772438659699,1.340131927606843,-0.4736736092984604,-0.15672881902005725,0.5446511676720712,0.96425644365423,-0.497228546751122,0.48939774987729867,0.46654596591124503,0.8273772438659699,1.340131927606843,-0.4736736092984604,-0.15672881902005725,0.5446511676720712,0.96425644365423,-0.497228546751122,0.48939774987729867,0.23332360643481231,0.9195791030418198,1.5858600568299512,-0.3895323082701867,-0.027360692082028737,0.7598175174331853,1.073031128449041,-0.16442287422417656,0.6901169994351045,0.8635041745453002,1.480488733335722,-0.4194008220350217,0.41544840031751534,0.7925352191037062,1.3577269342345568,-0.07073690533028135,0.8103958002452226,0.39306309640292114,-0.28708333828187355,0.28645469707975,1.4524203625197576,1.9226712615768957,0.9047328326897756,0.3725718718463603,-0.2900883232983121,-0.2955781683826058,-0.3888554871521795,-0.41265547100857053,-0.2943754514063852,-0.3658086479243954,-0.1678777526892653,0.32287264876924127,0.27337779058586986,-0.26920518301331076,-0.14258789689586887,0.5449215208897721,1.1227307914744915,-0.07507948397468743,0.7393377686336078,0.9989187709831968,0.026867934339009688,1.0640991990364888,-0.714793108726999,0.0370826007825713,0.08106764742915833,-0.7376951317802901,0.7376951317802901,-0.4820426798824101,-0.3075623426146228,0.6158384251930635,-0.13085598064755344,-0.2359813632291101,-0.2662958158485814,-0.19611613513818404,-0.19300937626135234,-0.12168146174384352,-0.06715342778730747,-0.03352007615769955,0.5449249778098338,-0.21680296415038888,-0.5118980953829163,0.8505317485662419,-0.40583972495671383,-0.16278112867447064,-1.2316448970959013,-0.1699069165076462,-0.2081478487327801,1.4322604033532795,-0.7376951317802901,0.7376951317802901,-0.7376951317802901,0.7376951317802901,-0.7376951317802901,0.7376951317802901,-0.7376951317802901,0.7376951317802901,-0.4820426798824101,-0.3075623426146228,0.6158384251930635,-0.4820426798824101,-0.3075623426146228,0.6158384251930635,-0.4820426798824101,-0.3075623426146228,0.6158384251930635,-0.13085598064755344,-0.2359813632291101,-0.2662958158485814,-0.19611613513818404,-0.19300937626135234,-0.12168146174384352,-0.06715342778730747,-0.03352007615769955,0.5449249778098338,-0.13085598064755344,-0.2359813632291101,-0.2662958158485814,-0.19611613513818404,-0.19300937626135234,-0.12168146174384352,-0.06715342778730747,-0.03352007615769955,0.5449249778098338,-0.21680296415038888,-0.5118980953829163,0.8505317485662419,-0.40583972495671383,-0.16278112867447064
0,0.47043384896050544,0.8273772438659699,-0.47454519624983954,-0.4736736092984604,-0.4989475622371262,0.5446511676720712,0.96425644365423,-1.1867703913507321,-0.6244040257055189,0.47043384896050544,0.8273772438659699,-0.47454519624983954,-0.4736736092984604,-0.4989475622371262,0.5446511676720712,0.96425644365423,-1.1867703913507321,-0.6244040257055189,0.23810543904423,0.923660685275783,-0.3760014818308347,-0.3895323082701867,-0.37614661470942823,0.7632997115004309,1.0769855184907884,-0.7662425206563569,-0.3438457196584203,0.8635041745453002,-0.4030649954631285,-0.4194008220350217,-0.571347415835755,0.7925352191037062,1.3577269342345568,-0.9243700789097029,-0.3576753639798948,-0.2328872501475753,-0.28708333828187355,-0.32078666523533045,-0.39610534423349997,-0.38113017778990566,-0.3694246287326534,-0.2751579580367754,-0.2900883232983121,-0.2955781683826058,-0.3888554871521795,-0.41265547100857053,-0.2943754514063852,-0.3658086479243954,-0.19836401418550262,-0.33212765423625973,-0.41485036472765574,-0.4792899144514132,-0.4123594838653976,0.5449215208897721,1.1227307914744915,-0.7634324030510985,-0.337529114616601,0.9989187709831968,-0.7152983355245868,-0.22342026433344614,-1.0134650870965427,-0.7566855024551713,-0.4271559153457235,-0.7376951317802901,0.7376951317802901,-0.4820426798824101,-0.3075623426146228,0.6158384251930635,-0.13085598064755344,-0.2359813632291101,-0.2662958158485814,-0.19611613513818404,-0.19300937626135234,-0.12168146174384352,-0.06715342778730747,-0.03352007615769955,0.5449249778098338,-0.21680296415038888,-0.5118980953829163,0.8505317485662419,-0.40583972495671383,-0.16278112867447064,0.8119223343984152,-0.1699069165076462,-0.2081478487327801,-0.6981970580620328,-0.7376951317802901,0.7376951317802901,-0.7376951317802901,0.7376951317802901,-0.7376951317802901,0.7376951317802901,-0.7376951317802901,0.7376951317802901,-0.4820426798824101,-0.3075623426146228,0.6158384251930635,-0.4820426798824101,-0.3075623426146228,0.6158384251930635,-0.4820426798824101,-0.3075623426146228,0.6158384251930635,-0.13085598064755344,-0.2359813632291101,-0.2662958158485814,-0.19611613513818404,-0.19300937626135234,-0.12168146174384352,-0.06715342778730747,-0.03352007615769955,0.5449249778098338,-0.13085598064755344,-0.2359813632291101,-0.2662958158485814,-0.19611613513818404,-0.19300937626135234,-0.12168146174384352,-0.06715342778730747,-0.03352007615769955,0.5449249778098338,-0.21680296415038888,-0.5118980953829163,0.8505317485662419,-0.40583972495671383,-0.16278112867447064
0,0.4743217320097658,0.8273772438659699,-0.47454519624983954,4.491540342288931,-0.2171203619407165,0.5446511676720712,-0.5095104222433947,0.19231329784848822,1.6031995254601163,0.4743217320097658,0.8273772438659699,-0.47454519624983954,4.491540342288931,-0.2171203619407165,0.5446511676720712,-0.5095104222433947,0.19231329784848822,1.6031995254601163,0.24289571266443222,0.9277422675097463,-0.3760014818308347,4.8210964776112615,-0.08743240168899426,0.7667819055676764,-0.10880466518350765,0.44325001368523975,1.7341359430290968,0.8635041745453002,-0.4030649954631285,5.214058460877607,0.24130796217282058,0.7925352191037062,-0.11969588642374947,0.7828962682491402,1.9784669644703399,-0.2328872501475753,-0.28708333828187355,-0.32078666523533045,-0.39610534423349997,-0.38113017778990566,-0.3694246287326534,-0.2751579580367754,5.551012152606683,0.8990569128587673,5.016350502367731,3.127977701650475,3.9843933447288387,3.8561538559698567,-0.1756873263173337,0.20728436000356462,-0.29840197889800435,-0.16254678089858185,-0.00562693735749274,0.5449215208897721,-0.14575511629852972,0.6132734351017236,1.8162046518838164,-0.7538678336953983,-0.21377024625881774,0.6466370295329145,-0.1174491519879112,1.6246188072580563,1.097514772978922,1.3555735383351193,-1.3555735383351195,-0.4820426798824101,-0.3075623426146228,0.6158384251930635,-0.13085598064755344,-0.2359813632291101,-0.2662958158485814,-0.19611613513818404,-0.19300937626135234,-0.12168146174384352,-0.06715342778730747,-0.03352007615769955,0.5449249778098338,-0.21680296415038888,-0.5118980953829163,-1.175735064194511,2.4640269015229057,-0.16278112867447064,-1.2316448970959013,-0.1699069165076462,4.804277373453898,-0.6981970580620328,1.3555735383351193,-1.3555735383351195,1.3555735383351193,-1.3555735383351195,1.3555735383351193,-1.3555735383351195,1.3555735383351193,-1.3555735383351195,-0.4820426798824101,-0.3075623426146228,0.6158384251930635,-0.4820426798824101,-0.3075623426146228,0.6158384251930635,-0.4820426798824101,-0.3075623426146228,0.6158384251930635,-0.13085598064755344,-0.2359813632291101,-0.2662958158485814,-0.19611613513818404,-0.19300937626135234,-0.12168146174384352,-0.06715342778730747,-0.03352007615769955,0.5449249778098338,-0.13085598064755344,-0.2359813632291101,-0.2662958158485814,-0.19611613513818404,-0.19300937626135234,-0.12168146174384352,-0.06715342778730747,-0.03352007615769955,0.5449249778098338,-0.21680296415038888,-0.5118980953829163,-1.175735064194511,2.4640269015229057,-0.16278112867447064
0,0.47820961505902615,0.8273772438659699,-0.47454519624983954,-0.4736736092984604,-0.4989475622371262,0.5446511676720712,-1.1168810094012038,-1.1867703913507321,-0.6244040257055189,0.47820961505902615,0.8273772438659699,-0.47454519624983954,-0.4736736092984604,-0.4989475622371262,0.5446511676720712,-1.1168810094012038,-1.1867703913507321,-0.6244040257055189,0.24769442729541893,0.9318238497437097,-0.3760014818308347,-0.3895323082701867,-0.375638762091978,0.770264099634922,-0.5981271093381357,-0.765178294933223,-0.34201731520378986,0.8635041745453002,-0.4030649954631285,-0.4194008220350217,-0.571347415835755,0.7925352191037062,-0.7285731700889909,-0.9243700789097029,-0.3576753639798948,-0.2328872501475753,-0.28708333828187355,-0.32078666523533045,-0.39610534423349997,-0.38113017778990566,-0.3694246287326534,-0.2751579580367754,-0.2900883232983121,-0.2955781683826058,-0.3888554871521795,-0.41265547100857053,-0.2943754514063852,-0.3658086479243954,-0.19836401418550262,-0.33212765423625973,-0.626822817058193,-0.4792899144514132,-0.4123594838653976,0.5449215208897721,-0.6685250661686233,-0.7634324030510985,-0.337529114616601,-1.1087392780725651,-0.9928661378973284,-0.7049484103449949,-1.0134650870965427,-0.7566855024551713,-0.4271559153457235,-0.7376951317802901,0.7376951317802901,2.0745051044939435,-0.3075623426146228,-1.6238025415294657,-0.13085598064755344,-0.2359813632291101,-0.2662958158485814,-0.19611613513818404,-0.19300937626135234,-0.12168146174384352,-0.06715342778730747,-0.03352007615769955,0.5449249778098338,-0.21680296415038888,-0.5118980953829163,0.8505317485662419,-0.40583972495671383,-0.16278112867447064,0.8119223343984152,-0.1699069165076462,-0.2081478487327801,-0.6981970580620328,-0.7376951317802901,0.7376951317802901,-0.7376951317802901,0.7376951317802901,-0.7376951317802901,0.7376951317802901,-0.7376951317802901,0.7376951317802901,2.0745051044939435,-0.3075623426146228,-1.6238025415294657,2.0745051044939435,-0.3075623426146228,-1.6238025415294657,2.0745051044939435,-0.3075623426146228,-1.6238025415294657,-0.13085598064755344,-0.2359813632291101,-0.2662958158485814,-0.19611613513818404,-0.19300937626135234,-0.12168146174384352,-0.06715342778730747,-0.03352007615769955,0.5449249778098338,-0.13085598064755344,-0.2359813632291101,-0.2662958158485814,-0.19611613513818404,-0.19300937626135234,-0.12168146174384352,-0.06715342778730747,-0.03352007615769955,0.5449249778098338,-0.21680296415038888,-0.5118980953829163,0.8505317485662419,-0.40583972495671383,-0.16278112867447064
1,0.48209749810828656,0.8273772438659699,-0.47454519624983954,-0.4736736092984604,-0.4989475622371262,0.5446511676720712,0.96425644365423,0.5370842201482933,-0.6244040257055189,0.48209749810828656,0.8273772438659699,-0.47454519624983954,-0.4736736092984604,-0.4989475622371262,0.5446511676720712,0.96425644365423,0.5370842201482933,-0.6244040257055189,0.2525015829371901,0.935905431977673,-0.3760014818308347,-0.3895323082701867,-0.37538483578325293,0.7737462937021675,1.0888486886160298,0.7518754733940501,-0.34110311297647466,0.8635041745453002,-0.4030649954631285,-0.4194008220350217,-0.571347415835755,0.7925352191037062,1.3577269342345568,1.209712855038851,-0.3576753639798948,-0.2328872501475753,-0.28708333828187355,-0.32078666523533045,-0.39610534423349997,-0.38113017778990566,-0.3694246287326534,-0.2751579580367754,-0.2900883232983121,-0.2955781683826058,-0.3888554871521795,-0.41265547100857053,-0.2943754514063852,-0.3658086479243954,-0.19836401418550262,-0.33212765423625973,-0.41485036472765574,-0.36616736675397343,-0.4123594838653976,0.5449215208897721,1.1227307914744915,0.9574498946399291,-0.337529114616601,0.9989187709831968,1.1401173391344044,-0.22342026433344614,0.29322481827021163,-0.26058043793158214,-0.4271559153457235,-0.7376951317802901,0.7376951317802901,-0.4820426798824101,-0.3075623426146228,0.6158384251930635,-0.13085598064755344,-0.2359813632291101,-0.2662958158485814,-0.19611613513818404,-0.19300937626135234,-0.12168146174384352,-0.06715342778730747,-0.03352007615769955,0.5449249778098338,-0.21680296415038888,-0.5118980953829163,0.8505317485662419,-0.40583972495671383,-0.16278112867447064,0.8119223343984152,-0.1699069165076462,-0.2081478487327801,-0.6981970580620328,-0.7376951317802901,0.7376951317802901,-0.7376951317802901,0.7376951317802901,-0.7376951317802901,0.7376951317802901,-0.7376951317802901,0.7376951317802901,-0.4820426798824101,-0.3075623426146228,0.6158384251930635,-0.4820426798824101,-0.3075623426146228,0.6158384251930635,-0.4820426798824101,-0.3075623426146228,0.6158384251930635,-0.13085598064755344,-0.2359813632291101,-0.2662958158485814,-0.19611613513818404,-0.19300937626135234,-0.12168146174384352,-0.06715342778730747,-0.03352007615769955,0.5449249778098338,-0.13085598064755344,-0.2359813632291101,-0.2662958158485814,-0.19611613513818404,-0.19300937626135234,-0.12168146174384352,-0.06715342778730747,-0.03352007615769955,0.5449249778098338,-0.21680296415038888,-0.5118980953829163,0.8505317485662419,-0.40583972495671383,-0.16278112867447064
1,0.4859853811575469,-0.3693648410115938,-0.47454519624983954,-0.4736736092984604,-0.438556019316467,0.5446511676720712,0.96425644365423,1.5713969870477085,-0.6244040257055189,0.4859853811575469,-0.3693648410115938,-0.47454519624983954,-0.4736736092984604,-0.438556019316467,0.5446511676720712,0.96425644365423,1.5713969870477085,-0.6244040257055189,0.2573171795897458,0.16312586234728763,-0.3760014818308347,-0.3895323082701867,-0.3129915142108008,0.7772284877694131,1.0928030786577771,1.666577482427576,-0.3401889107491594,-0.5892568139740777,-0.4030649954631285,-0.4194008220350217,-0.5906963534073878,-0.04105904351514409,0.42799519961826915,1.209712855038851,-0.5523538913507477,-0.2328872501475753,-0.28708333828187355,-0.32078666523533045,-0.39610534423349997,-0.38113017778990566,-0.3694246287326534,-0.2751579580367754,-0.2900883232983121,-0.2955781683826058,-0.3888554871521795,-0.41265547100857053,-0.2943754514063852,-0.3658086479243954,-0.19541373081489902,-0.21653936547058308,-0.2933983373193865,-0.2110278727689132,-0.39990848754372704,0.5449215208897721,1.1227307914744915,1.9899792732545456,-0.337529114616601,0.9989187709831968,2.2533667439297993,-0.22342026433344614,1.973254696598896,0.0370826007825713,-0.4271559153457235,-0.7376951317802901,0.7376951317802901,-0.4820426798824101,-0.3075623426146228,0.6158384251930635,-0.13085598064755344,-0.2359813632291101,-0.2662958158485814,-0.19611613513818404,-0.19300937626135234,-0.12168146174384352,-0.06715342778730747,-0.03352007615769955,0.5449249778098338,-0.21680296415038888,-0.5118980953829163,0.8505317485662419,-0.40583972495671383,-0.16278112867447064,0.8119223343984152,-0.1699069165076462,-0.2081478487327801,-0.6981970580620328,-0.7376951317802901,0.7376951317802901,-0.7376951317802901,0.7376951317802901,-0.7376951317802901,0.7376951317802901,-0.7376951317802901,0.7376951317802901,-0.4820426798824101,-0.3075623426146228,0.6158384251930635,-0.4820426798824101,-0.3075623426146228,0.6158384251930635,-0.4820426798824101,-0.3075623426146228,0.6158384251930635,-0.13085598064755344,-0.2359813632291101,-0.2662958158485814,-0.19611613513818404,-0.19300937626135234,-0.12168146174384352,-0.06715342778730747,-0.03352007615769955,0.5449249778098338,-0.13085598064755344,-0.2359813632291101,-0.2662958158485814,-0.19611613513818404,-0.19300937626135234,-0.12168146174384352,-0.06715342778730747,-0.03352007615769955,0.5449249778098338,-0.21680296415038888,-0.5118980953829163,0.8505317485662419,-0.40583972495671383,-0.16278112867447064
1,0.4898732642068073,-1.5661069258891576,1.340131927606843,-0.4736736092984604,0.38679506726587587,-1.747233654090395,-0.5095104222433947,1.5713969870477085,-0.0675031379141101,0.4898732642068073,-1.5661069258891576,1.340131927606843,-0.4736736092984604,0.38679506726587587,-1.747233654090395,-0.5095104222433947,1.5713969870477085,-0.0675031379141101,0.26214121725308603,-0.6123747621057399,1.606657175614341,-0.3895323082701867,0.538096922261799,-1.0264587520364223,-0.10136558793001212,1.6713664981816783,0.18364896550246723,-1.4609134070857044,0.2247862474698217,-0.4194008220350217,0.009120711313227545,-1.6309715720209197,-0.9942108085507874,-0.07073690533028135,-0.5523538913507477,0.39306309640292114,-0.28708333828187355,0.9696012296842156,-0.22474300060943073,0.7023591026827634,3.453047755534634,0.15666192855198174,-0.2900883232983121,-0.2955781683826058,-0.3888554871521795,-0.41265547100857053,-0.2943754514063852,-0.3658086479243954,-0.05073414826823957,-0.4196738137747604,0.27279294936239507,0.9816069872412375,-0.018077933679163296,-1.8243260033503432,-1.1676099405747105,-0.8204557217911562,-0.7761346597668339,-0.7538678336953983,0.48431873309923607,-0.26165318579788244,1.973254696598896,0.9300717169250317,-0.23657207930514282,1.3555735383351193,-1.3555735383351195,-0.4820426798824101,-0.3075623426146228,0.6158384251930635,-0.13085598064755344,-0.2359813632291101,3.755222352305419,-0.19611613513818404,-0.19300937626135234,-0.12168146174384352,-0.06715342778730747,-0.03352007615769955,-1.8351149988007645,-0.21680296415038888,-0.5118980953829163,-1.175735064194511,2.4640269015229057,-0.16278112867447064,-1.2316448970959013,-0.1699069165076462,-0.2081478487327801,1.4322604033532795,1.3555735383351193,-1.3555735383351195,1.3555735383351193,-1.3555735383351195,1.3555735383351193,-1.3555735383351195,1.3555735383351193,-1.3555735383351195,-0.4820426798824101,-0.3075623426146228,0.6158384251930635,-0.4820426798824101,-0.3075623426146228,0.6158384251930635,-0.4820426798824101,-0.3075623426146228,0.6158384251930635,-0.13085598064755344,-0.2359813632291101,3.755222352305419,-0.19611613513818404,-0.19300937626135234,-0.12168146174384352,-0.06715342778730747,-0.03352007615769955,-1.8351149988007645,-0.13085598064755344,-0.2359813632291101,3.755222352305419,-0.19611613513818404,-0.19300937626135234,-0.12168146174384352,-0.06715342778730747,-0.03352007615769955,-1.8351149988007645,-0.21680296415038888,-0.5118980953829163,-1.175735064194511,2.4640269015229057,-0.16278112867447064
1,0.4937611472560677,-1.5661069258891576,-0.47454519624983954,-0.4736736092984604,-0.11646779040628442,-1.8792661492571456,0.96425644365423,0.8818551424480984,-0.6244040257055189,0.4937611472560677,-1.5661069258891576,-0.47454519624983954,-0.4736736092984604,-0.11646779040628442,-1.8792661492571456,0.96425644365423,0.8818551424480984,-0.6244040257055189,0.2669736959272107,-0.6110142346944188,-0.3760014818308347,-0.3895323082701867,0.020304903584367824,-1.130426627170406,1.1007118587412714,1.0663541745800966,-0.33836050629452896,-1.4609134070857044,-0.4030649954631285,-0.4194008220350217,-0.4746027279775913,-1.6745420808165796,-0.5017365349980186,-0.35528129652342183,-0.7470324187216006,-0.2328872501475753,-0.28708333828187355,-0.32078666523533045,-0.39610534423349997,-0.38113017778990566,-0.3694246287326534,-0.2751579580367754,-0.2900883232983121,-0.2955781683826058,-0.3888554871521795,-0.41265547100857053,-0.2943754514063852,-0.3658086479243954,-0.16209288333514058,-0.5613283635835844,0.35434580885804934,0.08632282403578564,-0.33350317382815076,-1.8409560124108695,-1.1751878000261426,-1.010194026408372,-0.8541915788189941,0.9989187709831968,1.5112004740662026,-0.22342026433344614,0.7785667831207204,-0.16135942502686434,-0.4271559153457235,-0.7376951317802901,0.7376951317802901,-0.4820426798824101,-0.3075623426146228,0.6158384251930635,-0.13085598064755344,-0.2359813632291101,-0.2662958158485814,-0.19611613513818404,5.181095444015676,-0.12168146174384352,-0.06715342778730747,-0.03352007615769955,-1.8351149988007645,-0.21680296415038888,-0.5118980953829163,0.8505317485662419,-0.40583972495671383,-0.16278112867447064,0.8119223343984152,-0.1699069165076462,-0.2081478487327801,-0.6981970580620328,-0.7376951317802901,0.7376951317802901,-0.7376951317802901,0.7376951317802901,-0.7376951317802901,0.7376951317802901,-0.7376951317802901,0.7376951317802901,-0.4820426798824101,-0.3075623426146228,0.6158384251930635,-0.4820426798824101,-0.3075623426146228,0.6158384251930635,-0.4820426798824101,-0.3075623426146228,0.6158384251930635,-0.13085598064755344,-0.2359813632291101,-0.2662958158485814,-0.19611613513818404,5.181095444015676,-0.12168146174384352,-0.06715342778730747,-0.03352007615769955,-1.8351149988007645,-0.13085598064755344,-0.2359813632291101,-0.2662958158485814,-0.19611613513818404,5.181095444015676,-0.12168146174384352,-0.06715342778730747,-0.03352007615769955,-1.8351149988007645,-0.21680296415038888,-0.5118980953829163,0.8505317485662419,-0.40583972495671383,-0.16278112867447064
1,0.49764903030532803,0.8273772438659699,-0.47454519624983954,-0.4736736092984604,-0.4989475622371262,0.5446511676720712,-1.5500791487711116,0.19231329784848822,-0.6244040257055189,0.49764903030532803,0.8273772438659699,-0.47454519624983954,-0.4736736092984604,-0.4989475622371262,0.5446511676720712,-1.5500791487711116,0.19231329784848822,-0.6244040257055189,0.2718146156121199,0.9522317609135261,-0.3760014818308347,-0.3895323082701867,-0.3743691305483525,0.7876750699711498,-0.9465513991641854,0.4592133995322472,-0.3374463040672137,0.8635041745453002,-0.4030649954631285,-0.4194008220350217,-0.571347415835755,0.7925352191037062,-1.1628459385855234,0.7828962682491402,-0.3576753639798948,-0.2328872501475753,-0.28708333828187355,-0.32078666523533045,-0.39610534423349997,-0.38113017778990566,-0.3694246287326534,-0.2751579580367754,-0.2900883232983121,-0.2955781683826058,-0.3888554871521795,-0.41265547100857053,-0.2943754514063852,-0.3658086479243954,-0.19836401418550262,-0.33212765423625973,-0.6709458382514594,-0.3887918762934614,-0.4123594838653976,0.5449215208897721,-1.0413830451200872,0.6132734351017236,-0.337529114616601,-1.2307930204368625,-0.9076897521906716,-0.8051806639139224,-0.1174491519879112,-0.3598014508363,-0.4271559153457235,1.3555735383351193,-1.3555735383351195,-0.4820426798824101,3.2513733362117265,-1.6238025415294657,-0.13085598064755344,-0.2359813632291101,-0.2662958158485814,-0.19611613513818404,-0.19300937626135234,-0.12168146174384352,-0.06715342778730747,-0.03352007615769955,0.5449249778098338,-0.21680296415038888,1.9535138126504805,-1.175735064194511,-0.40583972495671383,-0.16278112867447064,0.8119223343984152,-0.1699069165076462,-0.2081478487327801,-0.6981970580620328,1.3555735383351193,-1.3555735383351195,1.3555735383351193,-1.3555735383351195,1.3555735383351193,-1.3555735383351195,1.3555735383351193,-1.3555735383351195,-0.4820426798824101,3.2513733362117265,-1.6238025415294657,-0.4820426798824101,3.2513733362117265,-1.6238025415294657,-0.4820426798824101,3.2513733362117265,-1.6238025415294657,-0.13085598064755344,-0.2359813632291101,-0.2662958158485814,-0.19611613513818404,-0.19300937626135234,-0.12168146174384352,-0.06715342778730747,-0.03352007615769955,0.5449249778098338,-0.13085598064755344,-0.2359813632291101,-0.2662958158485814,-0.19611613513818404,-0.19300937626135234,-0.12168146174384352,-0.06715342778730747,-0.03352007615769955,0.5449249778098338,-0.21680296415038888,1.9535138126504805,-1.175735064194511,-0.40583972495671383,-0.16278112867447064
0,0.5015369133545884,0.8273772438659699,-0.47454519624983954,-0.4736736092984604,-0.4788170479302398,0.5446511676720712,0.96425644365423,-1.1867703913507321,-0.6244040257055189,0.5015369133545884,0.8273772438659699,-0.47454519624983954,-0.4736736092984604,-0.4788170479302398,0.5446511676720712,0.96425644365423,-1.1867703913507321,-0.6244040257055189,0.2766639763078136,0.9563133431474895,-0.3760014818308347,-0.3895323082701867,-0.3532569717372089,0.7911572640383954,1.108620638824766,-0.7619856177638216,-0.3365321018398985,0.8635041745453002,-0.4030649954631285,-0.4194008220350217,-0.5133006031208568,0.7925352191037062,1.3577269342345568,-0.9243700789097029,-0.3576753639798948,-0.2328872501475753,-0.28708333828187355,-0.32078666523533045,-0.39610534423349997,-0.38113017778990566,-0.3694246287326534,-0.2751579580367754,-0.2900883232983121,-0.2955781683826058,-0.3888554871521795,-0.41265547100857053,-0.2943754514063852,-0.3658086479243954,-0.1974962837823839,-0.29359822464770086,-0.374366355591566,-0.47605784166005777,-0.40820915175817407,0.5449215208897721,1.1227307914744915,-0.7634324030510985,-0.337529114616601,0.9989187709831968,-0.7152983355245868,-0.22342026433344614,-1.0134650870965427,-0.7566855024551713,-0.4271559153457235,-0.7376951317802901,0.7376951317802901,-0.4820426798824101,-0.3075623426146228,0.6158384251930635,-0.13085598064755344,-0.2359813632291101,-0.2662958158485814,-0.19611613513818404,-0.19300937626135234,-0.12168146174384352,-0.06715342778730747,-0.03352007615769955,0.5449249778098338,-0.21680296415038888,-0.5118980953829163,0.8505317485662419,-0.40583972495671383,-0.16278112867447064,0.8119223343984152,-0.1699069165076462,-0.2081478487327801,-0.6981970580620328,-0.7376951317802901,0.7376951317802901,-0.7376951317802901,0.7376951317802901,-0.7376951317802901,0.7376951317802901,-0.7376951317802901,0.7376951317802901,-0.4820426798824101,-0.3075623426146228,0.6158384251930635,-0.4820426798824101,-0.3075623426146228,0.6158384251930635,-0.4820426798824101,-0.3075623426146228,0.6158384251930635,-0.13085598064755344,-0.2359813632291101,-0.2662958158485814,-0.19611613513818404,-0.19300937626135234,-0.12168146174384352,-0.06715342778730747,-0.03352007615769955,0.5449249778098338,-0.13085598064755344,-0.2359813632291101,-0.2662958158485814,-0.19611613513818404,-0.19300937626135234,-0.12168146174384352,-0.06715342778730747,-0.03352007615769955,0.5449249778098338,-0.21680296415038888,-0.5118980953829163,0.8505317485662419,-0.40583972495671383,-0.16278112867447064
0,0.5054247964038489,0.8273772438659699,-0.47454519624983954,-0.4736736092984604,-0.35803396208892135,0.5446511676720712,0.96425644365423,-1.1867703913507321,-0.0675031379141101,0.5054247964038489,0.8273772438659699,-0.47454519624983954,-0.4736736092984604,-0.35803396208892135,0.5446511676720712,0.96425644365423,-1.1867703913507321,-0.0675031379141101,0.2815217780142918,0.9603949253814528,-0.3760014818308347,-0.3895323082701867,-0.22759972410524715,0.794639458105641,1.112575028866513,-0.7614535049022546,0.19096258332098906,0.8635041745453002,-0.4030649954631285,-0.4194008220350217,-0.16501972683146723,0.7925352191037062,1.3577269342345568,-0.9243700789097029,0.2263602181326639,-0.2328872501475753,-0.28708333828187355,-0.32078666523533045,-0.39610534423349997,-0.38113017778990566,-0.3694246287326534,-0.2751579580367754,-0.2900883232983121,-0.2955781683826058,-0.3888554871521795,-0.41265547100857053,-0.2943754514063852,-0.3658086479243954,-0.18986025623493927,-0.06242164711634756,-0.13146230077502755,-0.45666540491192525,-0.32520250961370367,0.5449215208897721,1.1227307914744915,-0.7634324030510985,0.20090432700850336,0.9989187709831968,-0.7152983355245868,0.42033946735152133,-1.0134650870965427,-0.6574644895504534,-0.23657207930514282,-0.7376951317802901,0.7376951317802901,-0.4820426798824101,-0.3075623426146228,0.6158384251930635,-0.13085598064755344,-0.2359813632291101,-0.2662958158485814,-0.19611613513818404,-0.19300937626135234,-0.12168146174384352,-0.06715342778730747,-0.03352007615769955,0.5449249778098338,-0.21680296415038888,-0.5118980953829163,0.8505317485662419,-0.40583972495671383,-0.16278112867447064,0.8119223343984152,-0.1699069165076462,-0.2081478487327801,-0.6981970580620328,-0.7376951317802901,0.7376951317802901,-0.7376951317802901,0.7376951317802901,-0.7376951317802901,0.7376951317802901,-0.7376951317802901,0.7376951317802901,-0.4820426798824101,-0.3075623426146228,0.6158384251930635,-0.4820426798824101,-0.3075623426146228,0.6158384251930635,-0.4820426798824101,-0.3075623426146228,0.6158384251930635,-0.13085598064755344,-0.2359813632291101,-0.2662958158485814,-0.19611613513818404,-0.19300937626135234,-0.12168146174384352,-0.06715342778730747,-0.03352007615769955,0.5449249778098338,-0.13085598064755344,-0.2359813632291101,-0.2662958158485814,-0.19611613513818404,-0.19300937626135234,-0.12168146174384352,-0.06715342778730747,-0.03352007615769955,0.5449249778098338,-0.21680296415038888,-0.5118980953829163,0.8505317485662419,-0.40583972495671383,-0.16278112867447064
1,0.5093126794531092,-0.3693648410115938,-0.47454519624983954,-0.4736736092984604,-0.37816447639580775,0.5446511676720712,-0.5095104222433947,0.5370842201482933,-0.6244040257055189,0.5093126794531092,-0.3693648410115938,-0.47454519624983954,-0.4736736092984604,-0.37816447639580775,0.5446511676720712,-0.5095104222433947,0.5370842201482933,-0.6244040257055189,0.28638802073155445,0.17945219128314083,-0.3760014818308347,-0.3895323082701867,-0.248022654364137,0.7981216521728864,-0.0920667413631427,0.7742242135798606,-0.334703697385268,-0.5892568139740777,-0.4030649954631285,-0.4194008220350217,-0.4746027279775913,-0.04105904351514409,-0.5569533474872684,0.3560796814594294,-0.5523538913507477,-0.2328872501475753,-0.28708333828187355,-0.32078666523533045,-0.39610534423349997,-0.38113017778990566,-0.3694246287326534,-0.2751579580367754,-0.2900883232983121,-0.2955781683826058,-0.3888554871521795,-0.41265547100857053,-0.2943754514063852,-0.3658086479243954,-0.19142217096055295,-0.10095107670490644,-0.45072062643411087,-0.24981274626517824,-0.38745749122205647,0.5449215208897721,-0.14575511629852972,0.9574498946399291,-0.337529114616601,-0.7538678336953983,-0.03924800141930428,-0.564416590908148,0.29322481827021163,-0.26058043793158214,-0.4271559153457235,1.3555735383351193,-1.3555735383351195,-0.4820426798824101,-0.3075623426146228,0.6158384251930635,-0.13085598064755344,-0.2359813632291101,-0.2662958158485814,-0.19611613513818404,-0.19300937626135234,-0.12168146174384352,-0.06715342778730747,-0.03352007615769955,0.5449249778098338,-0.21680296415038888,1.9535138126504805,-1.175735064194511,-0.40583972495671383,-0.16278112867447064,0.8119223343984152,-0.1699069165076462,-0.2081478487327801,-0.6981970580620328,1.3555735383351193,-1.3555735383351195,1.3555735383351193,-1.3555735383351195,1.3555735383351193,-1.3555735383351195,1.3555735383351193,-1.3555735383351195,-0.4820426798824101,-0.3075623426146228,0.6158384251930635,-0.4820426798824101,-0.3075623426146228,0.6158384251930635,-0.4820426798824101,-0.3075623426146228,0.6158384251930635,-0.13085598064755344,-0.2359813632291101,-0.2662958158485814,-0.19611613513818404,-0.19300937626135234,-0.12168146174384352,-0.06715342778730747,-0.03352007615769955,0.5449249778098338,-0.13085598064755344,-0.2359813632291101,-0.2662958158485814,-0.19611613513818404,-0.19300937626135234,-0.12168146174384352,-0.06715342778730747,-0.03352007615769955,0.5449249778098338,-0.21680296415038888,1.9535138126504805,-1.175735064194511,-0.40583972495671383,-0.16278112867447064
1,0.5132005625023696,-1.5661069258891576,0.4327933656785018,-0.4736736092984604,0.4673171244934215,-1.8792661492571456,-0.5095104222433947,0.8818551424480984,-0.0675031379141101,0.5132005625023696,-1.5661069258891576,0.4327933656785018,-0.4736736092984604,0.4673171244934215,-1.8792661492571456,-0.5095104222433947,0.8818551424480984,-0.0675031379141101,0.2912627044596017,-0.6042115976378133,0.6257264062839482,-0.3895323082701867,0.6330653617249848,-1.1297226333007953,-0.09020697204976882,1.0849781247349386,0.19461939223025,-1.4609134070857044,-0.0891393739966534,-0.4194008220350217,0.08651646159975855,-1.6745420808165796,-0.9942108085507874,-0.35528129652342183,-0.5523538913507477,-0.07639966350995119,-0.28708333828187355,0.3750107290840326,-0.35873376929420825,0.16061446244642888,1.1170924095935137,-0.05924801474239681,-0.2900883232983121,-0.2955781683826058,-0.3888554871521795,-0.41265547100857053,-0.2943754514063852,-0.3658086479243954,-0.02620630220675072,-0.5161493776064675,0.3489522731304483,0.7424336006809363,0.015124723178624856,-1.8409560124108695,-1.2264776641471424,-1.010194026408372,-0.8324206013962827,-0.7538678336953983,0.13527424342020916,-0.26165318579788244,0.7785667831207204,0.5331876653061604,-0.23657207930514282,1.3555735383351193,-1.3555735383351195,-0.4820426798824101,-0.3075623426146228,0.6158384251930635,-0.13085598064755344,-0.2359813632291101,-0.2662958158485814,-0.19611613513818404,5.181095444015676,-0.12168146174384352,-0.06715342778730747,-0.03352007615769955,-1.8351149988007645,-0.21680296415038888,-0.5118980953829163,-1.175735064194511,2.4640269015229057,-0.16278112867447064,-1.2316448970959013,-0.1699069165076462,-0.2081478487327801,1.4322604033532795,1.3555735383351193,-1.3555735383351195,1.3555735383351193,-1.3555735383351195,1.3555735383351193,-1.3555735383351195,1.3555735383351193,-1.3555735383351195,-0.4820426798824101,-0.3075623426146228,0.6158384251930635,-0.4820426798824101,-0.3075623426146228,0.6158384251930635,-0.4820426798824101,-0.3075623426146228,0.6158384251930635,-0.13085598064755344,-0.2359813632291101,-0.2662958158485814,-0.19611613513818404,5.181095444015676,-0.12168146174384352,-0.06715342778730747,-0.03352007615769955,-1.8351149988007645,-0.13085598064755344,-0.2359813632291101,-0.2662958158485814,-0.19611613513818404,5.181095444015676,-0.12168146174384352,-0.06715342778730747,-0.03352007615769955,-1.8351149988007645,-0.21680296415038888,-0.5118980953829163,-1.175735064194511,2.4640269015229057,-0.16278112867447064
0,0.5170884455516299,0.8273772438659699,0.4327933656785018,-0.4736736092984604,-0.35803396208892135,0.5446511676720712,-1.3133832581875537,0.8818551424480984,-0.0675031379141101,0.5170884455516299,0.8273772438659699,0.4327933656785018,-0.4736736092984604,-0.35803396208892135,0.5446511676720712,-1.3133832581875537,0.8818551424480984,-0.0675031379141101,0.29614582919843335,0.9726396720833427,0.6274594995159807,-0.3895323082701867,-0.2260761662528966,0.8050860403073776,-0.7498665127699311,1.088702914765907,0.19644779668488044,0.8635041745453002,0.5387118689362969,-0.4194008220350217,-0.16501972683146723,0.7925352191037062,-0.9255628795100984,1.6365294418285616,0.2263602181326639,-0.07639966350995119,-0.28708333828187355,-0.1436746012267653,0.5281575091431288,-0.17219794452469814,1.1170924095935137,-0.05924801474239681,-0.2900883232983121,-0.2955781683826058,-0.3888554871521795,-0.41265547100857053,-0.2943754514063852,-0.3658086479243954,-0.18986025623493927,-0.06242164711634756,-0.5954363380650448,-0.18517129043806982,-0.32520250961370367,0.5449215208897721,-0.8376565205383595,1.3016263541781348,0.20090432700850336,-1.177626087863427,-0.6152309732957872,-0.6336491784248299,0.7785667831207204,0.5331876653061604,-0.23657207930514282,1.3555735383351193,-1.3555735383351195,2.0745051044939435,-0.3075623426146228,-1.6238025415294657,-0.13085598064755344,-0.2359813632291101,-0.2662958158485814,-0.19611613513818404,-0.19300937626135234,-0.12168146174384352,-0.06715342778730747,-0.03352007615769955,0.5449249778098338,-0.21680296415038888,-0.5118980953829163,-1.175735064194511,2.4640269015229057,-0.16278112867447064,-1.2316448970959013,-0.1699069165076462,-0.2081478487327801,1.4322604033532795,1.3555735383351193,-1.3555735383351195,1.3555735383351193,-1.3555735383351195,1.3555735383351193,-1.3555735383351195,1.3555735383351193,-1.3555735383351195,2.0745051044939435,-0.3075623426146228,-1.6238025415294657,2.0745051044939435,-0.3075623426146228,-1.6238025415294657,2.0745051044939435,-0.3075623426146228,-1.6238025415294657,-0.13085598064755344,-0.2359813632291101,-0.2662958158485814,-0.19611613513818404,-0.19300937626135234,-0.12168146174384352,-0.06715342778730747,-0.03352007615769955,0.5449249778098338,-0.13085598064755344,-0.2359813632291101,-0.2662958158485814,-0.19611613513818404,-0.19300937626135234,-0.12168146174384352,-0.06715342778730747,-0.03352007615769955,0.5449249778098338,-0.21680296415038888,-0.5118980953829163,-1.175735064194511,2.4640269015229057,-0.16278112867447064
1,0.5209763286008903,0.8273772438659699,-0.47454519624983954,-0.4736736092984604,-0.4989475622371262,0.5446511676720712,0.96425644365423,0.5370842201482933,-0.6244040257055189,0.5209763286008903,0.8273772438659699,-0.47454519624983954,-0.4736736092984604,-0.4989475622371262,0.5446511676720712,0.96425644365423,0.5370842201482933,-0.6244040257055189,0.3010373949480495,0.9767212543173059,-0.3760014818308347,-0.3895323082701867,-0.372845572696002,0.8085682343746232,1.1283925890335018,0.7838022450880651,-0.33196109070332236,0.8635041745453002,-0.4030649954631285,-0.4194008220350217,-0.571347415835755,0.7925352191037062,1.3577269342345568,1.209712855038851,-0.3576753639798948,-0.2328872501475753,-0.28708333828187355,-0.32078666523533045,-0.39610534423349997,-0.38113017778990566,-0.3694246287326534,-0.2751579580367754,-0.2900883232983121,-0.2955781683826058,-0.3888554871521795,-0.41265547100857053,-0.2943754514063852,-0.3658086479243954,-0.19836401418550262,-0.33212765423625973,-0.41485036472765574,-0.36616736675397343,-0.4123594838653976,0.5449215208897721,1.1227307914744915,0.9574498946399291,-0.337529114616601,0.9989187709831968,1.1401173391344044,-0.22342026433344614,0.29322481827021163,-0.26058043793158214,-0.4271559153457235,-0.7376951317802901,0.7376951317802901,-0.4820426798824101,-0.3075623426146228,0.6158384251930635,-0.13085598064755344,-0.2359813632291101,-0.2662958158485814,-0.19611613513818404,-0.19300937626135234,-0.12168146174384352,-0.06715342778730747,-0.03352007615769955,0.5449249778098338,-0.21680296415038888,-0.5118980953829163,0.8505317485662419,-0.40583972495671383,-0.16278112867447064,0.8119223343984152,-0.1699069165076462,-0.2081478487327801,-0.6981970580620328,-0.7376951317802901,0.7376951317802901,-0.7376951317802901,0.7376951317802901,-0.7376951317802901,0.7376951317802901,-0.7376951317802901,0.7376951317802901,-0.4820426798824101,-0.3075623426146228,0.6158384251930635,-0.4820426798824101,-0.3075623426146228,0.6158384251930635,-0.4820426798824101,-0.3075623426146228,0.6158384251930635,-0.13085598064755344,-0.2359813632291101,-0.2662958158485814,-0.19611613513818404,-0.19300937626135234,-0.12168146174384352,-0.06715342778730747,-0.03352007615769955,0.5449249778098338,-0.13085598064755344,-0.2359813632291101,-0.2662958158485814,-0.19611613513818404,-0.19300937626135234,-0.12168146174384352,-0.06715342778730747,-0.03352007615769955,0.5449249778098338,-0.21680296415038888,-0.5118980953829163,0.8505317485662419,-0.40583972495671383,-0.16278112867447064
1,0.5248642116501506,-0.3693648410115938,0.4327933656785018,0.7676298785983874,-0.03594573317873878,0.5446511676720712,-0.5095104222433947,-0.497228546751122,-0.0675031379141101,0.5248642116501506,-0.3693648410115938,0.4327933656785018,0.7676298785983874,-0.03594573317873878,0.5446511676720712,-0.5095104222433947,-0.497228546751122,-0.0675031379141101,0.3059374017084502,0.19033641057370965,0.6309256859800456,0.942939225443335,0.11215367696893105,0.8120504284418687,-0.08462766410964717,-0.14047779545366543,0.20010460559414137,-0.5892568139740777,0.2247862474698217,0.5195090584504164,0.18326114945792232,-0.04105904351514409,-0.5569533474872684,-0.4975534921199921,-0.1629968366090419,-0.07639966350995119,0.2184329747796864,0.058739186211594845,0.5281575091431288,0.16061446244642888,0.2676541019785611,-0.05924801474239681,0.07498045644575013,0.13107721777502748,0.9624460102277982,0.4725028221561908,0.34743986801389837,0.056387602465029836,-0.1491347759819012,0.5540492263005946,-0.12704350041988452,-0.2110278727689132,-0.1923918821825511,0.5449215208897721,-0.14575511629852972,-0.07507948397468743,0.20090432700850336,-0.7538678336953983,-0.5628147359378447,-0.26165318579788244,-0.714793108726999,-0.26058043793158214,-0.23657207930514282,1.3555735383351193,-1.3555735383351195,-0.4820426798824101,-0.3075623426146228,0.6158384251930635,-0.13085598064755344,-0.2359813632291101,-0.2662958158485814,-0.19611613513818404,-0.19300937626135234,-0.12168146174384352,-0.06715342778730747,-0.03352007615769955,0.5449249778098338,-0.21680296415038888,1.9535138126504805,-1.175735064194511,-0.40583972495671383,-0.16278112867447064,-1.2316448970959013,-0.1699069165076462,-0.2081478487327801,1.4322604033532795,1.3555735383351193,-1.3555735383351195,1.3555735383351193,-1.3555735383351195,1.3555735383351193,-1.3555735383351195,1.3555735383351193,-1.3555735383351195,-0.4820426798824101,-0.3075623426146228,0.6158384251930635,-0.4820426798824101,-0.3075623426146228,0.6158384251930635,-0.4820426798824101,-0.3075623426146228,0.6158384251930635,-0.13085598064755344,-0.2359813632291101,-0.2662958158485814,-0.19611613513818404,-0.19300937626135234,-0.12168146174384352,-0.06715342778730747,-0.03352007615769955,0.5449249778098338,-0.13085598064755344,-0.2359813632291101,-0.2662958158485814,-0.19611613513818404,-0.19300937626135234,-0.12168146174384352,-0.06715342778730747,-0.03352007615769955,0.5449249778098338,-0.21680296415038888,1.9535138126504805,-1.175735064194511,-0.40583972495671383,-0.16278112867447064
1,0.5287520946994111,-1.5661069258891576,0.4327933656785018,0.7676298785983874,1.574495411372174,-1.747233654090395,-1.3133832581875537,0.8818551424480984,1.0462986376687076,0.5287520946994111,-1.5661069258891576,0.4327933656785018,0.7676298785983874,1.574495411372174,-1.747233654090395,-1.3133832581875537,0.8818551424480984,1.0462986376687076,0.31084584947963534,-0.5987694879925289,0.6326587792120781,0.9452326360005011,1.8022146374692474,-1.0232306825855242,-0.7477147660216931,1.0998772848588123,1.2660644026436991,-1.4609134070857044,-0.0891393739966534,0.0500541182076973,1.1507080280395598,-1.6309715720209197,-1.2628331395795704,-0.35528129652342183,-0.1629968366090419,-0.07639966350995119,0.2184329747796864,1.0708081234033957,-0.31042417242146536,-0.17219794452469814,1.1170924095935137,0.15666192855198174,0.07498045644575013,1.268824914195383,-0.2635869065272112,-0.07128042961738269,1.2031936272409431,0.4785838528544551,0.4987705916800683,-0.20893987245508824,0.10949228329659487,1.9867816253527737,1.384734318562386,-1.8243260033503432,-1.2317507019144973,-0.8842675308574113,-0.6763067632919626,-1.177626087863427,-0.6152309732957872,-0.4001183608312462,0.7785667831207204,1.92228184597221,0.52576326485718,1.3555735383351193,-1.3555735383351195,2.0745051044939435,-0.3075623426146228,-1.6238025415294657,-0.13085598064755344,-0.2359813632291101,3.755222352305419,-0.19611613513818404,-0.19300937626135234,-0.12168146174384352,-0.06715342778730747,-0.03352007615769955,-1.8351149988007645,-0.21680296415038888,-0.5118980953829163,-1.175735064194511,2.4640269015229057,-0.16278112867447064,-1.2316448970959013,-0.1699069165076462,-0.2081478487327801,1.4322604033532795,1.3555735383351193,-1.3555735383351195,1.3555735383351193,-1.3555735383351195,1.3555735383351193,-1.3555735383351195,1.3555735383351193,-1.3555735383351195,2.0745051044939435,-0.3075623426146228,-1.6238025415294657,2.0745051044939435,-0.3075623426146228,-1.6238025415294657,2.0745051044939435,-0.3075623426146228,-1.6238025415294657,-0.13085598064755344,-0.2359813632291101,3.755222352305419,-0.19611613513818404,-0.19300937626135234,-0.12168146174384352,-0.06715342778730747,-0.03352007615769955,-1.8351149988007645,-0.13085598064755344,-0.2359813632291101,3.755222352305419,-0.19611613513818404,-0.19300937626135234,-0.12168146174384352,-0.06715342778730747,-0.03352007615769955,-1.8351149988007645,-0.21680296415038888,-0.5118980953829163,-1.175735064194511,2.4640269015229057,-0.16278112867447064
0,0.5326399777486714,-0.3693648410115938,-0.47454519624983954,-0.4736736092984604,-0.11646779040628442,0.5446511676720712,0.96425644365423,1.5713969870477085,-0.0675031379141101,0.5326399777486714,-0.3693648410115938,-0.47454519624983954,-0.4736736092984604,-0.11646779040628442,0.5446511676720712,0.96425644365423,1.5713969870477085,-0.0675031379141101,0.315762738261605,0.19577852021899406,-0.3760014818308347,-0.3895323082701867,0.029736452194157097,0.8190148165763599,1.1402557591587434,1.7240456714768029,0.20376141450340227,-0.5892568139740777,-0.4030649954631285,-0.4194008220350217,0.028469648884860296,-0.04105904351514409,0.42799519961826915,1.209712855038851,-0.1629968366090419,-0.2328872501475753,-0.28708333828187355,-0.32078666523533045,-0.39610534423349997,-0.38113017778990566,-0.3694246287326534,-0.2751579580367754,-0.2900883232983121,-0.2955781683826058,-0.3888554871521795,-0.41265547100857053,-0.2943754514063852,-0.3658086479243954,-0.16209288333514058,0.399931507946359,0.35434580885804934,0.2543906091862676,-0.22559453904033924,0.5449215208897721,1.1227307914744915,1.9899792732545456,0.20090432700850336,0.9989187709831968,2.2533667439297993,0.42033946735152133,1.973254696598896,0.9300717169250317,-0.23657207930514282,-0.7376951317802901,0.7376951317802901,-0.4820426798824101,-0.3075623426146228,0.6158384251930635,-0.13085598064755344,-0.2359813632291101,-0.2662958158485814,-0.19611613513818404,-0.19300937626135234,-0.12168146174384352,-0.06715342778730747,-0.03352007615769955,0.5449249778098338,-0.21680296415038888,-0.5118980953829163,0.8505317485662419,-0.40583972495671383,-0.16278112867447064,0.8119223343984152,-0.1699069165076462,-0.2081478487327801,-0.6981970580620328,-0.7376951317802901,0.7376951317802901,-0.7376951317802901,0.7376951317802901,-0.7376951317802901,0.7376951317802901,-0.7376951317802901,0.7376951317802901,-0.4820426798824101,-0.3075623426146228,0.6158384251930635,-0.4820426798824101,-0.3075623426146228,0.6158384251930635,-0.4820426798824101,-0.3075623426146228,0.6158384251930635,-0.13085598064755344,-0.2359813632291101,-0.2662958158485814,-0.19611613513818404,-0.19300937626135234,-0.12168146174384352,-0.06715342778730747,-0.03352007615769955,0.5449249778098338,-0.13085598064755344,-0.2359813632291101,-0.2662958158485814,-0.19611613513818404,-0.19300937626135234,-0.12168146174384352,-0.06715342778730747,-0.03352007615769955,0.5449249778098338,-0.21680296415038888,-0.5118980953829163,0.8505317485662419,-0.40583972495671383,-0.16278112867447064
0,0.5365278607979318,-1.5661069258891576,-0.47454519624983954,-0.4736736092984604,0.16535940989012532,-1.9265985531848488,-1.1168810094012038,0.8818551424480984,-0.6244040257055189,0.5365278607979318,-1.5661069258891576,-0.47454519624983954,-0.4736736092984604,0.16535940989012532,-1.9265985531848488,-1.1168810094012038,0.8818551424480984,-0.6244040257055189,0.3206880680543592,-0.5960484331698866,-0.3760014818308347,-0.3895323082701867,0.32726553564604793,-1.1669827966436102,-0.5831791341401988,1.107326864920749,-0.3283042817940614,-1.4609134070857044,-0.4030649954631285,-0.4194008220350217,-0.20371760197473274,-1.6901616971772877,-1.1971699031058678,-0.35528129652342183,-0.7470324187216006,-0.2328872501475753,-0.28708333828187355,-0.32078666523533045,-0.39610534423349997,-0.38113017778990566,-0.3694246287326534,-0.2751579580367754,-0.2900883232983121,-0.2955781683826058,-0.3888554871521795,-0.41265547100857053,-0.2943754514063852,-0.3658086479243954,-0.10864069050302809,-0.5683958920879946,-0.2901492194111931,0.403065957588617,-0.27539852432702144,-1.8437381397128192,-1.2589233365057262,-1.0553374870775845,-0.8642805683563481,-1.1087392780725651,-0.4317741425429881,-0.7049484103449949,0.7785667831207204,-0.16135942502686434,-0.4271559153457235,-0.7376951317802901,0.7376951317802901,2.0745051044939435,-0.3075623426146228,-1.6238025415294657,7.64198926981712,-0.2359813632291101,-0.2662958158485814,-0.19611613513818404,-0.19300937626135234,-0.12168146174384352,-0.06715342778730747,-0.03352007615769955,-1.8351149988007645,-0.21680296415038888,-0.5118980953829163,0.8505317485662419,-0.40583972495671383,-0.16278112867447064,0.8119223343984152,-0.1699069165076462,-0.2081478487327801,-0.6981970580620328,-0.7376951317802901,0.7376951317802901,-0.7376951317802901,0.7376951317802901,-0.7376951317802901,0.7376951317802901,-0.7376951317802901,0.7376951317802901,2.0745051044939435,-0.3075623426146228,-1.6238025415294657,2.0745051044939435,-0.3075623426146228,-1.6238025415294657,2.0745051044939435,-0.3075623426146228,-1.6238025415294657,7.64198926981712,-0.2359813632291101,-0.2662958158485814,-0.19611613513818404,-0.19300937626135234,-0.12168146174384352,-0.06715342778730747,-0.03352007615769955,-1.8351149988007645,7.64198926981712,-0.2359813632291101,-0.2662958158485814,-0.19611613513818404,-0.19300937626135234,-0.12168146174384352,-0.06715342778730747,-0.03352007615769955,-1.8351149988007645,-0.21680296415038888,-0.5118980953829163,0.8505317485662419,-0.40583972495671383,-0.16278112867447064
0,0.5404157438471922,0.8273772438659699,-0.47454519624983954,-0.4736736092984604,-0.4788170479302398,0.5446511676720712,-1.1168810094012038,-1.1867703913507321,-0.6244040257055189,0.5404157438471922,0.8273772438659699,-0.47454519624983954,-0.4736736092984604,-0.4788170479302398,0.5446511676720712,-1.1168810094012038,-1.1867703913507321,-0.6244040257055189,0.32562183885789786,0.9971291654871225,-0.3760014818308347,-0.3895323082701867,-0.3503549567803506,0.825979204710851,-0.5821826024603364,-0.7566644891481524,-0.3273900795667462,0.8635041745453002,-0.4030649954631285,-0.4194008220350217,-0.5133006031208568,0.7925352191037062,-0.7285731700889909,-0.9243700789097029,-0.3576753639798948,-0.2328872501475753,-0.28708333828187355,-0.32078666523533045,-0.39610534423349997,-0.38113017778990566,-0.3694246287326534,-0.2751579580367754,-0.2900883232983121,-0.2955781683826058,-0.3888554871521795,-0.41265547100857053,-0.2943754514063852,-0.3658086479243954,-0.1974962837823839,-0.29359822464770086,-0.6166205868264658,-0.47605784166005777,-0.40820915175817407,0.5449215208897721,-0.6685250661686233,-0.7634324030510985,-0.337529114616601,-1.1087392780725651,-0.9928661378973284,-0.7049484103449949,-1.0134650870965427,-0.7566855024551713,-0.4271559153457235,-0.7376951317802901,0.7376951317802901,2.0745051044939435,-0.3075623426146228,-1.6238025415294657,-0.13085598064755344,-0.2359813632291101,-0.2662958158485814,-0.19611613513818404,-0.19300937626135234,-0.12168146174384352,-0.06715342778730747,-0.03352007615769955,0.5449249778098338,-0.21680296415038888,-0.5118980953829163,0.8505317485662419,-0.40583972495671383,-0.16278112867447064,0.8119223343984152,-0.1699069165076462,-0.2081478487327801,-0.6981970580620328,-0.7376951317802901,0.7376951317802901,-0.7376951317802901,0.7376951317802901,-0.7376951317802901,0.7376951317802901,-0.7376951317802901,0.7376951317802901,2.0745051044939435,-0.3075623426146228,-1.6238025415294657,2.0745051044939435,-0.3075623426146228,-1.6238025415294657,2.0745051044939435,-0.3075623426146228,-1.6238025415294657,-0.13085598064755344,-0.2359813632291101,-0.2662958158485814,-0.19611613513818404,-0.19300937626135234,-0.12168146174384352,-0.06715342778730747,-0.03352007615769955,0.5449249778098338,-0.13085598064755344,-0.2359813632291101,-0.2662958158485814,-0.19611613513818404,-0.19300937626135234,-0.12168146174384352,-0.06715342778730747,-0.03352007615769955,0.5449249778098338,-0.21680296415038888,-0.5118980953829163,0.8505317485662419,-0.40583972495671383,-0.16278112867447064
1,0.5443036268964525,-1.5661069258891576,-0.47454519624983954,2.0089333664952354,0.9504494678586953,-1.8792661492571456,-0.5095104222433947,-1.1867703913507321,0.48939774987729867,0.5443036268964525,-1.5661069258891576,-0.47454519624983954,2.0089333664952354,0.9504494678586953,-1.8792661492571456,-0.5095104222433947,-1.1867703913507321,0.48939774987729867,0.330564050672221,-0.5933273783472445,-0.3760014818308347,2.298344864728518,1.1592006734033833,-1.1285962431094179,-0.07532881754277776,-0.7561323762865855,0.7449691330740182,-1.4609134070857044,-0.4030649954631285,0.5195090584504164,0.5508909633189446,-1.6745420808165796,-0.9942108085507874,-1.2089144701028434,-0.3576753639798948,-0.2328872501475753,-0.28708333828187355,-0.32078666523533045,-0.39610534423349997,-0.38113017778990566,-0.3694246287326534,-0.2751579580367754,1.1701867956779368,1.9514735320475962,-0.27957864022401563,1.3576611153209521,0.13350142820713717,0.9007801032438802,0.15983509622190054,-0.47875987197023284,0.8059082157387678,-0.24658067347382281,0.5422169007960117,-1.8409560124108695,-1.2264776641471424,-1.0936924574205995,-0.8106496239735714,-0.7538678336953983,-0.9118592256168716,0.04111021931238319,-1.0134650870965427,-0.5582434766457356,0.08106764742915833,1.3555735383351193,-1.3555735383351195,-0.4820426798824101,-0.3075623426146228,0.6158384251930635,-0.13085598064755344,-0.2359813632291101,-0.2662958158485814,-0.19611613513818404,5.181095444015676,-0.12168146174384352,-0.06715342778730747,-0.03352007615769955,-1.8351149988007645,-0.21680296415038888,1.9535138126504805,-1.175735064194511,-0.40583972495671383,-0.16278112867447064,-1.2316448970959013,-0.1699069165076462,-0.2081478487327801,1.4322604033532795,1.3555735383351193,-1.3555735383351195,1.3555735383351193,-1.3555735383351195,1.3555735383351193,-1.3555735383351195,1.3555735383351193,-1.3555735383351195,-0.4820426798824101,-0.3075623426146228,0.6158384251930635,-0.4820426798824101,-0.3075623426146228,0.6158384251930635,-0.4820426798824101,-0.3075623426146228,0.6158384251930635,-0.13085598064755344,-0.2359813632291101,-0.2662958158485814,-0.19611613513818404,5.181095444015676,-0.12168146174384352,-0.06715342778730747,-0.03352007615769955,-1.8351149988007645,-0.13085598064755344,-0.2359813632291101,-0.2662958158485814,-0.19611613513818404,5.181095444015676,-0.12168146174384352,-0.06715342778730747,-0.03352007615769955,-1.8351149988007645,-0.21680296415038888,1.9535138126504805,-1.175735064194511,-0.40583972495671383,-0.16278112867447064
0,0.548191509945713,-0.3693648410115938,-0.47454519624983954,-0.4736736092984604,-0.33790344778203496,0.5446511676720712,0.96425644365423,1.2266260647479035,-0.6244040257055189,0.548191509945713,-0.3693648410115938,-0.47454519624983954,-0.4736736092984604,-0.33790344778203496,0.5446511676720712,0.96425644365423,1.2266260647479035,-0.6244040257055189,0.33551470349732865,0.20666273950956285,-0.3760014818308347,-0.3895323082701867,-0.20071981056734772,0.8329435928453421,1.1560733193257322,1.430851484753433,-0.32556167511211576,-0.5892568139740777,-0.4030649954631285,-0.4194008220350217,-0.3972069776910602,-0.04105904351514409,0.42799519961826915,0.9251684638457104,-0.5523538913507477,-0.2328872501475753,-0.28708333828187355,-0.32078666523533045,-0.39610534423349997,-0.38113017778990566,-0.3694246287326534,-0.2751579580367754,-0.2900883232983121,-0.2955781683826058,-0.3888554871521795,-0.41265547100857053,-0.2943754514063852,-0.3658086479243954,-0.1881826441222431,-0.023892217527788678,-0.09097829163893781,-0.11406568902825052,-0.37915682700760944,0.5449215208897721,1.1227307914744915,1.64580281371634,-0.337529114616601,0.9989187709831968,1.8822836089980008,-0.22342026433344614,1.3385767425636153,-0.06213841212214652,-0.4271559153457235,-0.7376951317802901,0.7376951317802901,-0.4820426798824101,-0.3075623426146228,0.6158384251930635,-0.13085598064755344,-0.2359813632291101,-0.2662958158485814,-0.19611613513818404,-0.19300937626135234,-0.12168146174384352,-0.06715342778730747,-0.03352007615769955,0.5449249778098338,-0.21680296415038888,-0.5118980953829163,0.8505317485662419,-0.40583972495671383,-0.16278112867447064,0.8119223343984152,-0.1699069165076462,-0.2081478487327801,-0.6981970580620328,-0.7376951317802901,0.7376951317802901,-0.7376951317802901,0.7376951317802901,-0.7376951317802901,0.7376951317802901,-0.7376951317802901,0.7376951317802901,-0.4820426798824101,-0.3075623426146228,0.6158384251930635,-0.4820426798824101,-0.3075623426146228,0.6158384251930635,-0.4820426798824101,-0.3075623426146228,0.6158384251930635,-0.13085598064755344,-0.2359813632291101,-0.2662958158485814,-0.19611613513818404,-0.19300937626135234,-0.12168146174384352,-0.06715342778730747,-0.03352007615769955,0.5449249778098338,-0.13085598064755344,-0.2359813632291101,-0.2662958158485814,-0.19611613513818404,-0.19300937626135234,-0.12168146174384352,-0.06715342778730747,-0.03352007615769955,0.5449249778098338,-0.21680296415038888,-0.5118980953829163,0.8505317485662419,-0.40583972495671383,-0.16278112867447064
1,0.5520793929949733,-1.5661069258891576,0.4327933656785018,0.7676298785983874,0.9504494678586953,-1.8194778495589943,-1.1168810094012038,1.5713969870477085,-0.0675031379141101,0.5520793929949733,-1.5661069258891576,0.4327933656785018,0.7676298785983874,0.9504494678586953,-1.8194778495589943,-1.1168810094012038,1.5713969870477085,-0.0675031379141101,0.3404737973332208,-0.5906063235246023,0.6430573386042732,0.9589930993434979,1.1649321529431784,-1.0798523944008542,-0.5791930074207491,1.747990750247314,0.21290343677655457,-1.4609134070857044,-0.0891393739966534,0.0500541182076973,0.5508909633189446,-1.6548120390977903,-1.1971699031058678,-0.07073690533028135,-0.5523538913507477,-0.07639966350995119,0.2184329747796864,0.6786314102415729,-0.3368577254273058,-0.09084380059842266,1.5418115634009901,-0.05924801474239681,0.07498045644575013,0.8279476818324951,-0.30223359629448865,0.061644365260601956,1.6310705068544655,0.056387602465029836,0.15983509622190054,-0.4067166781833417,0.10773775962617044,1.7960893306628036,0.21434066432535376,-1.83504312030046,-1.2333314759971623,-0.9090455205480316,-0.8069326278282305,-1.1087392780725651,-0.24474347742487473,-0.5427168246715761,1.973254696598896,0.9300717169250317,-0.23657207930514282,-0.7376951317802901,0.7376951317802901,2.0745051044939435,-0.3075623426146228,-1.6238025415294657,-0.13085598064755344,4.237622777986573,-0.2662958158485814,-0.19611613513818404,-0.19300937626135234,-0.12168146174384352,-0.06715342778730747,-0.03352007615769955,-1.8351149988007645,-0.21680296415038888,-0.5118980953829163,0.8505317485662419,-0.40583972495671383,-0.16278112867447064,-1.2316448970959013,-0.1699069165076462,-0.2081478487327801,1.4322604033532795,-0.7376951317802901,0.7376951317802901,-0.7376951317802901,0.7376951317802901,-0.7376951317802901,0.7376951317802901,-0.7376951317802901,0.7376951317802901,2.0745051044939435,-0.3075623426146228,-1.6238025415294657,2.0745051044939435,-0.3075623426146228,-1.6238025415294657,2.0745051044939435,-0.3075623426146228,-1.6238025415294657,-0.13085598064755344,4.237622777986573,-0.2662958158485814,-0.19611613513818404,-0.19300937626135234,-0.12168146174384352,-0.06715342778730747,-0.03352007615769955,-1.8351149988007645,-0.13085598064755344,4.237622777986573,-0.2662958158485814,-0.19611613513818404,-0.19300937626135234,-0.12168146174384352,-0.06715342778730747,-0.03352007615769955,-1.8351149988007645,-0.21680296415038888,-0.5118980953829163,0.8505317485662419,-0.40583972495671383,-0.16278112867447064
0,0.5559672760442337,0.8273772438659699,-0.47454519624983954,-0.4736736092984604,-0.4788170479302398,0.5446511676720712,0.96425644365423,-0.841999469050927,-0.6244040257055189,0.5559672760442337,0.8273772438659699,-0.47454519624983954,-0.4736736092984604,-0.4788170479302398,0.5446511676720712,0.96425644365423,-0.841999469050927,-0.6244040257055189,0.3454413321798975,1.0134554944229757,-0.3760014818308347,-0.3895323082701867,-0.34919415079760735,0.8399079809798332,1.1639820994092267,-0.4411215622389721,-0.32373327065748525,0.8635041745453002,-0.4030649954631285,-0.4194008220350217,-0.5133006031208568,0.7925352191037062,1.3577269342345568,-0.4975534921199921,-0.3576753639798948,-0.2328872501475753,-0.28708333828187355,-0.32078666523533045,-0.39610534423349997,-0.38113017778990566,-0.3694246287326534,-0.2751579580367754,-0.2900883232983121,-0.2955781683826058,-0.3888554871521795,-0.41265547100857053,-0.2943754514063852,-0.3658086479243954,-0.1974962837823839,-0.29359822464770086,-0.374366355591566,-0.4502012593292144,-0.40820915175817407,0.5449215208897721,1.1227307914744915,-0.41925594351289297,-0.337529114616601,0.9989187709831968,-0.34421520059278854,-0.22342026433344614,-0.9014630952079639,-0.6574644895504534,-0.4271559153457235,-0.7376951317802901,0.7376951317802901,-0.4820426798824101,-0.3075623426146228,0.6158384251930635,-0.13085598064755344,-0.2359813632291101,-0.2662958158485814,-0.19611613513818404,-0.19300937626135234,-0.12168146174384352,-0.06715342778730747,-0.03352007615769955,0.5449249778098338,-0.21680296415038888,-0.5118980953829163,0.8505317485662419,-0.40583972495671383,-0.16278112867447064,0.8119223343984152,-0.1699069165076462,-0.2081478487327801,-0.6981970580620328,-0.7376951317802901,0.7376951317802901,-0.7376951317802901,0.7376951317802901,-0.7376951317802901,0.7376951317802901,-0.7376951317802901,0.7376951317802901,-0.4820426798824101,-0.3075623426146228,0.6158384251930635,-0.4820426798824101,-0.3075623426146228,0.6158384251930635,-0.4820426798824101,-0.3075623426146228,0.6158384251930635,-0.13085598064755344,-0.2359813632291101,-0.2662958158485814,-0.19611613513818404,-0.19300937626135234,-0.12168146174384352,-0.06715342778730747,-0.03352007615769955,0.5449249778098338,-0.13085598064755344,-0.2359813632291101,-0.2662958158485814,-0.19611613513818404,-0.19300937626135234,-0.12168146174384352,-0.06715342778730747,-0.03352007615769955,0.5449249778098338,-0.21680296415038888,-0.5118980953829163,0.8505317485662419,-0.40583972495671383,-0.16278112867447064
0,0.559855159093494,0.8273772438659699,-0.47454519624983954,-0.4736736092984604,-0.4788170479302398,0.5446511676720712,0.96425644365423,1.2266260647479035,-0.6244040257055189,0.559855159093494,0.8273772438659699,-0.47454519624983954,-0.4736736092984604,-0.4788170479302398,0.5446511676720712,0.96425644365423,1.2266260647479035,-0.6244040257055189,0.3504173080373586,1.017537076656939,-0.3760014818308347,-0.3895323082701867,-0.3489039493019215,0.8433901750470788,1.1679364894509738,1.443622193431039,-0.32281906843017005,0.8635041745453002,-0.4030649954631285,-0.4194008220350217,-0.5133006031208568,0.7925352191037062,1.3577269342345568,2.0633460286182723,-0.3576753639798948,-0.2328872501475753,-0.28708333828187355,-0.32078666523533045,-0.39610534423349997,-0.38113017778990566,-0.3694246287326534,-0.2751579580367754,-0.2900883232983121,-0.2955781683826058,-0.3888554871521795,-0.41265547100857053,-0.2943754514063852,-0.3658086479243954,-0.1974962837823839,-0.29359822464770086,-0.374366355591566,-0.2950617653441542,-0.40820915175817407,0.5449215208897721,1.1227307914744915,1.64580281371634,-0.337529114616601,0.9989187709831968,1.8822836089980008,-0.22342026433344614,1.3385767425636153,-0.06213841212214652,-0.4271559153457235,-0.7376951317802901,0.7376951317802901,-0.4820426798824101,-0.3075623426146228,0.6158384251930635,-0.13085598064755344,-0.2359813632291101,-0.2662958158485814,-0.19611613513818404,-0.19300937626135234,-0.12168146174384352,-0.06715342778730747,-0.03352007615769955,0.5449249778098338,-0.21680296415038888,-0.5118980953829163,0.8505317485662419,-0.40583972495671383,-0.16278112867447064,0.8119223343984152,-0.1699069165076462,-0.2081478487327801,-0.6981970580620328,-0.7376951317802901,0.7376951317802901,-0.7376951317802901,0.7376951317802901,-0.7376951317802901,0.7376951317802901,-0.7376951317802901,0.7376951317802901,-0.4820426798824101,-0.3075623426146228,0.6158384251930635,-0.4820426798824101,-0.3075623426146228,0.6158384251930635,-0.4820426798824101,-0.3075623426146228,0.6158384251930635,-0.13085598064755344,-0.2359813632291101,-0.2662958158485814,-0.19611613513818404,-0.19300937626135234,-0.12168146174384352,-0.06715342778730747,-0.03352007615769955,0.5449249778098338,-0.13085598064755344,-0.2359813632291101,-0.2662958158485814,-0.19611613513818404,-0.19300937626135234,-0.12168146174384352,-0.06715342778730747,-0.03352007615769955,0.5449249778098338,-0.21680296415038888,-0.5118980953829163,0.8505317485662419,-0.40583972495671383,-0.16278112867447064
0,0.5637430421427544,0.8273772438659699,-0.47454519624983954,-0.4736736092984604,-0.4989475622371262,0.5446511676720712,0.96425644365423,0.5370842201482933,-0.6244040257055189,0.5637430421427544,0.8273772438659699,-0.47454519624983954,-0.4736736092984604,-0.4989475622371262,0.5446511676720712,0.96425644365423,0.5370842201482933,-0.6244040257055189,0.35540172490560423,1.0216186588909022,-0.3760014818308347,-0.3895323082701867,-0.37005238330002593,0.8468723691143244,1.171890879492721,0.8189216939514814,-0.3219048662028548,0.8635041745453002,-0.4030649954631285,-0.4194008220350217,-0.571347415835755,0.7925352191037062,1.3577269342345568,1.209712855038851,-0.3576753639798948,-0.2328872501475753,-0.28708333828187355,-0.32078666523533045,-0.39610534423349997,-0.38113017778990566,-0.3694246287326534,-0.2751579580367754,-0.2900883232983121,-0.2955781683826058,-0.3888554871521795,-0.41265547100857053,-0.2943754514063852,-0.3658086479243954,-0.19836401418550262,-0.33212765423625973,-0.41485036472765574,-0.36616736675397343,-0.4123594838653976,0.5449215208897721,1.1227307914744915,0.9574498946399291,-0.337529114616601,0.9989187709831968,1.1401173391344044,-0.22342026433344614,0.29322481827021163,-0.26058043793158214,-0.4271559153457235,-0.7376951317802901,0.7376951317802901,-0.4820426798824101,-0.3075623426146228,0.6158384251930635,-0.13085598064755344,-0.2359813632291101,-0.2662958158485814,-0.19611613513818404,-0.19300937626135234,-0.12168146174384352,-0.06715342778730747,-0.03352007615769955,0.5449249778098338,-0.21680296415038888,-0.5118980953829163,0.8505317485662419,-0.40583972495671383,-0.16278112867447064,0.8119223343984152,-0.1699069165076462,-0.2081478487327801,-0.6981970580620328,-0.7376951317802901,0.7376951317802901,-0.7376951317802901,0.7376951317802901,-0.7376951317802901,0.7376951317802901,-0.7376951317802901,0.7376951317802901,-0.4820426798824101,-0.3075623426146228,0.6158384251930635,-0.4820426798824101,-0.3075623426146228,0.6158384251930635,-0.4820426798824101,-0.3075623426146228,0.6158384251930635,-0.13085598064755344,-0.2359813632291101,-0.2662958158485814,-0.19611613513818404,-0.19300937626135234,-0.12168146174384352,-0.06715342778730747,-0.03352007615769955,0.5449249778098338,-0.13085598064755344,-0.2359813632291101,-0.2662958158485814,-0.19611613513818404,-0.19300937626135234,-0.12168146174384352,-0.06715342778730747,-0.03352007615769955,0.5449249778098338,-0.21680296415038888,-0.5118980953829163,0.8505317485662419,-0.40583972495671383,-0.16278112867447064
1,0.5676309251920149,-1.5661069258891576,0.4327933656785018,-0.4736736092984604,0.9303189535518089,-1.8668102534866975,-1.3133832581875537,1.5713969870477085,-0.0675031379141101,0.5676309251920149,-1.5661069258891576,0.4327933656785018,-0.4736736092984604,0.9303189535518089,-1.8668102534866975,-1.3133832581875537,1.5713969870477085,-0.0675031379141101,0.3603945827846344,-0.5851642138793178,0.6499897115324031,-0.3895323082701867,1.1549202013420174,-1.1175864658119927,-0.7405422768608996,1.767146813263723,0.2202170545950764,-1.4609134070857044,-0.0891393739966534,-0.4194008220350217,0.5315420257473119,-1.6704316554584984,-1.2628331395795704,-0.07073690533028135,-0.5523538913507477,-0.07639966350995119,-0.28708333828187355,0.6659805485266753,-0.35417626015527026,-0.17219794452469814,1.5418115634009901,-0.05924801474239681,-0.2900883232983121,-0.2955781683826058,-0.3888554871521795,-0.41265547100857053,-0.2943754514063852,-0.3658086479243954,0.1507528513359247,-0.46549875665819435,-0.12548392382395168,1.767000675540605,0.20604000011090673,-1.8399449636419904,-1.2523121374645567,-0.9670871128370189,-0.8271106069029386,-1.177626087863427,-0.4806165455356165,-0.6336491784248299,1.973254696598896,0.9300717169250317,-0.23657207930514282,1.3555735383351193,-1.3555735383351195,2.0745051044939435,-0.3075623426146228,-1.6238025415294657,-0.13085598064755344,-0.2359813632291101,-0.2662958158485814,5.099019513592785,-0.19300937626135234,-0.12168146174384352,-0.06715342778730747,-0.03352007615769955,-1.8351149988007645,-0.21680296415038888,-0.5118980953829163,-1.175735064194511,2.4640269015229057,-0.16278112867447064,-1.2316448970959013,-0.1699069165076462,-0.2081478487327801,1.4322604033532795,1.3555735383351193,-1.3555735383351195,1.3555735383351193,-1.3555735383351195,1.3555735383351193,-1.3555735383351195,1.3555735383351193,-1.3555735383351195,2.0745051044939435,-0.3075623426146228,-1.6238025415294657,2.0745051044939435,-0.3075623426146228,-1.6238025415294657,2.0745051044939435,-0.3075623426146228,-1.6238025415294657,-0.13085598064755344,-0.2359813632291101,-0.2662958158485814,5.099019513592785,-0.19300937626135234,-0.12168146174384352,-0.06715342778730747,-0.03352007615769955,-1.8351149988007645,-0.13085598064755344,-0.2359813632291101,-0.2662958158485814,5.099019513592785,-0.19300937626135234,-0.12168146174384352,-0.06715342778730747,-0.03352007615769955,-1.8351149988007645,-0.21680296415038888,-0.5118980953829163,-1.175735064194511,2.4640269015229057,-0.16278112867447064
0,0.5715188082412752,0.8273772438659699,-0.47454519624983954,-0.4736736092984604,-0.4989475622371262,0.5446511676720712,0.96425644365423,1.2266260647479035,-0.6244040257055189,0.5715188082412752,0.8273772438659699,-0.47454519624983954,-0.4736736092984604,-0.4989475622371262,0.5446511676720712,0.96425644365423,1.2266260647479035,-0.6244040257055189,0.36539588167444903,1.029781823358829,-0.3760014818308347,-0.3895323082701867,-0.3695445306825757,0.8538367572488155,1.1797996595762155,1.456392902108645,-0.32007646174822435,0.8635041745453002,-0.4030649954631285,-0.4194008220350217,-0.571347415835755,0.7925352191037062,1.3577269342345568,2.0633460286182723,-0.3576753639798948,-0.2328872501475753,-0.28708333828187355,-0.32078666523533045,-0.39610534423349997,-0.38113017778990566,-0.3694246287326534,-0.2751579580367754,-0.2900883232983121,-0.2955781683826058,-0.3888554871521795,-0.41265547100857053,-0.2943754514063852,-0.3658086479243954,-0.19836401418550262,-0.33212765423625973,-0.41485036472765574,-0.32091834767499755,-0.4123594838653976,0.5449215208897721,1.1227307914744915,1.64580281371634,-0.337529114616601,0.9989187709831968,1.8822836089980008,-0.22342026433344614,1.3385767425636153,-0.06213841212214652,-0.4271559153457235,-0.7376951317802901,0.7376951317802901,-0.4820426798824101,-0.3075623426146228,0.6158384251930635,-0.13085598064755344,-0.2359813632291101,-0.2662958158485814,-0.19611613513818404,-0.19300937626135234,-0.12168146174384352,-0.06715342778730747,-0.03352007615769955,0.5449249778098338,-0.21680296415038888,-0.5118980953829163,0.8505317485662419,-0.40583972495671383,-0.16278112867447064,0.8119223343984152,-0.1699069165076462,-0.2081478487327801,-0.6981970580620328,-0.7376951317802901,0.7376951317802901,-0.7376951317802901,0.7376951317802901,-0.7376951317802901,0.7376951317802901,-0.7376951317802901,0.7376951317802901,-0.4820426798824101,-0.3075623426146228,0.6158384251930635,-0.4820426798824101,-0.3075623426146228,0.6158384251930635,-0.4820426798824101,-0.3075623426146228,0.6158384251930635,-0.13085598064755344,-0.2359813632291101,-0.2662958158485814,-0.19611613513818404,-0.19300937626135234,-0.12168146174384352,-0.06715342778730747,-0.03352007615769955,0.5449249778098338,-0.13085598064755344,-0.2359813632291101,-0.2662958158485814,-0.19611613513818404,-0.19300937626135234,-0.12168146174384352,-0.06715342778730747,-0.03352007615769955,0.5449249778098338,-0.21680296415038888,-0.5118980953829163,0.8505317485662419,-0.40583972495671383,-0.16278112867447064
0,0.5754066912905356,0.8273772438659699,-0.47454519624983954,2.0089333664952354,-0.4989475622371262,0.5446511676720712,-1.5500791487711116,-1.1867703913507321,-0.6244040257055189,0.5754066912905356,0.8273772438659699,-0.47454519624983954,2.0089333664952354,-0.4989475622371262,0.5446511676720712,-1.5500791487711116,-1.1867703913507321,-0.6244040257055189,0.3704056215750482,1.0338634055927922,-0.3760014818308347,2.335039433643176,-0.36929060437385064,0.8573189513160611,-0.9389345965155551,-0.7518754733940501,-0.31916225952090915,0.8635041745453002,-0.4030649954631285,2.3973288194212925,-0.571347415835755,0.7925352191037062,-1.1628459385855234,-0.9243700789097029,-0.3576753639798948,-0.2328872501475753,-0.28708333828187355,-0.32078666523533045,-0.39610534423349997,-0.38113017778990566,-0.3694246287326534,-0.2751579580367754,1.1701867956779368,-0.0964723215090436,2.313747507607776,-0.0501333031595215,0.13350142820713717,0.056387602465029836,-0.19836401418550262,-0.33212765423625973,-0.6709458382514594,-0.4792899144514132,-0.4123594838653976,0.5449215208897721,-1.0413830451200872,-0.7634324030510985,-0.337529114616601,-1.2307930204368625,-1.0506431268032423,-0.8051806639139224,-1.0134650870965427,-0.7566855024551713,-0.4271559153457235,1.3555735383351193,-1.3555735383351195,-0.4820426798824101,3.2513733362117265,-1.6238025415294657,-0.13085598064755344,-0.2359813632291101,-0.2662958158485814,-0.19611613513818404,-0.19300937626135234,-0.12168146174384352,-0.06715342778730747,-0.03352007615769955,0.5449249778098338,-0.21680296415038888,1.9535138126504805,-1.175735064194511,-0.40583972495671383,-0.16278112867447064,-1.2316448970959013,-0.1699069165076462,-0.2081478487327801,1.4322604033532795,1.3555735383351193,-1.3555735383351195,1.3555735383351193,-1.3555735383351195,1.3555735383351193,-1.3555735383351195,1.3555735383351193,-1.3555735383351195,-0.4820426798824101,3.2513733362117265,-1.6238025415294657,-0.4820426798824101,3.2513733362117265,-1.6238025415294657,-0.4820426798824101,3.2513733362117265,-1.6238025415294657,-0.13085598064755344,-0.2359813632291101,-0.2662958158485814,-0.19611613513818404,-0.19300937626135234,-0.12168146174384352,-0.06715342778730747,-0.03352007615769955,0.5449249778098338,-0.13085598064755344,-0.2359813632291101,-0.2662958158485814,-0.19611613513818404,-0.19300937626135234,-0.12168146174384352,-0.06715342778730747,-0.03352007615769955,0.5449249778098338,-0.21680296415038888,1.9535138126504805,-1.175735064194511,-0.40583972495671383,-0.16278112867447064
0,0.5792945743397959,-0.3693648410115938,0.4327933656785018,-0.4736736092984604,-0.11646779040628442,0.5446511676720712,0.96425644365423,0.8818551424480984,-0.0675031379141101,0.5792945743397959,-0.3693648410115938,0.4327933656785018,-0.4736736092984604,-0.11646779040628442,0.5446511676720712,0.96425644365423,0.8818551424480984,-0.0675031379141101,0.3754238024864318,0.22843117809070046,0.6551889912285006,-0.3895323082701867,0.041054310525904227,0.8608011453833065,1.18770843965971,1.1482995552614015,0.22570226795896778,-0.5892568139740777,0.2247862474698217,-0.4194008220350217,0.028469648884860296,-0.04105904351514409,0.42799519961826915,0.6406240726525699,-0.1629968366090419,-0.07639966350995119,-0.28708333828187355,0.008135739352004802,0.5281575091431288,0.770770541893495,1.1170924095935137,-0.05924801474239681,-0.2900883232983121,-0.2955781683826058,-0.3888554871521795,-0.41265547100857053,-0.2943754514063852,-0.3658086479243954,-0.16209288333514058,0.399931507946359,0.35434580885804934,0.08632282403578564,-0.22559453904033924,0.5449215208897721,1.1227307914744915,1.3016263541781348,0.20090432700850336,0.9989187709831968,1.5112004740662026,0.42033946735152133,0.7785667831207204,0.5331876653061604,-0.23657207930514282,-0.7376951317802901,0.7376951317802901,-0.4820426798824101,-0.3075623426146228,0.6158384251930635,-0.13085598064755344,-0.2359813632291101,-0.2662958158485814,-0.19611613513818404,-0.19300937626135234,-0.12168146174384352,-0.06715342778730747,-0.03352007615769955,0.5449249778098338,-0.21680296415038888,-0.5118980953829163,0.8505317485662419,-0.40583972495671383,-0.16278112867447064,-1.2316448970959013,-0.1699069165076462,-0.2081478487327801,1.4322604033532795,-0.7376951317802901,0.7376951317802901,-0.7376951317802901,0.7376951317802901,-0.7376951317802901,0.7376951317802901,-0.7376951317802901,0.7376951317802901,-0.4820426798824101,-0.3075623426146228,0.6158384251930635,-0.4820426798824101,-0.3075623426146228,0.6158384251930635,-0.4820426798824101,-0.3075623426146228,0.6158384251930635,-0.13085598064755344,-0.2359813632291101,-0.2662958158485814,-0.19611613513818404,-0.19300937626135234,-0.12168146174384352,-0.06715342778730747,-0.03352007615769955,0.5449249778098338,-0.13085598064755344,-0.2359813632291101,-0.2662958158485814,-0.19611613513818404,-0.19300937626135234,-0.12168146174384352,-0.06715342778730747,-0.03352007615769955,0.5449249778098338,-0.21680296415038888,-0.5118980953829163,0.8505317485662419,-0.40583972495671383,-0.16278112867447064
0,0.5831824573890563,0.8273772438659699,0.4327933656785018,0.7676298785983874,-0.15672881902005725,0.5446511676720712,0.96425644365423,0.8818551424480984,0.48939774987729867,0.5831824573890563,0.8273772438659699,0.4327933656785018,0.7676298785983874,-0.15672881902005725,0.5446511676720712,0.96425644365423,0.8818551424480984,0.48939774987729867,0.38045042440859994,1.0420265700607187,0.6569220844605331,0.977340383800827,-0.0012425574703045937,0.8642833394505521,1.191662829701457,1.1520243452923697,0.7723951998934752,0.8635041745453002,0.5387118689362969,0.9889639986931354,0.41544840031751534,0.7925352191037062,1.3577269342345568,1.6365294418285616,0.8103958002452226,-0.07639966350995119,0.2184329747796864,-0.017165984077790217,0.5281575091431288,0.770770541893495,1.1170924095935137,0.048706956904792466,0.07498045644575013,0.045746140543500825,0.9624460102277982,1.4694387837410756,1.2031936272409431,0.26748572765974243,-0.1678777526892653,0.32287264876924127,0.27337779058586986,0.041073804956809734,-0.14258789689586887,0.5449215208897721,1.1227307914744915,1.3016263541781348,0.7393377686336078,0.9989187709831968,1.5112004740662026,1.0640991990364888,0.7785667831207204,1.227734755639185,0.08106764742915833,-0.7376951317802901,0.7376951317802901,-0.4820426798824101,-0.3075623426146228,0.6158384251930635,-0.13085598064755344,-0.2359813632291101,-0.2662958158485814,-0.19611613513818404,-0.19300937626135234,-0.12168146174384352,-0.06715342778730747,-0.03352007615769955,0.5449249778098338,-0.21680296415038888,-0.5118980953829163,0.8505317485662419,-0.40583972495671383,-0.16278112867447064,-1.2316448970959013,-0.1699069165076462,-0.2081478487327801,1.4322604033532795,-0.7376951317802901,0.7376951317802901,-0.7376951317802901,0.7376951317802901,-0.7376951317802901,0.7376951317802901,-0.7376951317802901,0.7376951317802901,-0.4820426798824101,-0.3075623426146228,0.6158384251930635,-0.4820426798824101,-0.3075623426146228,0.6158384251930635,-0.4820426798824101,-0.3075623426146228,0.6158384251930635,-0.13085598064755344,-0.2359813632291101,-0.2662958158485814,-0.19611613513818404,-0.19300937626135234,-0.12168146174384352,-0.06715342778730747,-0.03352007615769955,0.5449249778098338,-0.13085598064755344,-0.2359813632291101,-0.2662958158485814,-0.19611613513818404,-0.19300937626135234,-0.12168146174384352,-0.06715342778730747,-0.03352007615769955,0.5449249778098338,-0.21680296415038888,-0.5118980953829163,0.8505317485662419,-0.40583972495671383,-0.16278112867447064
1,0.5870703404383166,-0.3693648410115938,-0.47454519624983954,-0.4736736092984604,0.02444580974192045,0.5446511676720712,-0.5095104222433947,-0.497228546751122,0.48939774987729867,0.5870703404383166,-0.3693648410115938,-0.47454519624983954,-0.4736736092984604,0.02444580974192045,0.5446511676720712,-0.5095104222433947,-0.497228546751122,0.48939774987729867,0.3854854873415526,0.23387328773598487,-0.3760014818308347,-0.3895323082701867,0.19453462655674428,0.8677655335177977,-0.05487135509566504,-0.11493637809845353,0.7751378065754209,-0.5892568139740777,-0.4030649954631285,-0.4194008220350217,0.29935477488771883,-0.04105904351514409,-0.5569533474872684,-0.4975534921199921,0.2263602181326639,-0.2328872501475753,-0.28708333828187355,-0.32078666523533045,-0.39610534423349997,-0.38113017778990566,-0.3694246287326534,-0.2751579580367754,-0.2900883232983121,-0.2955781683826058,-0.3888554871521795,-0.41265547100857053,-0.2943754514063852,-0.3658086479243954,-0.13820137290260545,0.6696375150662711,-0.06992400759384458,-0.1819392176467144,-0.030528930000833853,0.5449215208897721,-0.14575511629852972,-0.07507948397468743,0.7393377686336078,-0.7538678336953983,-0.5628147359378447,0.04111021931238319,-0.714793108726999,0.0370826007825713,0.08106764742915833,1.3555735383351193,-1.3555735383351195,-0.4820426798824101,-0.3075623426146228,0.6158384251930635,-0.13085598064755344,-0.2359813632291101,-0.2662958158485814,-0.19611613513818404,-0.19300937626135234,-0.12168146174384352,-0.06715342778730747,-0.03352007615769955,0.5449249778098338,-0.21680296415038888,1.9535138126504805,-1.175735064194511,-0.40583972495671383,-0.16278112867447064,0.8119223343984152,-0.1699069165076462,-0.2081478487327801,-0.6981970580620328,1.3555735383351193,-1.3555735383351195,1.3555735383351193,-1.3555735383351195,1.3555735383351193,-1.3555735383351195,1.3555735383351193,-1.3555735383351195,-0.4820426798824101,-0.3075623426146228,0.6158384251930635,-0.4820426798824101,-0.3075623426146228,0.6158384251930635,-0.4820426798824101,-0.3075623426146228,0.6158384251930635,-0.13085598064755344,-0.2359813632291101,-0.2662958158485814,-0.19611613513818404,-0.19300937626135234,-0.12168146174384352,-0.06715342778730747,-0.03352007615769955,0.5449249778098338,-0.13085598064755344,-0.2359813632291101,-0.2662958158485814,-0.19611613513818404,-0.19300937626135234,-0.12168146174384352,-0.06715342778730747,-0.03352007615769955,0.5449249778098338,-0.21680296415038888,1.9535138126504805,-1.175735064194511,-0.40583972495671383,-0.16278112867447064
0,0.5909582234875771,0.8273772438659699,-0.47454519624983954,-0.4736736092984604,-0.6398611623853311,0.5446511676720712,0.96425644365423,1.5713969870477085,1.0462986376687076,0.5909582234875771,0.8273772438659699,-0.47454519624983954,-0.4736736092984604,-0.6398611623853311,0.5446511676720712,0.96425644365423,1.5713969870477085,1.0462986376687076,0.3905289912852897,1.0501897345286455,-0.3760014818308347,-0.3895323082701867,-0.5201228317565575,0.8712477275850433,1.1995716097849514,1.7958809077883364,1.3245733451918738,0.8635041745453002,-0.4030649954631285,-0.4194008220350217,-0.9776751048400428,0.7925352191037062,1.3577269342345568,2.490162615407983,1.3944313823577814,-0.2328872501475753,-0.28708333828187355,-0.32078666523533045,-0.39610534423349997,-0.38113017778990566,-0.3694246287326534,-0.2751579580367754,-0.2900883232983121,-0.2955781683826058,-0.3888554871521795,-0.41265547100857053,-0.2943754514063852,-0.3658086479243954,-0.20119860016902374,-0.6018336613561719,-0.698238428680284,-0.5019144239909011,-0.44141180861596224,0.5449215208897721,1.1227307914744915,1.9899792732545456,1.2777712102587122,0.9989187709831968,2.2533667439297993,1.7078589307214564,1.973254696598896,2.7160499492099524,0.52576326485718,-0.7376951317802901,0.7376951317802901,-0.4820426798824101,-0.3075623426146228,0.6158384251930635,-0.13085598064755344,-0.2359813632291101,-0.2662958158485814,-0.19611613513818404,-0.19300937626135234,-0.12168146174384352,-0.06715342778730747,-0.03352007615769955,0.5449249778098338,-0.21680296415038888,-0.5118980953829163,0.8505317485662419,-0.40583972495671383,-0.16278112867447064,0.8119223343984152,-0.1699069165076462,-0.2081478487327801,-0.6981970580620328,-0.7376951317802901,0.7376951317802901,-0.7376951317802901,0.7376951317802901,-0.7376951317802901,0.7376951317802901,-0.7376951317802901,0.7376951317802901,-0.4820426798824101,-0.3075623426146228,0.6158384251930635,-0.4820426798824101,-0.3075623426146228,0.6158384251930635,-0.4820426798824101,-0.3075623426146228,0.6158384251930635,-0.13085598064755344,-0.2359813632291101,-0.2662958158485814,-0.19611613513818404,-0.19300937626135234,-0.12168146174384352,-0.06715342778730747,-0.03352007615769955,0.5449249778098338,-0.13085598064755344,-0.2359813632291101,-0.2662958158485814,-0.19611613513818404,-0.19300937626135234,-0.12168146174384352,-0.06715342778730747,-0.03352007615769955,0.5449249778098338,-0.21680296415038888,-0.5118980953829163,0.8505317485662419,-0.40583972495671383,-0.16278112867447064
0,0.5948461065368374,0.8273772438659699,-0.47454519624983954,-0.4736736092984604,-0.4989475622371262,0.5446511676720712,-1.1168810094012038,0.8818551424480984,-0.6244040257055189,0.5948461065368374,0.8273772438659699,-0.47454519624983954,-0.4736736092984604,-0.4989475622371262,0.5446511676720712,-1.1168810094012038,0.8818551424480984,-0.6244040257055189,0.39558093623981133,1.0542713167626088,-0.3760014818308347,-0.3895323082701867,-0.36802097283022517,0.8747299216522888,-0.5682311589422621,1.163198715385275,-0.314591248384333,0.8635041745453002,-0.4030649954631285,-0.4194008220350217,-0.571347415835755,0.7925352191037062,-0.7285731700889909,1.6365294418285616,-0.3576753639798948,-0.2328872501475753,-0.28708333828187355,-0.32078666523533045,-0.39610534423349997,-0.38113017778990566,-0.3694246287326534,-0.2751579580367754,-0.2900883232983121,-0.2955781683826058,-0.3888554871521795,-0.41265547100857053,-0.2943754514063852,-0.3658086479243954,-0.19836401418550262,-0.33212765423625973,-0.626822817058193,-0.34354285721448546,-0.4123594838653976,0.5449215208897721,-0.6685250661686233,1.3016263541781348,-0.337529114616601,-1.1087392780725651,-0.4317741425429881,-0.7049484103449949,0.7785667831207204,-0.16135942502686434,-0.4271559153457235,-0.7376951317802901,0.7376951317802901,2.0745051044939435,-0.3075623426146228,-1.6238025415294657,-0.13085598064755344,-0.2359813632291101,-0.2662958158485814,-0.19611613513818404,-0.19300937626135234,-0.12168146174384352,-0.06715342778730747,-0.03352007615769955,0.5449249778098338,-0.21680296415038888,-0.5118980953829163,0.8505317485662419,-0.40583972495671383,-0.16278112867447064,0.8119223343984152,-0.1699069165076462,-0.2081478487327801,-0.6981970580620328,-0.7376951317802901,0.7376951317802901,-0.7376951317802901,0.7376951317802901,-0.7376951317802901,0.7376951317802901,-0.7376951317802901,0.7376951317802901,2.0745051044939435,-0.3075623426146228,-1.6238025415294657,2.0745051044939435,-0.3075623426146228,-1.6238025415294657,2.0745051044939435,-0.3075623426146228,-1.6238025415294657,-0.13085598064755344,-0.2359813632291101,-0.2662958158485814,-0.19611613513818404,-0.19300937626135234,-0.12168146174384352,-0.06715342778730747,-0.03352007615769955,0.5449249778098338,-0.13085598064755344,-0.2359813632291101,-0.2662958158485814,-0.19611613513818404,-0.19300937626135234,-0.12168146174384352,-0.06715342778730747,-0.03352007615769955,0.5449249778098338,-0.21680296415038888,-0.5118980953829163,0.8505317485662419,-0.40583972495671383,-0.16278112867447064
1,0.5987339895860978,-1.5661069258891576,0.4327933656785018,-0.4736736092984604,0.4874476388003079,-1.9265985531848488,-1.1168810094012038,1.5713969870477085,-0.0675031379141101,0.5987339895860978,-1.5661069258891576,0.4327933656785018,-0.4736736092984604,0.4874476388003079,-1.9265985531848488,-1.1168810094012038,1.5713969870477085,-0.0675031379141101,0.40064132220511744,-0.5742799945887491,0.6638544573886631,-0.3895323082701867,0.6987234501239025,-1.1657739876577418,-0.5672346272623996,1.8054589392965408,0.23484429023212008,-1.4609134070857044,-0.0891393739966534,-0.4194008220350217,0.1058653991713913,-1.6901616971772877,-1.1971699031058678,-0.07073690533028135,-0.5523538913507477,-0.07639966350995119,-0.28708333828187355,0.3876615907989301,-0.3760523040221727,-0.09084380059842266,1.5418115634009901,-0.05924801474239681,-0.2900883232983121,-0.2955781683826058,-0.3888554871521795,-0.41265547100857053,-0.2943754514063852,-0.3658086479243954,-0.019785097223672273,-0.5550207843807237,-0.1269135357035568,1.1270502628522316,0.023425387393071893,-1.8437381397128192,-1.2589233365057262,-1.0404028083599504,-0.8525985804709908,-1.1087392780725651,-0.24474347742487473,-0.5427168246715761,1.973254696598896,0.9300717169250317,-0.23657207930514282,-0.7376951317802901,0.7376951317802901,2.0745051044939435,-0.3075623426146228,-1.6238025415294657,7.64198926981712,-0.2359813632291101,-0.2662958158485814,-0.19611613513818404,-0.19300937626135234,-0.12168146174384352,-0.06715342778730747,-0.03352007615769955,-1.8351149988007645,-0.21680296415038888,-0.5118980953829163,-1.175735064194511,-0.40583972495671383,6.1432182473669785,-1.2316448970959013,-0.1699069165076462,-0.2081478487327801,1.4322604033532795,-0.7376951317802901,0.7376951317802901,-0.7376951317802901,0.7376951317802901,-0.7376951317802901,0.7376951317802901,-0.7376951317802901,0.7376951317802901,2.0745051044939435,-0.3075623426146228,-1.6238025415294657,2.0745051044939435,-0.3075623426146228,-1.6238025415294657,2.0745051044939435,-0.3075623426146228,-1.6238025415294657,7.64198926981712,-0.2359813632291101,-0.2662958158485814,-0.19611613513818404,-0.19300937626135234,-0.12168146174384352,-0.06715342778730747,-0.03352007615769955,-1.8351149988007645,7.64198926981712,-0.2359813632291101,-0.2662958158485814,-0.19611613513818404,-0.19300937626135234,-0.12168146174384352,-0.06715342778730747,-0.03352007615769955,-1.8351149988007645,-0.21680296415038888,-0.5118980953829163,-1.175735064194511,-0.40583972495671383,6.1432182473669785
1,0.6026218726353582,-0.3693648410115938,1.340131927606843,0.7676298785983874,-0.09633727609939802,0.5446511676720712,-0.5095104222433947,-0.497228546751122,-0.0675031379141101,0.6026218726353582,-0.3693648410115938,1.340131927606843,0.7676298785983874,-0.09633727609939802,0.5446511676720712,-0.5095104222433947,-0.497228546751122,-0.0675031379141101,0.40571014918120807,0.2447575070265537,1.7071765830722259,0.9888074365866576,0.0685146270551753,0.88169430978678,-0.04743227784216951,-0.10855102375965055,0.23667269468675056,-0.5892568139740777,0.8526374904027719,0.5195090584504164,0.0671675240281258,-0.04105904351514409,-0.5569533474872684,-0.4975534921199921,-0.1629968366090419,0.39306309640292114,0.7239492878412465,0.36235986736913506,1.4524203625197576,0.7023591026827634,0.9047328326897756,0.15666192855198174,0.07498045644575013,0.08841167915926415,0.9624460102277982,0.4725028221561908,0.34743986801389837,0.056387602465029836,-0.15902690257745447,0.4384609375349179,-0.18416299324592447,-0.24011652789111199,-0.2172938748258922,0.5449215208897721,-0.14575511629852972,-0.07507948397468743,0.20090432700850336,-0.7538678336953983,-0.5628147359378447,-0.26165318579788244,-0.714793108726999,-0.26058043793158214,-0.23657207930514282,1.3555735383351193,-1.3555735383351195,-0.4820426798824101,-0.3075623426146228,0.6158384251930635,-0.13085598064755344,-0.2359813632291101,-0.2662958158485814,-0.19611613513818404,-0.19300937626135234,-0.12168146174384352,-0.06715342778730747,-0.03352007615769955,0.5449249778098338,-0.21680296415038888,-0.5118980953829163,-1.175735064194511,2.4640269015229057,-0.16278112867447064,-1.2316448970959013,-0.1699069165076462,-0.2081478487327801,1.4322604033532795,1.3555735383351193,-1.3555735383351195,1.3555735383351193,-1.3555735383351195,1.3555735383351193,-1.3555735383351195,1.3555735383351193,-1.3555735383351195,-0.4820426798824101,-0.3075623426146228,0.6158384251930635,-0.4820426798824101,-0.3075623426146228,0.6158384251930635,-0.4820426798824101,-0.3075623426146228,0.6158384251930635,-0.13085598064755344,-0.2359813632291101,-0.2662958158485814,-0.19611613513818404,-0.19300937626135234,-0.12168146174384352,-0.06715342778730747,-0.03352007615769955,0.5449249778098338,-0.13085598064755344,-0.2359813632291101,-0.2662958158485814,-0.19611613513818404,-0.19300937626135234,-0.12168146174384352,-0.06715342778730747,-0.03352007615769955,0.5449249778098338,-0.21680296415038888,-0.5118980953829163,-1.175735064194511,2.4640269015229057,-0.16278112867447064
0,0.6065097556846185,0.8273772438659699,-0.47454519624983954,-0.4736736092984604,-0.4989475622371262,0.5446511676720712,0.96425644365423,0.5370842201482933,-0.6244040257055189,0.6065097556846185,0.8273772438659699,-0.47454519624983954,-0.4736736092984604,-0.4989475622371262,0.5446511676720712,0.96425644365423,0.5370842201482933,-0.6244040257055189,0.41078741716808315,1.0665160634644986,-0.3760014818308347,-0.3895323082701867,-0.3672591939040499,0.8851765038540256,1.2153891699519401,0.8540411428148977,-0.3118486417023873,0.8635041745453002,-0.4030649954631285,-0.4194008220350217,-0.571347415835755,0.7925352191037062,1.3577269342345568,1.209712855038851,-0.3576753639798948,-0.2328872501475753,-0.28708333828187355,-0.32078666523533045,-0.39610534423349997,-0.38113017778990566,-0.3694246287326534,-0.2751579580367754,-0.2900883232983121,-0.2955781683826058,-0.3888554871521795,-0.41265547100857053,-0.2943754514063852,-0.3658086479243954,-0.19836401418550262,-0.33212765423625973,-0.41485036472765574,-0.36616736675397343,-0.4123594838653976,0.5449215208897721,1.1227307914744915,0.9574498946399291,-0.337529114616601,0.9989187709831968,1.1401173391344044,-0.22342026433344614,0.29322481827021163,-0.26058043793158214,-0.4271559153457235,-0.7376951317802901,0.7376951317802901,-0.4820426798824101,-0.3075623426146228,0.6158384251930635,-0.13085598064755344,-0.2359813632291101,-0.2662958158485814,-0.19611613513818404,-0.19300937626135234,-0.12168146174384352,-0.06715342778730747,-0.03352007615769955,0.5449249778098338,-0.21680296415038888,-0.5118980953829163,0.8505317485662419,-0.40583972495671383,-0.16278112867447064,0.8119223343984152,-0.1699069165076462,-0.2081478487327801,-0.6981970580620328,-0.7376951317802901,0.7376951317802901,-0.7376951317802901,0.7376951317802901,-0.7376951317802901,0.7376951317802901,-0.7376951317802901,0.7376951317802901,-0.4820426798824101,-0.3075623426146228,0.6158384251930635,-0.4820426798824101,-0.3075623426146228,0.6158384251930635,-0.4820426798824101,-0.3075623426146228,0.6158384251930635,-0.13085598064755344,-0.2359813632291101,-0.2662958158485814,-0.19611613513818404,-0.19300937626135234,-0.12168146174384352,-0.06715342778730747,-0.03352007615769955,0.5449249778098338,-0.13085598064755344,-0.2359813632291101,-0.2662958158485814,-0.19611613513818404,-0.19300937626135234,-0.12168146174384352,-0.06715342778730747,-0.03352007615769955,0.5449249778098338,-0.21680296415038888,-0.5118980953829163,0.8505317485662419,-0.40583972495671383,-0.16278112867447064
0,0.610397638733879,-1.5661069258891576,-0.47454519624983954,-0.4736736092984604,0.20562043850389816,0.5446511676720712,0.96425644365423,-0.1524576244513169,-0.0675031379141101,0.610397638733879,-1.5661069258891576,-0.47454519624983954,-0.4736736092984604,0.20562043850389816,0.5446511676720712,0.96425644365423,-0.1524576244513169,-0.0675031379141101,0.4158731261657428,-0.5701984123547857,-0.3760014818308347,-0.3895323082701867,0.39858255321083913,0.8886586979212711,1.2193435599936875,0.21550570893460036,0.24032950359601146,-1.4609134070857044,-0.4030649954631285,-0.4194008220350217,-0.16501972683146723,-0.8746533061339944,-0.5017365349980186,-0.7820978833131326,-0.5523538913507477,-0.2328872501475753,-0.28708333828187355,-0.32078666523533045,-0.39610534423349997,-0.38113017778990566,-0.3694246287326534,-0.2751579580367754,-0.2900883232983121,-0.2955781683826058,-0.3888554871521795,-0.41265547100857053,-0.2943754514063852,-0.3658086479243954,-0.09915350476226353,1.016402381363301,1.0020899550354851,0.041073804956809734,-0.09278391160918664,0.5449215208897721,1.1227307914744915,0.2690969755635181,0.20090432700850336,0.9989187709831968,0.3979510692708079,0.42033946735152133,-0.45345512765364804,-0.06213841212214652,-0.23657207930514282,-0.7376951317802901,0.7376951317802901,-0.4820426798824101,-0.3075623426146228,0.6158384251930635,-0.13085598064755344,-0.2359813632291101,-0.2662958158485814,-0.19611613513818404,-0.19300937626135234,-0.12168146174384352,-0.06715342778730747,-0.03352007615769955,0.5449249778098338,-0.21680296415038888,-0.5118980953829163,0.8505317485662419,-0.40583972495671383,-0.16278112867447064,0.8119223343984152,-0.1699069165076462,-0.2081478487327801,-0.6981970580620328,-0.7376951317802901,0.7376951317802901,-0.7376951317802901,0.7376951317802901,-0.7376951317802901,0.7376951317802901,-0.7376951317802901,0.7376951317802901,-0.4820426798824101,-0.3075623426146228,0.6158384251930635,-0.4820426798824101,-0.3075623426146228,0.6158384251930635,-0.4820426798824101,-0.3075623426146228,0.6158384251930635,-0.13085598064755344,-0.2359813632291101,-0.2662958158485814,-0.19611613513818404,-0.19300937626135234,-0.12168146174384352,-0.06715342778730747,-0.03352007615769955,0.5449249778098338,-0.13085598064755344,-0.2359813632291101,-0.2662958158485814,-0.19611613513818404,-0.19300937626135234,-0.12168146174384352,-0.06715342778730747,-0.03352007615769955,0.5449249778098338,-0.21680296415038888,-0.5118980953829163,0.8505317485662419,-0.40583972495671383,-0.16278112867447064
0,0.6142855217831393,0.8273772438659699,-0.47454519624983954,-0.4736736092984604,-0.4788170479302398,0.5446511676720712,0.96425644365423,1.2266260647479035,-0.6244040257055189,0.6142855217831393,0.8273772438659699,-0.47454519624983954,-0.4736736092984604,-0.4788170479302398,0.5446511676720712,0.96425644365423,1.2266260647479035,-0.6244040257055189,0.4209672761741869,1.0746792279324253,-0.3760014818308347,-0.3895323082701867,-0.34484112836231995,0.8921408919885166,1.2232979500354346,1.5032188339265333,-0.31002023724775685,0.8635041745453002,-0.4030649954631285,-0.4194008220350217,-0.5133006031208568,0.7925352191037062,1.3577269342345568,2.0633460286182723,-0.3576753639798948,-0.2328872501475753,-0.28708333828187355,-0.32078666523533045,-0.39610534423349997,-0.38113017778990566,-0.3694246287326534,-0.2751579580367754,-0.2900883232983121,-0.2955781683826058,-0.3888554871521795,-0.41265547100857053,-0.2943754514063852,-0.3658086479243954,-0.1974962837823839,-0.29359822464770086,-0.374366355591566,-0.2950617653441542,-0.40820915175817407,0.5449215208897721,1.1227307914744915,1.64580281371634,-0.337529114616601,0.9989187709831968,1.8822836089980008,-0.22342026433344614,1.3385767425636153,-0.06213841212214652,-0.4271559153457235,-0.7376951317802901,0.7376951317802901,-0.4820426798824101,-0.3075623426146228,0.6158384251930635,-0.13085598064755344,-0.2359813632291101,-0.2662958158485814,-0.19611613513818404,-0.19300937626135234,-0.12168146174384352,-0.06715342778730747,-0.03352007615769955,0.5449249778098338,-0.21680296415038888,-0.5118980953829163,0.8505317485662419,-0.40583972495671383,-0.16278112867447064,0.8119223343984152,-0.1699069165076462,-0.2081478487327801,-0.6981970580620328,-0.7376951317802901,0.7376951317802901,-0.7376951317802901,0.7376951317802901,-0.7376951317802901,0.7376951317802901,-0.7376951317802901,0.7376951317802901,-0.4820426798824101,-0.3075623426146228,0.6158384251930635,-0.4820426798824101,-0.3075623426146228,0.6158384251930635,-0.4820426798824101,-0.3075623426146228,0.6158384251930635,-0.13085598064755344,-0.2359813632291101,-0.2662958158485814,-0.19611613513818404,-0.19300937626135234,-0.12168146174384352,-0.06715342778730747,-0.03352007615769955,0.5449249778098338,-0.13085598064755344,-0.2359813632291101,-0.2662958158485814,-0.19611613513818404,-0.19300937626135234,-0.12168146174384352,-0.06715342778730747,-0.03352007615769955,0.5449249778098338,-0.21680296415038888,-0.5118980953829163,0.8505317485662419,-0.40583972495671383,-0.16278112867447064
1,0.6181734048323997,-1.5661069258891576,-0.47454519624983954,-0.4736736092984604,-0.11646779040628442,0.5446511676720712,-1.1168810094012038,0.5370842201482933,-0.6244040257055189,0.6181734048323997,-1.5661069258891576,-0.47454519624983954,-0.4736736092984604,-0.11646779040628442,0.5446511676720712,-1.1168810094012038,0.5370842201482933,-0.6244040257055189,0.4260698671934155,-0.5674773575321436,-0.3760014818308347,-0.3895323082701867,0.0504858591356935,0.8956230860557622,-0.5622519688630873,0.8636191743231022,-0.3091060350204416,-1.4609134070857044,-0.4030649954631285,-0.4194008220350217,-0.4746027279775913,-0.8746533061339944,-1.1971699031058678,-0.4975534921199921,-0.7470324187216006,-0.2328872501475753,-0.28708333828187355,-0.32078666523533045,-0.39610534423349997,-0.38113017778990566,-0.3694246287326534,-0.2751579580367754,-0.2900883232983121,-0.2955781683826058,-0.3888554871521795,-0.41265547100857053,-0.2943754514063852,-0.3658086479243954,-0.16209288333514058,0.399931507946359,-0.4329804426553749,0.002288931460544671,-0.33350317382815076,0.5449215208897721,-0.6685250661686233,0.9574498946399291,-0.337529114616601,-1.1087392780725651,-0.5252894751020448,-0.7049484103449949,0.29322481827021163,-0.26058043793158214,-0.4271559153457235,-0.7376951317802901,0.7376951317802901,2.0745051044939435,-0.3075623426146228,-1.6238025415294657,-0.13085598064755344,-0.2359813632291101,-0.2662958158485814,-0.19611613513818404,-0.19300937626135234,-0.12168146174384352,-0.06715342778730747,-0.03352007615769955,0.5449249778098338,-0.21680296415038888,-0.5118980953829163,0.8505317485662419,-0.40583972495671383,-0.16278112867447064,0.8119223343984152,-0.1699069165076462,-0.2081478487327801,-0.6981970580620328,-0.7376951317802901,0.7376951317802901,-0.7376951317802901,0.7376951317802901,-0.7376951317802901,0.7376951317802901,-0.7376951317802901,0.7376951317802901,2.0745051044939435,-0.3075623426146228,-1.6238025415294657,2.0745051044939435,-0.3075623426146228,-1.6238025415294657,2.0745051044939435,-0.3075623426146228,-1.6238025415294657,-0.13085598064755344,-0.2359813632291101,-0.2662958158485814,-0.19611613513818404,-0.19300937626135234,-0.12168146174384352,-0.06715342778730747,-0.03352007615769955,0.5449249778098338,-0.13085598064755344,-0.2359813632291101,-0.2662958158485814,-0.19611613513818404,-0.19300937626135234,-0.12168146174384352,-0.06715342778730747,-0.03352007615769955,0.5449249778098338,-0.21680296415038888,-0.5118980953829163,0.8505317485662419,-0.40583972495671383,-0.16278112867447064
0,0.62206128788166,0.8273772438659699,0.4327933656785018,-0.4736736092984604,-0.33790344778203496,0.5446511676720712,0.96425644365423,0.8818551424480984,-0.0675031379141101,0.62206128788166,0.8273772438659699,0.4327933656785018,-0.4736736092984604,-0.33790344778203496,0.5446511676720712,0.96425644365423,0.8818551424480984,-0.0675031379141101,0.4311808992234286,1.0828423924003518,0.674253016780858,-0.3895323082701867,-0.19038138228354026,0.8991052801230077,1.2312067301189291,1.189272245602054,0.24581471695990284,0.8635041745453002,0.5387118689362969,-0.4194008220350217,-0.10697291411656897,0.7925352191037062,1.3577269342345568,1.6365294418285616,0.2263602181326639,-0.07639966350995119,-0.28708333828187355,-0.1310237395118678,0.5281575091431288,0.770770541893495,1.1170924095935137,-0.05924801474239681,-0.2900883232983121,-0.2955781683826058,-0.3888554871521795,-0.41265547100857053,-0.2943754514063852,-0.3658086479243954,-0.1881826441222431,-0.023892217527788678,-0.09097829163893781,-0.16254678089858185,-0.31690184539925664,0.5449215208897721,1.1227307914744915,1.3016263541781348,0.20090432700850336,0.9989187709831968,1.5112004740662026,0.42033946735152133,0.7785667831207204,0.5331876653061604,-0.23657207930514282,-0.7376951317802901,0.7376951317802901,-0.4820426798824101,-0.3075623426146228,0.6158384251930635,-0.13085598064755344,-0.2359813632291101,-0.2662958158485814,-0.19611613513818404,-0.19300937626135234,-0.12168146174384352,-0.06715342778730747,-0.03352007615769955,0.5449249778098338,-0.21680296415038888,-0.5118980953829163,0.8505317485662419,-0.40583972495671383,-0.16278112867447064,-1.2316448970959013,-0.1699069165076462,-0.2081478487327801,1.4322604033532795,-0.7376951317802901,0.7376951317802901,-0.7376951317802901,0.7376951317802901,-0.7376951317802901,0.7376951317802901,-0.7376951317802901,0.7376951317802901,-0.4820426798824101,-0.3075623426146228,0.6158384251930635,-0.4820426798824101,-0.3075623426146228,0.6158384251930635,-0.4820426798824101,-0.3075623426146228,0.6158384251930635,-0.13085598064755344,-0.2359813632291101,-0.2662958158485814,-0.19611613513818404,-0.19300937626135234,-0.12168146174384352,-0.06715342778730747,-0.03352007615769955,0.5449249778098338,-0.13085598064755344,-0.2359813632291101,-0.2662958158485814,-0.19611613513818404,-0.19300937626135234,-0.12168146174384352,-0.06715342778730747,-0.03352007615769955,0.5449249778098338,-0.21680296415038888,-0.5118980953829163,0.8505317485662419,-0.40583972495671383,-0.16278112867447064
0,0.6259491709309204,0.8273772438659699,-0.47454519624983954,-0.4736736092984604,-0.4989475622371262,0.5446511676720712,0.96425644365423,0.19231329784848822,-0.6244040257055189,0.6259491709309204,0.8273772438659699,-0.47454519624983954,-0.4736736092984604,-0.4989475622371262,0.5446511676720712,0.96425644365423,0.19231329784848822,-0.6244040257055189,0.4363003722642262,1.0869239746343151,-0.3760014818308347,-0.3895323082701867,-0.3659895623604244,0.9025874741902533,1.2351611201606763,0.5470120216907881,-0.30727763056581114,0.8635041745453002,-0.4030649954631285,-0.4194008220350217,-0.571347415835755,0.7925352191037062,1.3577269342345568,0.7828962682491402,-0.3576753639798948,-0.2328872501475753,-0.28708333828187355,-0.32078666523533045,-0.39610534423349997,-0.38113017778990566,-0.3694246287326534,-0.2751579580367754,-0.2900883232983121,-0.2955781683826058,-0.3888554871521795,-0.41265547100857053,-0.2943754514063852,-0.3658086479243954,-0.19836401418550262,-0.33212765423625973,-0.41485036472765574,-0.3887918762934614,-0.4123594838653976,0.5449215208897721,1.1227307914744915,0.6132734351017236,-0.337529114616601,0.9989187709831968,0.7690342042026062,-0.22342026433344614,-0.1174491519879112,-0.3598014508363,-0.4271559153457235,-0.7376951317802901,0.7376951317802901,-0.4820426798824101,-0.3075623426146228,0.6158384251930635,-0.13085598064755344,-0.2359813632291101,-0.2662958158485814,-0.19611613513818404,-0.19300937626135234,-0.12168146174384352,-0.06715342778730747,-0.03352007615769955,0.5449249778098338,-0.21680296415038888,-0.5118980953829163,0.8505317485662419,-0.40583972495671383,-0.16278112867447064,0.8119223343984152,-0.1699069165076462,-0.2081478487327801,-0.6981970580620328,-0.7376951317802901,0.7376951317802901,-0.7376951317802901,0.7376951317802901,-0.7376951317802901,0.7376951317802901,-0.7376951317802901,0.7376951317802901,-0.4820426798824101,-0.3075623426146228,0.6158384251930635,-0.4820426798824101,-0.3075623426146228,0.6158384251930635,-0.4820426798824101,-0.3075623426146228,0.6158384251930635,-0.13085598064755344,-0.2359813632291101,-0.2662958158485814,-0.19611613513818404,-0.19300937626135234,-0.12168146174384352,-0.06715342778730747,-0.03352007615769955,0.5449249778098338,-0.13085598064755344,-0.2359813632291101,-0.2662958158485814,-0.19611613513818404,-0.19300937626135234,-0.12168146174384352,-0.06715342778730747,-0.03352007615769955,0.5449249778098338,-0.21680296415038888,-0.5118980953829163,0.8505317485662419,-0.40583972495671383,-0.16278112867447064
1,0.6298370539801809,-1.5661069258891576,-0.47454519624983954,-0.4736736092984604,-0.03594573317873878,0.5446511676720712,0.96425644365423,-0.1524576244513169,-0.6244040257055189,0.6298370539801809,-1.5661069258891576,-0.47454519624983954,-0.4736736092984604,-0.03594573317873878,0.5446511676720712,0.96425644365423,-0.1524576244513169,-0.6244040257055189,0.4414282863158083,-0.5633957752981803,-0.3760014818308347,-0.3895323082701867,0.14153657840712072,0.9060696682574989,1.2391155102024234,0.22614796616593866,-0.3063634283384959,-1.4609134070857044,-0.4030649954631285,-0.4194008220350217,-0.3972069776910602,-0.8746533061339944,-0.5017365349980186,-0.7820978833131326,-0.7470324187216006,-0.2328872501475753,-0.28708333828187355,-0.32078666523533045,-0.39610534423349997,-0.38113017778990566,-0.3694246287326534,-0.2751579580367754,-0.2900883232983121,-0.2955781683826058,-0.3888554871521795,-0.41265547100857053,-0.2943754514063852,-0.3658086479243954,-0.1491347759819012,0.5540492263005946,0.5162818454024083,-0.11406568902825052,-0.31690184539925664,0.5449215208897721,1.1227307914744915,0.2690969755635181,-0.337529114616601,0.9989187709831968,0.3979510692708079,-0.22342026433344614,-0.45345512765364804,-0.4590224637410178,-0.4271559153457235,-0.7376951317802901,0.7376951317802901,-0.4820426798824101,-0.3075623426146228,0.6158384251930635,-0.13085598064755344,-0.2359813632291101,-0.2662958158485814,-0.19611613513818404,-0.19300937626135234,-0.12168146174384352,-0.06715342778730747,-0.03352007615769955,0.5449249778098338,-0.21680296415038888,-0.5118980953829163,0.8505317485662419,-0.40583972495671383,-0.16278112867447064,0.8119223343984152,-0.1699069165076462,-0.2081478487327801,-0.6981970580620328,-0.7376951317802901,0.7376951317802901,-0.7376951317802901,0.7376951317802901,-0.7376951317802901,0.7376951317802901,-0.7376951317802901,0.7376951317802901,-0.4820426798824101,-0.3075623426146228,0.6158384251930635,-0.4820426798824101,-0.3075623426146228,0.6158384251930635,-0.4820426798824101,-0.3075623426146228,0.6158384251930635,-0.13085598064755344,-0.2359813632291101,-0.2662958158485814,-0.19611613513818404,-0.19300937626135234,-0.12168146174384352,-0.06715342778730747,-0.03352007615769955,0.5449249778098338,-0.13085598064755344,-0.2359813632291101,-0.2662958158485814,-0.19611613513818404,-0.19300937626135234,-0.12168146174384352,-0.06715342778730747,-0.03352007615769955,0.5449249778098338,-0.21680296415038888,-0.5118980953829163,0.8505317485662419,-0.40583972495671383,-0.16278112867447064
1,0.6337249370294412,-0.3693648410115938,0.4327933656785018,2.0089333664952354,0.18548992419701174,0.5446511676720712,-1.3133832581875537,-0.841999469050927,1.0462986376687076,0.6337249370294412,-0.3693648410115938,0.4327933656785018,2.0089333664952354,0.18548992419701174,0.5446511676720712,-1.3133832581875537,-0.841999469050927,1.0462986376687076,0.4465646413781749,0.2665259456076913,0.6794522964769556,2.4038417503581604,0.38563231146585925,0.9095518623247445,-0.7283490452875506,-0.41983704777629555,1.364798243193744,-0.5892568139740777,0.2247862474698217,1.4584189389358544,0.6089377760338429,-0.04105904351514409,-1.0941980095448343,-0.7820978833131326,0.6157172728743697,-0.07639966350995119,0.7239492878412465,0.19789866507546744,0.5281575091431288,-0.17219794452469814,0.055294525074822944,0.15666192855198174,1.1701867956779368,0.8706132204482585,2.313747507607776,0.27009461177380517,0.5613783078206596,1.3229763536333055,-0.10395494632618706,0.9778729517747422,-0.39717516330708363,-0.23688445509975656,0.23924265696869487,0.5449215208897721,-0.8376565205383595,-0.41925594351289297,1.2777712102587122,-1.177626087863427,-0.9517670426962143,-0.4001183608312462,-0.9014630952079639,-0.06213841212214652,0.52576326485718,1.3555735383351193,-1.3555735383351195,2.0745051044939435,-0.3075623426146228,-1.6238025415294657,-0.13085598064755344,-0.2359813632291101,-0.2662958158485814,-0.19611613513818404,-0.19300937626135234,-0.12168146174384352,-0.06715342778730747,-0.03352007615769955,0.5449249778098338,-0.21680296415038888,-0.5118980953829163,-1.175735064194511,2.4640269015229057,-0.16278112867447064,-1.2316448970959013,-0.1699069165076462,-0.2081478487327801,1.4322604033532795,1.3555735383351193,-1.3555735383351195,1.3555735383351193,-1.3555735383351195,1.3555735383351193,-1.3555735383351195,1.3555735383351193,-1.3555735383351195,2.0745051044939435,-0.3075623426146228,-1.6238025415294657,2.0745051044939435,-0.3075623426146228,-1.6238025415294657,2.0745051044939435,-0.3075623426146228,-1.6238025415294657,-0.13085598064755344,-0.2359813632291101,-0.2662958158485814,-0.19611613513818404,-0.19300937626135234,-0.12168146174384352,-0.06715342778730747,-0.03352007615769955,0.5449249778098338,-0.13085598064755344,-0.2359813632291101,-0.2662958158485814,-0.19611613513818404,-0.19300937626135234,-0.12168146174384352,-0.06715342778730747,-0.03352007615769955,0.5449249778098338,-0.21680296415038888,-0.5118980953829163,-1.175735064194511,2.4640269015229057,-0.16278112867447064
1,0.6376128200787016,-1.5661069258891576,-0.47454519624983954,-0.4736736092984604,2.4401075265682897,-1.747233654090395,-0.5095104222433947,1.2266260647479035,0.48939774987729867,0.6376128200787016,-1.5661069258891576,-0.47454519624983954,-0.4736736092984604,2.4401075265682897,-1.747233654090395,-0.5095104222433947,1.2266260647479035,0.48939774987729867,0.451709437451326,-0.560674720475538,-0.3760014818308347,-0.3895323082701867,2.8654403672881843,-1.014192088123009,-0.03069435402180456,1.5287602512817453,0.8107916934407148,-1.4609134070857044,-0.4030649954631285,-0.4194008220350217,1.9827123436197682,-1.6309715720209197,-0.9942108085507874,-0.2130091009268516,-0.3576753639798948,-0.2328872501475753,-0.28708333828187355,-0.32078666523533045,-0.39610534423349997,-0.38113017778990566,-0.3694246287326534,-0.2751579580367754,-0.2900883232983121,-0.2955781683826058,-0.3888554871521795,-0.41265547100857053,-0.2943754514063852,-0.3658086479243954,1.1529814669380338,-0.05535411861193735,2.214855705447753,3.454142672628135,1.463590628599633,-1.8243260033503432,-1.1676099405747105,-0.8523616263242837,-0.7262207115293983,-0.7538678336953983,0.3097964882597226,0.04111021931238319,1.3385767425636153,1.5253977943533386,0.08106764742915833,1.3555735383351193,-1.3555735383351195,-0.4820426798824101,-0.3075623426146228,0.6158384251930635,-0.13085598064755344,-0.2359813632291101,3.755222352305419,-0.19611613513818404,-0.19300937626135234,-0.12168146174384352,-0.06715342778730747,-0.03352007615769955,-1.8351149988007645,-0.21680296415038888,1.9535138126504805,-1.175735064194511,-0.40583972495671383,-0.16278112867447064,0.8119223343984152,-0.1699069165076462,-0.2081478487327801,-0.6981970580620328,1.3555735383351193,-1.3555735383351195,1.3555735383351193,-1.3555735383351195,1.3555735383351193,-1.3555735383351195,1.3555735383351193,-1.3555735383351195,-0.4820426798824101,-0.3075623426146228,0.6158384251930635,-0.4820426798824101,-0.3075623426146228,0.6158384251930635,-0.4820426798824101,-0.3075623426146228,0.6158384251930635,-0.13085598064755344,-0.2359813632291101,3.755222352305419,-0.19611613513818404,-0.19300937626135234,-0.12168146174384352,-0.06715342778730747,-0.03352007615769955,-1.8351149988007645,-0.13085598064755344,-0.2359813632291101,3.755222352305419,-0.19611613513818404,-0.19300937626135234,-0.12168146174384352,-0.06715342778730747,-0.03352007615769955,-1.8351149988007645,-0.21680296415038888,1.9535138126504805,-1.175735064194511,-0.40583972495671383,-0.16278112867447064
0,0.6415007031279619,0.8273772438659699,0.4327933656785018,5.73284383018578,-0.01581521887185237,0.5446511676720712,-0.5095104222433947,0.8818551424480984,2.717001301042934,0.6415007031279619,0.8273772438659699,0.4327933656785018,5.73284383018578,-0.01581521887185237,0.5446511676720712,-0.5095104222433947,0.8818551424480984,2.717001301042934,0.4568626745352616,1.1032503035701684,0.6829184829410205,6.616836943872341,0.166965484466591,0.9165162504592356,-0.02883458470843068,1.2078961957568959,3.047844543681082,0.8635041745453002,0.5387118689362969,6.622423281605764,0.8217760893218031,0.7925352191037062,-0.11969588642374947,1.6365294418285616,3.1465381286954575,-0.07639966350995119,2.240498227025926,0.07139004792649235,0.5281575091431288,0.16061446244642888,1.1170924095935137,0.4805268434935496,8.836631170303242,1.908807993431833,6.367651999747709,4.0131359948152365,7.193469941830257,7.022625733890546,-0.1456060056758851,0.5925786558891535,-0.10800366947787121,0.1994453717332254,0.45921025865154136,0.5449215208897721,-0.14575511629852972,1.3016263541781348,2.8930715351340255,-0.7538678336953983,0.13527424342020916,1.2521638397534456,0.7785667831207204,4.0059231169712834,2.6221854613035673,1.3555735383351193,-1.3555735383351195,-0.4820426798824101,-0.3075623426146228,0.6158384251930635,-0.13085598064755344,-0.2359813632291101,-0.2662958158485814,-0.19611613513818404,-0.19300937626135234,-0.12168146174384352,-0.06715342778730747,-0.03352007615769955,0.5449249778098338,-0.21680296415038888,-0.5118980953829163,-1.175735064194511,2.4640269015229057,-0.16278112867447064,-1.2316448970959013,5.885575587824865,-0.2081478487327801,-0.6981970580620328,1.3555735383351193,-1.3555735383351195,1.3555735383351193,-1.3555735383351195,1.3555735383351193,-1.3555735383351195,1.3555735383351193,-1.3555735383351195,-0.4820426798824101,-0.3075623426146228,0.6158384251930635,-0.4820426798824101,-0.3075623426146228,0.6158384251930635,-0.4820426798824101,-0.3075623426146228,0.6158384251930635,-0.13085598064755344,-0.2359813632291101,-0.2662958158485814,-0.19611613513818404,-0.19300937626135234,-0.12168146174384352,-0.06715342778730747,-0.03352007615769955,0.5449249778098338,-0.13085598064755344,-0.2359813632291101,-0.2662958158485814,-0.19611613513818404,-0.19300937626135234,-0.12168146174384352,-0.06715342778730747,-0.03352007615769955,0.5449249778098338,-0.21680296415038888,-0.5118980953829163,-1.175735064194511,2.4640269015229057,-0.16278112867447064
0,0.6453885861772223,0.8273772438659699,-0.47454519624983954,-0.4736736092984604,-0.4989475622371262,0.5446511676720712,0.96425644365423,0.5370842201482933,-0.6244040257055189,0.6453885861772223,0.8273772438659699,-0.47454519624983954,-0.4736736092984604,-0.4989475622371262,0.5446511676720712,0.96425644365423,0.5370842201482933,-0.6244040257055189,0.46202435262998165,1.1073318858041317,-0.3760014818308347,-0.3895323082701867,-0.3647199308167989,0.9199984445264812,1.2549330703694122,0.8859679145089125,-0.302706619429235,0.8635041745453002,-0.4030649954631285,-0.4194008220350217,-0.571347415835755,0.7925352191037062,1.3577269342345568,1.209712855038851,-0.3576753639798948,-0.2328872501475753,-0.28708333828187355,-0.32078666523533045,-0.39610534423349997,-0.38113017778990566,-0.3694246287326534,-0.2751579580367754,-0.2900883232983121,-0.2955781683826058,-0.3888554871521795,-0.41265547100857053,-0.2943754514063852,-0.3658086479243954,-0.19836401418550262,-0.33212765423625973,-0.41485036472765574,-0.36616736675397343,-0.4123594838653976,0.5449215208897721,1.1227307914744915,0.9574498946399291,-0.337529114616601,0.9989187709831968,1.1401173391344044,-0.22342026433344614,0.29322481827021163,-0.26058043793158214,-0.4271559153457235,-0.7376951317802901,0.7376951317802901,-0.4820426798824101,-0.3075623426146228,0.6158384251930635,-0.13085598064755344,-0.2359813632291101,-0.2662958158485814,-0.19611613513818404,-0.19300937626135234,-0.12168146174384352,-0.06715342778730747,-0.03352007615769955,0.5449249778098338,-0.21680296415038888,-0.5118980953829163,0.8505317485662419,-0.40583972495671383,-0.16278112867447064,0.8119223343984152,-0.1699069165076462,-0.2081478487327801,-0.6981970580620328,-0.7376951317802901,0.7376951317802901,-0.7376951317802901,0.7376951317802901,-0.7376951317802901,0.7376951317802901,-0.7376951317802901,0.7376951317802901,-0.4820426798824101,-0.3075623426146228,0.6158384251930635,-0.4820426798824101,-0.3075623426146228,0.6158384251930635,-0.4820426798824101,-0.3075623426146228,0.6158384251930635,-0.13085598064755344,-0.2359813632291101,-0.2662958158485814,-0.19611613513818404,-0.19300937626135234,-0.12168146174384352,-0.06715342778730747,-0.03352007615769955,0.5449249778098338,-0.13085598064755344,-0.2359813632291101,-0.2662958158485814,-0.19611613513818404,-0.19300937626135234,-0.12168146174384352,-0.06715342778730747,-0.03352007615769955,0.5449249778098338,-0.21680296415038888,-0.5118980953829163,0.8505317485662419,-0.40583972495671383,-0.16278112867447064
1,0.6492764692264827,0.8273772438659699,0.4327933656785018,-0.4736736092984604,-0.33790344778203496,0.5446511676720712,-1.5500791487711116,-0.497228546751122,-0.0675031379141101,0.6492764692264827,0.8273772438659699,0.4327933656785018,-0.4736736092984604,-0.33790344778203496,0.5446511676720712,-1.5500791487711116,-0.497228546751122,-0.0675031379141101,0.4671944717354863,1.111413468038095,0.6863846694050856,-0.3895323082701867,-0.18657248765266382,0.9234806385937266,-0.9316986339993565,-0.08939496074324163,0.2586135481423161,0.8635041745453002,0.5387118689362969,-0.4194008220350217,-0.10697291411656897,0.7925352191037062,-1.1628459385855234,-0.07073690533028135,0.2263602181326639,-0.07639966350995119,-0.28708333828187355,-0.1310237395118678,0.5281575091431288,-0.27019270879953,0.2676541019785611,-0.05924801474239681,-0.2900883232983121,-0.2955781683826058,-0.3888554871521795,-0.41265547100857053,-0.2943754514063852,-0.3658086479243954,-0.1881826441222431,-0.023892217527788678,-0.6397543063328027,-0.3564711483799072,-0.31690184539925664,0.5449215208897721,-1.0413830451200872,-0.07507948397468743,0.20090432700850336,-1.2307930204368625,-0.9791664394969569,-0.7431813318094311,-0.714793108726999,-0.26058043793158214,-0.23657207930514282,1.3555735383351193,-1.3555735383351195,-0.4820426798824101,3.2513733362117265,-1.6238025415294657,-0.13085598064755344,-0.2359813632291101,-0.2662958158485814,-0.19611613513818404,-0.19300937626135234,-0.12168146174384352,-0.06715342778730747,-0.03352007615769955,0.5449249778098338,-0.21680296415038888,1.9535138126504805,-1.175735064194511,-0.40583972495671383,-0.16278112867447064,-1.2316448970959013,-0.1699069165076462,-0.2081478487327801,1.4322604033532795,1.3555735383351193,-1.3555735383351195,1.3555735383351193,-1.3555735383351195,1.3555735383351193,-1.3555735383351195,1.3555735383351193,-1.3555735383351195,-0.4820426798824101,3.2513733362117265,-1.6238025415294657,-0.4820426798824101,3.2513733362117265,-1.6238025415294657,-0.4820426798824101,3.2513733362117265,-1.6238025415294657,-0.13085598064755344,-0.2359813632291101,-0.2662958158485814,-0.19611613513818404,-0.19300937626135234,-0.12168146174384352,-0.06715342778730747,-0.03352007615769955,0.5449249778098338,-0.13085598064755344,-0.2359813632291101,-0.2662958158485814,-0.19611613513818404,-0.19300937626135234,-0.12168146174384352,-0.06715342778730747,-0.03352007615769955,0.5449249778098338,-0.21680296415038888,1.9535138126504805,-1.175735064194511,-0.40583972495671383,-0.16278112867447064
0,0.6531643522757431,0.8273772438659699,-0.47454519624983954,-0.4736736092984604,-0.4989475622371262,0.5446511676720712,-1.5366812681720423,0.8818551424480984,-0.6244040257055189,0.6531643522757431,0.8273772438659699,-0.47454519624983954,-0.4736736092984604,-0.4989475622371262,0.5446511676720712,-1.5366812681720423,0.8818551424480984,-0.6244040257055189,0.47237303185177537,1.1154950502720582,-0.3760014818308347,-0.3895323082701867,-0.3642120781993487,0.9269628326609722,-0.9196260018012775,1.2190705658498011,-0.30087821497460454,0.8635041745453002,-0.4030649954631285,-0.4194008220350217,-0.571347415835755,0.7925352191037062,-1.1494148220340843,1.6365294418285616,-0.3576753639798948,-0.2328872501475753,-0.28708333828187355,-0.32078666523533045,-0.39610534423349997,-0.38113017778990566,-0.3694246287326534,-0.2751579580367754,-0.2900883232983121,-0.2955781683826058,-0.3888554871521795,-0.41265547100857053,-0.2943754514063852,-0.3658086479243954,-0.19836401418550262,-0.33212765423625973,-0.6695812087300181,-0.34354285721448546,-0.4123594838653976,0.5449215208897721,-1.0298513550494233,1.3016263541781348,-0.337529114616601,-1.2286533543751765,-0.8237046446057863,-0.8020806973086978,0.7785667831207204,-0.16135942502686434,-0.4271559153457235,-0.7376951317802901,0.7376951317802901,-0.4820426798824101,3.2513733362117265,-1.6238025415294657,-0.13085598064755344,-0.2359813632291101,-0.2662958158485814,-0.19611613513818404,-0.19300937626135234,-0.12168146174384352,-0.06715342778730747,-0.03352007615769955,0.5449249778098338,-0.21680296415038888,-0.5118980953829163,0.8505317485662419,-0.40583972495671383,-0.16278112867447064,0.8119223343984152,-0.1699069165076462,-0.2081478487327801,-0.6981970580620328,-0.7376951317802901,0.7376951317802901,-0.7376951317802901,0.7376951317802901,-0.7376951317802901,0.7376951317802901,-0.7376951317802901,0.7376951317802901,-0.4820426798824101,3.2513733362117265,-1.6238025415294657,-0.4820426798824101,3.2513733362117265,-1.6238025415294657,-0.4820426798824101,3.2513733362117265,-1.6238025415294657,-0.13085598064755344,-0.2359813632291101,-0.2662958158485814,-0.19611613513818404,-0.19300937626135234,-0.12168146174384352,-0.06715342778730747,-0.03352007615769955,0.5449249778098338,-0.13085598064755344,-0.2359813632291101,-0.2662958158485814,-0.19611613513818404,-0.19300937626135234,-0.12168146174384352,-0.06715342778730747,-0.03352007615769955,0.5449249778098338,-0.21680296415038888,-0.5118980953829163,0.8505317485662419,-0.40583972495671383,-0.16278112867447064
0,0.6570522353250035,0.8273772438659699,-0.47454519624983954,-0.4736736092984604,-0.4788170479302398,0.5446511676720712,0.96425644365423,0.5370842201482933,-0.6244040257055189,0.6570522353250035,0.8273772438659699,-0.47454519624983954,-0.4736736092984604,-0.4788170479302398,0.5446511676720712,0.96425644365423,0.5370842201482933,-0.6244040257055189,0.4775600329788489,1.1195766325060217,-0.3760014818308347,-0.3895323082701867,-0.3416489119097759,0.9304450267282178,1.2667962404946538,0.895545946017117,-0.2999640127472893,0.8635041745453002,-0.4030649954631285,-0.4194008220350217,-0.5133006031208568,0.7925352191037062,1.3577269342345568,1.209712855038851,-0.3576753639798948,-0.2328872501475753,-0.28708333828187355,-0.32078666523533045,-0.39610534423349997,-0.38113017778990566,-0.3694246287326534,-0.2751579580367754,-0.2900883232983121,-0.2955781683826058,-0.3888554871521795,-0.41265547100857053,-0.2943754514063852,-0.3658086479243954,-0.1974962837823839,-0.29359822464770086,-0.374366355591566,-0.3467749300058409,-0.40820915175817407,0.5449215208897721,1.1227307914744915,0.9574498946399291,-0.337529114616601,0.9989187709831968,1.1401173391344044,-0.22342026433344614,0.29322481827021163,-0.26058043793158214,-0.4271559153457235,-0.7376951317802901,0.7376951317802901,-0.4820426798824101,-0.3075623426146228,0.6158384251930635,-0.13085598064755344,-0.2359813632291101,-0.2662958158485814,-0.19611613513818404,-0.19300937626135234,-0.12168146174384352,-0.06715342778730747,-0.03352007615769955,0.5449249778098338,-0.21680296415038888,-0.5118980953829163,0.8505317485662419,-0.40583972495671383,-0.16278112867447064,0.8119223343984152,-0.1699069165076462,-0.2081478487327801,-0.6981970580620328,-0.7376951317802901,0.7376951317802901,-0.7376951317802901,0.7376951317802901,-0.7376951317802901,0.7376951317802901,-0.7376951317802901,0.7376951317802901,-0.4820426798824101,-0.3075623426146228,0.6158384251930635,-0.4820426798824101,-0.3075623426146228,0.6158384251930635,-0.4820426798824101,-0.3075623426146228,0.6158384251930635,-0.13085598064755344,-0.2359813632291101,-0.2662958158485814,-0.19611613513818404,-0.19300937626135234,-0.12168146174384352,-0.06715342778730747,-0.03352007615769955,0.5449249778098338,-0.13085598064755344,-0.2359813632291101,-0.2662958158485814,-0.19611613513818404,-0.19300937626135234,-0.12168146174384352,-0.06715342778730747,-0.03352007615769955,0.5449249778098338,-0.21680296415038888,-0.5118980953829163,0.8505317485662419,-0.40583972495671383,-0.16278112867447064
1,0.6609401183742638,-0.3693648410115938,0.4327933656785018,2.0089333664952354,0.6686222675622856,0.5446511676720712,-0.5095104222433947,-0.497228546751122,1.6031995254601163,0.6609401183742638,-0.3693648410115938,0.4327933656785018,2.0089333664952354,0.6686222675622856,0.5446511676720712,-0.5095104222433947,-0.497228546751122,1.6031995254601163,0.482755475116707,0.28557332936618673,0.691583949101183,2.435949498158486,0.9323356541509906,0.9339272207954634,-0.019535738141561263,-0.0846059449891394,1.953544477584752,-0.5892568139740777,0.2247862474698217,1.4584189389358544,1.5376867794722149,-0.04105904351514409,-0.5569533474872684,-0.4975534921199921,1.0050743276160756,-0.07639966350995119,0.7239492878412465,0.5015193462330078,0.5281575091431288,0.16061446244642888,0.2676541019785611,0.264616900199171,1.1701867956779368,1.5532618383004717,2.313747507607776,1.3576611153209521,0.989255187434182,1.7451726040227307,0.043212130042746016,1.9025792619001554,0.5393505825505814,0.12833977032340613,0.9074461262316814,0.5449215208897721,-0.14575511629852972,-0.07507948397468743,1.8162046518838164,-0.7538678336953983,-0.5628147359378447,0.6466370295329145,-0.714793108726999,0.6324086782108782,1.097514772978922,1.3555735383351193,-1.3555735383351195,-0.4820426798824101,-0.3075623426146228,0.6158384251930635,-0.13085598064755344,-0.2359813632291101,-0.2662958158485814,-0.19611613513818404,-0.19300937626135234,-0.12168146174384352,-0.06715342778730747,-0.03352007615769955,0.5449249778098338,-0.21680296415038888,1.9535138126504805,-1.175735064194511,-0.40583972495671383,-0.16278112867447064,-1.2316448970959013,-0.1699069165076462,-0.2081478487327801,1.4322604033532795,1.3555735383351193,-1.3555735383351195,1.3555735383351193,-1.3555735383351195,1.3555735383351193,-1.3555735383351195,1.3555735383351193,-1.3555735383351195,-0.4820426798824101,-0.3075623426146228,0.6158384251930635,-0.4820426798824101,-0.3075623426146228,0.6158384251930635,-0.4820426798824101,-0.3075623426146228,0.6158384251930635,-0.13085598064755344,-0.2359813632291101,-0.2662958158485814,-0.19611613513818404,-0.19300937626135234,-0.12168146174384352,-0.06715342778730747,-0.03352007615769955,0.5449249778098338,-0.13085598064755344,-0.2359813632291101,-0.2662958158485814,-0.19611613513818404,-0.19300937626135234,-0.12168146174384352,-0.06715342778730747,-0.03352007615769955,0.5449249778098338,-0.21680296415038888,1.9535138126504805,-1.175735064194511,-0.40583972495671383,-0.16278112867447064
0,0.6648280014235242,0.8273772438659699,0.4327933656785018,0.7676298785983874,-0.35803396208892135,0.5446511676720712,0.96425644365423,0.5370842201482933,0.48939774987729867,0.6648280014235242,0.8273772438659699,0.4327933656785018,0.7676298785983874,-0.35803396208892135,0.5446511676720712,0.96425644365423,0.5370842201482933,0.48939774987729867,0.4879593582653496,1.1277397969739482,0.6933170423332156,1.0255020055013158,-0.2067777667897893,0.9374094148627089,1.2747050205781483,0.9019313003559201,0.8299899402143346,0.8635041745453002,0.5387118689362969,0.9889639986931354,-0.16501972683146723,0.7925352191037062,1.3577269342345568,1.209712855038851,0.8103958002452226,-0.07639966350995119,0.2184329747796864,-0.1436746012267653,0.5281575091431288,0.770770541893495,0.9047328326897756,0.048706956904792466,0.07498045644575013,-0.0964723215090436,0.9624460102277982,1.4694387837410756,0.989255187434182,0.26748572765974243,-0.18986025623493927,-0.06242164711634756,-0.13146230077502755,-0.23042030951704573,-0.2670978601125744,0.5449215208897721,1.1227307914744915,0.9574498946399291,0.7393377686336078,0.9989187709831968,1.1401173391344044,1.0640991990364888,0.29322481827021163,0.9300717169250317,0.08106764742915833,-0.7376951317802901,0.7376951317802901,-0.4820426798824101,-0.3075623426146228,0.6158384251930635,-0.13085598064755344,-0.2359813632291101,-0.2662958158485814,-0.19611613513818404,-0.19300937626135234,-0.12168146174384352,-0.06715342778730747,-0.03352007615769955,0.5449249778098338,-0.21680296415038888,-0.5118980953829163,0.8505317485662419,-0.40583972495671383,-0.16278112867447064,-1.2316448970959013,-0.1699069165076462,-0.2081478487327801,1.4322604033532795,-0.7376951317802901,0.7376951317802901,-0.7376951317802901,0.7376951317802901,-0.7376951317802901,0.7376951317802901,-0.7376951317802901,0.7376951317802901,-0.4820426798824101,-0.3075623426146228,0.6158384251930635,-0.4820426798824101,-0.3075623426146228,0.6158384251930635,-0.4820426798824101,-0.3075623426146228,0.6158384251930635,-0.13085598064755344,-0.2359813632291101,-0.2662958158485814,-0.19611613513818404,-0.19300937626135234,-0.12168146174384352,-0.06715342778730747,-0.03352007615769955,0.5449249778098338,-0.13085598064755344,-0.2359813632291101,-0.2662958158485814,-0.19611613513818404,-0.19300937626135234,-0.12168146174384352,-0.06715342778730747,-0.03352007615769955,0.5449249778098338,-0.21680296415038888,-0.5118980953829163,0.8505317485662419,-0.40583972495671383,-0.16278112867447064
0,0.6687158844727845,0.8273772438659699,0.4327933656785018,-0.4736736092984604,-0.3177729334751485,0.5446511676720712,-0.5095104222433947,-0.1524576244513169,-0.0675031379141101,0.6687158844727845,0.8273772438659699,0.4327933656785018,-0.4736736092984604,-0.3177729334751485,0.5446511676720712,-0.5095104222433947,-0.1524576244513169,-0.0675031379141101,0.49317168242477666,1.1318213792079115,0.695050135565248,-0.3895323082701867,-0.16143378308887932,0.9408916089299545,-0.015816199514813497,0.24743248062861523,0.2677555704154684,0.8635041745453002,0.5387118689362969,-0.4194008220350217,-0.04892610140167071,0.7925352191037062,-0.11969588642374947,0.3560796814594294,0.2263602181326639,-0.07639966350995119,-0.28708333828187355,-0.1183728777969703,0.5281575091431288,0.16061446244642888,0.48001367888229923,-0.05924801474239681,-0.2900883232983121,-0.2955781683826058,-0.3888554871521795,-0.41265547100857053,-0.2943754514063852,-0.3658086479243954,-0.18638933462246443,0.014637212060770205,-0.3936011336080709,-0.2950617653441542,-0.3086011811848096,0.5449215208897721,-0.14575511629852972,0.2690969755635181,0.20090432700850336,-0.7538678336953983,-0.3882924910983312,-0.26165318579788244,-0.45345512765364804,-0.06213841212214652,-0.23657207930514282,1.3555735383351193,-1.3555735383351195,-0.4820426798824101,-0.3075623426146228,0.6158384251930635,-0.13085598064755344,-0.2359813632291101,-0.2662958158485814,-0.19611613513818404,-0.19300937626135234,-0.12168146174384352,-0.06715342778730747,-0.03352007615769955,0.5449249778098338,-0.21680296415038888,-0.5118980953829163,-1.175735064194511,2.4640269015229057,-0.16278112867447064,-1.2316448970959013,-0.1699069165076462,-0.2081478487327801,1.4322604033532795,1.3555735383351193,-1.3555735383351195,1.3555735383351193,-1.3555735383351195,1.3555735383351193,-1.3555735383351195,1.3555735383351193,-1.3555735383351195,-0.4820426798824101,-0.3075623426146228,0.6158384251930635,-0.4820426798824101,-0.3075623426146228,0.6158384251930635,-0.4820426798824101,-0.3075623426146228,0.6158384251930635,-0.13085598064755344,-0.2359813632291101,-0.2662958158485814,-0.19611613513818404,-0.19300937626135234,-0.12168146174384352,-0.06715342778730747,-0.03352007615769955,0.5449249778098338,-0.13085598064755344,-0.2359813632291101,-0.2662958158485814,-0.19611613513818404,-0.19300937626135234,-0.12168146174384352,-0.06715342778730747,-0.03352007615769955,0.5449249778098338,-0.21680296415038888,-0.5118980953829163,-1.175735064194511,2.4640269015229057,-0.16278112867447064
1,0.672603767522045,-0.3693648410115938,1.340131927606843,0.7676298785983874,0.14522889558323893,-1.9290897323389384,-0.5095104222433947,-1.5315413136505371,1.0462986376687076,0.672603767522045,-0.3693648410115938,1.340131927606843,0.7676298785983874,0.14522889558323893,-1.9290897323389384,-0.5095104222433947,-1.5315413136505371,1.0462986376687076,0.49839244759498824,0.2937364938341133,1.7695679394253958,1.030088826615648,0.3555964566623765,-1.166464245061604,-0.013956430201439614,-1.0679505131647973,1.4013663322863532,-0.5892568139740777,0.8526374904027719,0.5195090584504164,0.5315420257473119,-1.6737199957449633,-0.5569533474872684,-1.3511866656994136,0.6157172728743697,0.39306309640292114,0.7239492878412465,0.6659805485266753,-0.35782226746642065,0.7023591026827634,-0.3694246287326534,0.5884818151407389,0.07498045644575013,0.25907383362231745,-0.3608699531827717,0.4725028221561908,-0.2943754514063852,0.4785838528544551,-0.11321073729278662,-0.5707137374577205,0.044314978058235296,-0.5019144239909011,0.20604000011090673,-1.8438380824646854,-1.2486918994574943,-1.107608862589304,-0.831358602497614,-0.7538678336953983,-1.086381470456385,0.3438736244226488,-1.0507990843927357,-0.855906515359889,0.52576326485718,1.3555735383351193,-1.3555735383351195,-0.4820426798824101,-0.3075623426146228,0.6158384251930635,-0.13085598064755344,-0.2359813632291101,-0.2662958158485814,-0.19611613513818404,-0.19300937626135234,8.218178723930356,-0.06715342778730747,-0.03352007615769955,-1.8351149988007645,-0.21680296415038888,1.9535138126504805,-1.175735064194511,-0.40583972495671383,-0.16278112867447064,-1.2316448970959013,-0.1699069165076462,-0.2081478487327801,1.4322604033532795,1.3555735383351193,-1.3555735383351195,1.3555735383351193,-1.3555735383351195,1.3555735383351193,-1.3555735383351195,1.3555735383351193,-1.3555735383351195,-0.4820426798824101,-0.3075623426146228,0.6158384251930635,-0.4820426798824101,-0.3075623426146228,0.6158384251930635,-0.4820426798824101,-0.3075623426146228,0.6158384251930635,-0.13085598064755344,-0.2359813632291101,-0.2662958158485814,-0.19611613513818404,-0.19300937626135234,8.218178723930356,-0.06715342778730747,-0.03352007615769955,-1.8351149988007645,-0.13085598064755344,-0.2359813632291101,-0.2662958158485814,-0.19611613513818404,-0.19300937626135234,8.218178723930356,-0.06715342778730747,-0.03352007615769955,-1.8351149988007645,-0.21680296415038888,1.9535138126504805,-1.175735064194511,-0.40583972495671383,-0.16278112867447064
0,0.6764916505713053,-0.3693648410115938,-0.47454519624983954,-0.4736736092984604,-0.438556019316467,0.5446511676720712,0.96425644365423,-0.1524576244513169,-0.6244040257055189,0.6764916505713053,-0.3693648410115938,-0.47454519624983954,-0.4736736092984604,-0.438556019316467,0.5446511676720712,0.96425644365423,-0.1524576244513169,-0.6244040257055189,0.5036216537759843,0.2964575486567555,-0.3760014818308347,-0.3895323082701867,-0.2952166726000441,0.9478559970644457,1.28656819070339,0.25168938352115056,-0.29539300161071314,-0.5892568139740777,-0.4030649954631285,-0.4194008220350217,-0.5906963534073878,-0.04105904351514409,0.42799519961826915,-0.2130091009268516,-0.5523538913507477,-0.2328872501475753,-0.28708333828187355,-0.32078666523533045,-0.39610534423349997,-0.38113017778990566,-0.3694246287326534,-0.2751579580367754,-0.2900883232983121,-0.2955781683826058,-0.3888554871521795,-0.41265547100857053,-0.2943754514063852,-0.3658086479243954,-0.19541373081489902,-0.21653936547058308,-0.2933983373193865,-0.3726315123366843,-0.39990848754372704,0.5449215208897721,1.1227307914744915,0.2690969755635181,-0.337529114616601,0.9989187709831968,0.3979510692708079,-0.22342026433344614,-0.45345512765364804,-0.4590224637410178,-0.4271559153457235,-0.7376951317802901,0.7376951317802901,-0.4820426798824101,-0.3075623426146228,0.6158384251930635,-0.13085598064755344,-0.2359813632291101,-0.2662958158485814,-0.19611613513818404,-0.19300937626135234,-0.12168146174384352,-0.06715342778730747,-0.03352007615769955,0.5449249778098338,-0.21680296415038888,-0.5118980953829163,0.8505317485662419,-0.40583972495671383,-0.16278112867447064,0.8119223343984152,-0.1699069165076462,-0.2081478487327801,-0.6981970580620328,-0.7376951317802901,0.7376951317802901,-0.7376951317802901,0.7376951317802901,-0.7376951317802901,0.7376951317802901,-0.7376951317802901,0.7376951317802901,-0.4820426798824101,-0.3075623426146228,0.6158384251930635,-0.4820426798824101,-0.3075623426146228,0.6158384251930635,-0.4820426798824101,-0.3075623426146228,0.6158384251930635,-0.13085598064755344,-0.2359813632291101,-0.2662958158485814,-0.19611613513818404,-0.19300937626135234,-0.12168146174384352,-0.06715342778730747,-0.03352007615769955,0.5449249778098338,-0.13085598064755344,-0.2359813632291101,-0.2662958158485814,-0.19611613513818404,-0.19300937626135234,-0.12168146174384352,-0.06715342778730747,-0.03352007615769955,0.5449249778098338,-0.21680296415038888,-0.5118980953829163,0.8505317485662419,-0.40583972495671383,-0.16278112867447064
0,0.6803795336205657,0.8273772438659699,0.4327933656785018,-0.4736736092984604,-0.35803396208892135,0.5446511676720712,-1.1168810094012038,-0.1524576244513169,-0.0675031379141101,0.6803795336205657,0.8273772438659699,0.4327933656785018,-0.4736736092984604,-0.35803396208892135,0.5446511676720712,-1.1168810094012038,-0.1524576244513169,-0.0675031379141101,0.5088593009677649,1.1440661259098015,0.7002494152613455,-0.3895323082701867,-0.20474635631998853,0.9513381911316912,-0.546307461985288,0.2538178349674182,0.27324078377935973,0.8635041745453002,0.5387118689362969,-0.4194008220350217,-0.16501972683146723,0.7925352191037062,-0.7285731700889909,0.3560796814594294,0.2263602181326639,-0.07639966350995119,-0.28708333828187355,-0.1436746012267653,0.5281575091431288,-0.09084380059842266,0.48001367888229923,-0.05924801474239681,-0.2900883232983121,-0.2955781683826058,-0.3888554871521795,-0.41265547100857053,-0.2943754514063852,-0.3658086479243954,-0.18986025623493927,-0.06242164711634756,-0.5554072054361021,-0.32091834767499755,-0.32520250961370367,0.5449215208897721,-0.6685250661686233,0.2690969755635181,0.20090432700850336,-1.1087392780725651,-0.7123201402201582,-0.5427168246715761,-0.45345512765364804,-0.06213841212214652,-0.23657207930514282,-0.7376951317802901,0.7376951317802901,2.0745051044939435,-0.3075623426146228,-1.6238025415294657,-0.13085598064755344,-0.2359813632291101,-0.2662958158485814,-0.19611613513818404,-0.19300937626135234,-0.12168146174384352,-0.06715342778730747,-0.03352007615769955,0.5449249778098338,-0.21680296415038888,-0.5118980953829163,0.8505317485662419,-0.40583972495671383,-0.16278112867447064,-1.2316448970959013,-0.1699069165076462,-0.2081478487327801,1.4322604033532795,-0.7376951317802901,0.7376951317802901,-0.7376951317802901,0.7376951317802901,-0.7376951317802901,0.7376951317802901,-0.7376951317802901,0.7376951317802901,2.0745051044939435,-0.3075623426146228,-1.6238025415294657,2.0745051044939435,-0.3075623426146228,-1.6238025415294657,2.0745051044939435,-0.3075623426146228,-1.6238025415294657,-0.13085598064755344,-0.2359813632291101,-0.2662958158485814,-0.19611613513818404,-0.19300937626135234,-0.12168146174384352,-0.06715342778730747,-0.03352007615769955,0.5449249778098338,-0.13085598064755344,-0.2359813632291101,-0.2662958158485814,-0.19611613513818404,-0.19300937626135234,-0.12168146174384352,-0.06715342778730747,-0.03352007615769955,0.5449249778098338,-0.21680296415038888,-0.5118980953829163,0.8505317485662419,-0.40583972495671383,-0.16278112867447064
1,0.684267416669826,-1.5661069258891576,0.4327933656785018,-0.4736736092984604,0.40692558157276226,-1.8668102534866975,0.96425644365423,1.2266260647479035,-0.0675031379141101,0.684267416669826,-1.5661069258891576,0.4327933656785018,-0.4736736092984604,0.40692558157276226,-1.8668102534866975,0.96425644365423,1.2266260647479035,-0.0675031379141101,0.5141053891703299,-0.5443483915396848,0.701982508493378,-0.3895323082701867,0.6531618153012282,-1.112847385128759,1.2944769707868842,1.579843085992169,0.2750691882339902,-1.4609134070857044,-0.0891393739966534,-0.4194008220350217,0.028469648884860296,-1.6704316554584984,-0.5017365349980186,-0.2130091009268516,-0.5523538913507477,-0.07639966350995119,-0.28708333828187355,0.3370581439393401,-0.35417626015527026,0.770770541893495,1.3294519864972518,-0.05924801474239681,-0.2900883232983121,-0.2955781683826058,-0.3888554871521795,-0.41265547100857053,-0.2943754514063852,-0.3658086479243954,-0.044775732833491094,-0.5109437248908535,1.4069300463963827,0.8426278572129544,-0.009777269464716258,-1.8399449636419904,-1.163379379720384,-0.9827006405872728,-0.8271106069029386,0.9989187709831968,1.8822836089980008,0.42033946735152133,1.3385767425636153,0.7316296911155961,-0.23657207930514282,-0.7376951317802901,0.7376951317802901,-0.4820426798824101,-0.3075623426146228,0.6158384251930635,-0.13085598064755344,-0.2359813632291101,-0.2662958158485814,5.099019513592785,-0.19300937626135234,-0.12168146174384352,-0.06715342778730747,-0.03352007615769955,-1.8351149988007645,-0.21680296415038888,-0.5118980953829163,0.8505317485662419,-0.40583972495671383,-0.16278112867447064,-1.2316448970959013,-0.1699069165076462,-0.2081478487327801,1.4322604033532795,-0.7376951317802901,0.7376951317802901,-0.7376951317802901,0.7376951317802901,-0.7376951317802901,0.7376951317802901,-0.7376951317802901,0.7376951317802901,-0.4820426798824101,-0.3075623426146228,0.6158384251930635,-0.4820426798824101,-0.3075623426146228,0.6158384251930635,-0.4820426798824101,-0.3075623426146228,0.6158384251930635,-0.13085598064755344,-0.2359813632291101,-0.2662958158485814,5.099019513592785,-0.19300937626135234,-0.12168146174384352,-0.06715342778730747,-0.03352007615769955,-1.8351149988007645,-0.13085598064755344,-0.2359813632291101,-0.2662958158485814,5.099019513592785,-0.19300937626135234,-0.12168146174384352,-0.06715342778730747,-0.03352007615769955,-1.8351149988007645,-0.21680296415038888,-0.5118980953829163,0.8505317485662419,-0.40583972495671383,-0.16278112867447064
1,0.6881552997190864,0.8273772438659699,0.4327933656785018,0.7676298785983874,-0.33790344778203496,0.5446511676720712,-1.1168810094012038,-0.841999469050927,0.48939774987729867,0.6881552997190864,0.8273772438659699,0.4327933656785018,0.7676298785983874,-0.33790344778203496,0.5446511676720712,-1.1168810094012038,-0.841999469050927,0.48939774987729867,0.5193599183836795,1.152229290377728,0.7037156017254105,1.0392624688443124,-0.1811312096085546,0.9583025792661823,-0.5443143986255631,-0.4049378876524219,0.8464455803060088,0.8635041745453002,0.5387118689362969,0.9889639986931354,-0.10697291411656897,0.7925352191037062,-0.7285731700889909,-0.4975534921199921,0.8103958002452226,-0.07639966350995119,0.2184329747796864,-0.1310237395118678,0.5281575091431288,-0.09084380059842266,0.055294525074822944,0.048706956904792466,0.07498045644575013,-0.08225047530378916,0.9624460102277982,0.061644365260601956,0.13350142820713717,0.26748572765974243,-0.1881826441222431,-0.023892217527788678,-0.5452049752043748,-0.4049522402502385,-0.2546468637909039,0.5449215208897721,-0.6685250661686233,-0.41925594351289297,0.7393377686336078,-1.1087392780725651,-0.8993508053382716,-0.38048523899815734,-0.9014630952079639,-0.26058043793158214,0.08106764742915833,-0.7376951317802901,0.7376951317802901,2.0745051044939435,-0.3075623426146228,-1.6238025415294657,-0.13085598064755344,-0.2359813632291101,-0.2662958158485814,-0.19611613513818404,-0.19300937626135234,-0.12168146174384352,-0.06715342778730747,-0.03352007615769955,0.5449249778098338,-0.21680296415038888,-0.5118980953829163,0.8505317485662419,-0.40583972495671383,-0.16278112867447064,-1.2316448970959013,-0.1699069165076462,-0.2081478487327801,1.4322604033532795,-0.7376951317802901,0.7376951317802901,-0.7376951317802901,0.7376951317802901,-0.7376951317802901,0.7376951317802901,-0.7376951317802901,0.7376951317802901,2.0745051044939435,-0.3075623426146228,-1.6238025415294657,2.0745051044939435,-0.3075623426146228,-1.6238025415294657,2.0745051044939435,-0.3075623426146228,-1.6238025415294657,-0.13085598064755344,-0.2359813632291101,-0.2662958158485814,-0.19611613513818404,-0.19300937626135234,-0.12168146174384352,-0.06715342778730747,-0.03352007615769955,0.5449249778098338,-0.13085598064755344,-0.2359813632291101,-0.2662958158485814,-0.19611613513818404,-0.19300937626135234,-0.12168146174384352,-0.06715342778730747,-0.03352007615769955,0.5449249778098338,-0.21680296415038888,-0.5118980953829163,0.8505317485662419,-0.40583972495671383,-0.16278112867447064
0,0.6920431827683469,0.8273772438659699,-0.47454519624983954,-0.4736736092984604,-0.4989475622371262,0.5446511676720712,0.96425644365423,-0.841999469050927,-0.6244040257055189,0.6920431827683469,0.8273772438659699,-0.47454519624983954,-0.4736736092984604,-0.4989475622371262,0.5446511676720712,0.96425644365423,-0.841999469050927,-0.6244040257055189,0.5246228886078135,1.1563108726116913,-0.3760014818308347,-0.3895323082701867,-0.36167281511209776,0.9617847733334278,1.3023857508703787,-0.4038736619292881,-0.29173619270145223,0.8635041745453002,-0.4030649954631285,-0.4194008220350217,-0.571347415835755,0.7925352191037062,1.3577269342345568,-0.4975534921199921,-0.3576753639798948,-0.2328872501475753,-0.28708333828187355,-0.32078666523533045,-0.39610534423349997,-0.38113017778990566,-0.3694246287326534,-0.2751579580367754,-0.2900883232983121,-0.2955781683826058,-0.3888554871521795,-0.41265547100857053,-0.2943754514063852,-0.3658086479243954,-0.19836401418550262,-0.33212765423625973,-0.41485036472765574,-0.45666540491192525,-0.4123594838653976,0.5449215208897721,1.1227307914744915,-0.41925594351289297,-0.337529114616601,0.9989187709831968,-0.34421520059278854,-0.22342026433344614,-0.9014630952079639,-0.6574644895504534,-0.4271559153457235,-0.7376951317802901,0.7376951317802901,-0.4820426798824101,-0.3075623426146228,0.6158384251930635,-0.13085598064755344,-0.2359813632291101,-0.2662958158485814,-0.19611613513818404,-0.19300937626135234,-0.12168146174384352,-0.06715342778730747,-0.03352007615769955,0.5449249778098338,-0.21680296415038888,-0.5118980953829163,0.8505317485662419,-0.40583972495671383,-0.16278112867447064,0.8119223343984152,-0.1699069165076462,-0.2081478487327801,-0.6981970580620328,-0.7376951317802901,0.7376951317802901,-0.7376951317802901,0.7376951317802901,-0.7376951317802901,0.7376951317802901,-0.7376951317802901,0.7376951317802901,-0.4820426798824101,-0.3075623426146228,0.6158384251930635,-0.4820426798824101,-0.3075623426146228,0.6158384251930635,-0.4820426798824101,-0.3075623426146228,0.6158384251930635,-0.13085598064755344,-0.2359813632291101,-0.2662958158485814,-0.19611613513818404,-0.19300937626135234,-0.12168146174384352,-0.06715342778730747,-0.03352007615769955,0.5449249778098338,-0.13085598064755344,-0.2359813632291101,-0.2662958158485814,-0.19611613513818404,-0.19300937626135234,-0.12168146174384352,-0.06715342778730747,-0.03352007615769955,0.5449249778098338,-0.21680296415038888,-0.5118980953829163,0.8505317485662419,-0.40583972495671383,-0.16278112867447064
0,0.6959310658176072,0.8273772438659699,-0.47454519624983954,-0.4736736092984604,-0.3177729334751485,0.5446511676720712,0.96425644365423,-0.841999469050927,-0.0675031379141101,0.6959310658176072,0.8273772438659699,-0.47454519624983954,-0.4736736092984604,-0.3177729334751485,0.5446511676720712,0.96425644365423,-0.841999469050927,-0.0675031379141101,0.5298942998427321,1.1603924548456546,-0.3760014818308347,-0.3895323082701867,-0.1573709621492778,0.9652669674006734,1.3063401409121258,-0.4028094362061543,0.2805544015978816,0.8635041745453002,-0.4030649954631285,-0.4194008220350217,-0.04892610140167071,0.7925352191037062,1.3577269342345568,-0.4975534921199921,0.2263602181326639,-0.2328872501475753,-0.28708333828187355,-0.32078666523533045,-0.39610534423349997,-0.38113017778990566,-0.3694246287326534,-0.2751579580367754,-0.2900883232983121,-0.2955781683826058,-0.3888554871521795,-0.41265547100857053,-0.2943754514063852,-0.3658086479243954,-0.18638933462246443,0.014637212060770205,-0.05049428250284806,-0.39848809466752766,-0.3086011811848096,0.5449215208897721,1.1227307914744915,-0.41925594351289297,0.20090432700850336,0.9989187709831968,-0.34421520059278854,0.42033946735152133,-0.9014630952079639,-0.4590224637410178,-0.23657207930514282,-0.7376951317802901,0.7376951317802901,-0.4820426798824101,-0.3075623426146228,0.6158384251930635,-0.13085598064755344,-0.2359813632291101,-0.2662958158485814,-0.19611613513818404,-0.19300937626135234,-0.12168146174384352,-0.06715342778730747,-0.03352007615769955,0.5449249778098338,-0.21680296415038888,-0.5118980953829163,0.8505317485662419,-0.40583972495671383,-0.16278112867447064,0.8119223343984152,-0.1699069165076462,-0.2081478487327801,-0.6981970580620328,-0.7376951317802901,0.7376951317802901,-0.7376951317802901,0.7376951317802901,-0.7376951317802901,0.7376951317802901,-0.7376951317802901,0.7376951317802901,-0.4820426798824101,-0.3075623426146228,0.6158384251930635,-0.4820426798824101,-0.3075623426146228,0.6158384251930635,-0.4820426798824101,-0.3075623426146228,0.6158384251930635,-0.13085598064755344,-0.2359813632291101,-0.2662958158485814,-0.19611613513818404,-0.19300937626135234,-0.12168146174384352,-0.06715342778730747,-0.03352007615769955,0.5449249778098338,-0.13085598064755344,-0.2359813632291101,-0.2662958158485814,-0.19611613513818404,-0.19300937626135234,-0.12168146174384352,-0.06715342778730747,-0.03352007615769955,0.5449249778098338,-0.21680296415038888,-0.5118980953829163,0.8505317485662419,-0.40583972495671383,-0.16278112867447064
0,0.6998189488668676,-1.5661069258891576,-0.47454519624983954,-0.4736736092984604,0.004315295435034039,-1.8668102534866975,0.96425644365423,1.5713969870477085,-0.6244040257055189,0.6998189488668676,-1.5661069258891576,-0.47454519624983954,-0.4736736092984604,0.004315295435034039,-1.8668102534866975,0.96425644365423,1.5713969870477085,-0.6244040257055189,0.5351741520884351,-0.5389062818944005,-0.3760014818308347,-0.3895323082701867,0.20654171344074523,-1.1122155077043279,1.310294530953873,1.9299733489031987,-0.2899077882468218,-1.4609134070857044,-0.4030649954631285,-0.4194008220350217,-0.3585091025477947,-1.6704316554584984,-0.5017365349980186,-0.07073690533028135,-0.7470324187216006,-0.2328872501475753,-0.28708333828187355,-0.32078666523533045,-0.39610534423349997,-0.38113017778990566,-0.3694246287326534,-0.2751579580367754,-0.2900883232983121,-0.2955781683826058,-0.3888554871521795,-0.41265547100857053,-0.2943754514063852,-0.3658086479243954,-0.14196153798278652,-0.5459013927621298,0.5972498636745878,0.4289225399194604,-0.3086011811848096,-1.8399449636419904,-1.163379379720384,-0.9670871128370189,-0.8515365815723219,0.9989187709831968,2.2533667439297993,-0.22342026433344614,1.973254696598896,0.0370826007825713,-0.4271559153457235,-0.7376951317802901,0.7376951317802901,-0.4820426798824101,-0.3075623426146228,0.6158384251930635,-0.13085598064755344,-0.2359813632291101,-0.2662958158485814,5.099019513592785,-0.19300937626135234,-0.12168146174384352,-0.06715342778730747,-0.03352007615769955,-1.8351149988007645,-0.21680296415038888,-0.5118980953829163,0.8505317485662419,-0.40583972495671383,-0.16278112867447064,0.8119223343984152,-0.1699069165076462,-0.2081478487327801,-0.6981970580620328,-0.7376951317802901,0.7376951317802901,-0.7376951317802901,0.7376951317802901,-0.7376951317802901,0.7376951317802901,-0.7376951317802901,0.7376951317802901,-0.4820426798824101,-0.3075623426146228,0.6158384251930635,-0.4820426798824101,-0.3075623426146228,0.6158384251930635,-0.4820426798824101,-0.3075623426146228,0.6158384251930635,-0.13085598064755344,-0.2359813632291101,-0.2662958158485814,5.099019513592785,-0.19300937626135234,-0.12168146174384352,-0.06715342778730747,-0.03352007615769955,-1.8351149988007645,-0.13085598064755344,-0.2359813632291101,-0.2662958158485814,5.099019513592785,-0.19300937626135234,-0.12168146174384352,-0.06715342778730747,-0.03352007615769955,-1.8351149988007645,-0.21680296415038888,-0.5118980953829163,0.8505317485662419,-0.40583972495671383,-0.16278112867447064
0,0.7037068319161279,-0.3693648410115938,-0.47454519624983954,-0.4736736092984604,-0.3982949907026942,0.5446511676720712,-1.5366812681720423,1.5713969870477085,-0.6244040257055189,0.7037068319161279,-0.3693648410115938,-0.47454519624983954,-0.4736736092984604,-0.3982949907026942,0.5446511676720712,-1.5366812681720423,1.5713969870477085,-0.6244040257055189,0.5404624453449227,0.3155049324152509,-0.3760014818308347,-0.3895323082701867,-0.24718832506404026,0.9722313555351646,-0.9144275339935873,1.9347623646573011,-0.28899358601950653,-0.5892568139740777,-0.4030649954631285,-0.4194008220350217,-0.5133006031208568,-0.04105904351514409,-1.2434326378941583,1.209712855038851,-0.5523538913507477,-0.2328872501475753,-0.28708333828187355,-0.32078666523533045,-0.39610534423349997,-0.38113017778990566,-0.3694246287326534,-0.2751579580367754,-0.2900883232983121,-0.2955781683826058,-0.3888554871521795,-0.41265547100857053,-0.2943754514063852,-0.3658086479243954,-0.19286838829908412,-0.1394805062934653,-0.6491117659083997,-0.1528505625245156,-0.39160782332928,0.5449215208897721,-1.0298513550494233,1.9899792732545456,-0.337529114616601,-1.2286533543751765,-0.7486541229341866,-0.8020806973086978,1.973254696598896,0.0370826007825713,-0.4271559153457235,-0.7376951317802901,0.7376951317802901,-0.4820426798824101,3.2513733362117265,-1.6238025415294657,-0.13085598064755344,-0.2359813632291101,-0.2662958158485814,-0.19611613513818404,-0.19300937626135234,-0.12168146174384352,-0.06715342778730747,-0.03352007615769955,0.5449249778098338,-0.21680296415038888,-0.5118980953829163,-1.175735064194511,-0.40583972495671383,6.1432182473669785,0.8119223343984152,-0.1699069165076462,-0.2081478487327801,-0.6981970580620328,-0.7376951317802901,0.7376951317802901,-0.7376951317802901,0.7376951317802901,-0.7376951317802901,0.7376951317802901,-0.7376951317802901,0.7376951317802901,-0.4820426798824101,3.2513733362117265,-1.6238025415294657,-0.4820426798824101,3.2513733362117265,-1.6238025415294657,-0.4820426798824101,3.2513733362117265,-1.6238025415294657,-0.13085598064755344,-0.2359813632291101,-0.2662958158485814,-0.19611613513818404,-0.19300937626135234,-0.12168146174384352,-0.06715342778730747,-0.03352007615769955,0.5449249778098338,-0.13085598064755344,-0.2359813632291101,-0.2662958158485814,-0.19611613513818404,-0.19300937626135234,-0.12168146174384352,-0.06715342778730747,-0.03352007615769955,0.5449249778098338,-0.21680296415038888,-0.5118980953829163,-1.175735064194511,-0.40583972495671383,6.1432182473669785
1,0.7075947149653883,-1.5661069258891576,-0.47454519624983954,-0.4736736092984604,0.9101884392449225,-1.8668102534866975,-0.5095104222433947,-0.841999469050927,0.48939774987729867,0.7075947149653883,-1.5661069258891576,-0.47454519624983954,-0.4736736092984604,0.9101884392449225,-1.8668102534866975,-0.5095104222433947,-0.841999469050927,0.48939774987729867,0.5457591796121947,-0.5361852270717582,-0.3760014818308347,-0.3895323082701867,1.2340001089164045,-1.1118995689921123,0.0027814936189253345,-0.39961675903675276,0.8601586137157372,-1.4609134070857044,-0.4030649954631285,-0.4194008220350217,0.5121930881756791,-1.6704316554584984,-0.9942108085507874,-1.0666422745062731,-0.3576753639798948,-0.2328872501475753,-0.28708333828187355,-0.32078666523533045,-0.39610534423349997,-0.38113017778990566,-0.3694246287326534,-0.2751579580367754,-0.2900883232983121,-0.2955781683826058,-0.3888554871521795,-0.41265547100857053,-0.2943754514063852,-0.3658086479243954,0.14178630383703136,-0.46724664005175814,0.7678285538547412,-0.004175214122166173,0.5173149081526707,-1.8399449636419904,-1.2209241053195545,-1.0763818070887963,-0.8026846322335551,-0.7538678336953983,-0.7373369807773581,0.04111021931238319,-0.9014630952079639,-0.26058043793158214,0.08106764742915833,1.3555735383351193,-1.3555735383351195,-0.4820426798824101,-0.3075623426146228,0.6158384251930635,-0.13085598064755344,-0.2359813632291101,-0.2662958158485814,5.099019513592785,-0.19300937626135234,-0.12168146174384352,-0.06715342778730747,-0.03352007615769955,-1.8351149988007645,-0.21680296415038888,1.9535138126504805,-1.175735064194511,-0.40583972495671383,-0.16278112867447064,0.8119223343984152,-0.1699069165076462,-0.2081478487327801,-0.6981970580620328,1.3555735383351193,-1.3555735383351195,1.3555735383351193,-1.3555735383351195,1.3555735383351193,-1.3555735383351195,1.3555735383351193,-1.3555735383351195,-0.4820426798824101,-0.3075623426146228,0.6158384251930635,-0.4820426798824101,-0.3075623426146228,0.6158384251930635,-0.4820426798824101,-0.3075623426146228,0.6158384251930635,-0.13085598064755344,-0.2359813632291101,-0.2662958158485814,5.099019513592785,-0.19300937626135234,-0.12168146174384352,-0.06715342778730747,-0.03352007615769955,-1.8351149988007645,-0.13085598064755344,-0.2359813632291101,-0.2662958158485814,5.099019513592785,-0.19300937626135234,-0.12168146174384352,-0.06715342778730747,-0.03352007615769955,-1.8351149988007645,-0.21680296415038888,1.9535138126504805,-1.175735064194511,-0.40583972495671383,-0.16278112867447064
0,0.7114825980146487,0.8273772438659699,-0.47454519624983954,-0.4736736092984604,-0.4989475622371262,0.5446511676720712,0.96425644365423,-0.1524576244513169,-0.6244040257055189,0.7114825980146487,0.8273772438659699,-0.47454519624983954,-0.4736736092984604,-0.4989475622371262,0.5446511676720712,0.96425644365423,-0.1524576244513169,-0.6244040257055189,0.5510643548902513,1.1767187837815078,-0.3760014818308347,-0.3895323082701867,-0.3604031835684723,0.9791957436696557,1.3221577010791146,0.2708454465375595,-0.2871651815648761,0.8635041745453002,-0.4030649954631285,-0.4194008220350217,-0.571347415835755,0.7925352191037062,1.3577269342345568,0.3560796814594294,-0.3576753639798948,-0.2328872501475753,-0.28708333828187355,-0.32078666523533045,-0.39610534423349997,-0.38113017778990566,-0.3694246287326534,-0.2751579580367754,-0.2900883232983121,-0.2955781683826058,-0.3888554871521795,-0.41265547100857053,-0.2943754514063852,-0.3658086479243954,-0.19836401418550262,-0.33212765423625973,-0.41485036472765574,-0.41141638583294937,-0.4123594838653976,0.5449215208897721,1.1227307914744915,0.2690969755635181,-0.337529114616601,0.9989187709831968,0.3979510692708079,-0.22342026433344614,-0.45345512765364804,-0.4590224637410178,-0.4271559153457235,-0.7376951317802901,0.7376951317802901,-0.4820426798824101,-0.3075623426146228,0.6158384251930635,-0.13085598064755344,-0.2359813632291101,-0.2662958158485814,-0.19611613513818404,-0.19300937626135234,-0.12168146174384352,-0.06715342778730747,-0.03352007615769955,0.5449249778098338,-0.21680296415038888,-0.5118980953829163,0.8505317485662419,-0.40583972495671383,-0.16278112867447064,0.8119223343984152,-0.1699069165076462,-0.2081478487327801,-0.6981970580620328,-0.7376951317802901,0.7376951317802901,-0.7376951317802901,0.7376951317802901,-0.7376951317802901,0.7376951317802901,-0.7376951317802901,0.7376951317802901,-0.4820426798824101,-0.3075623426146228,0.6158384251930635,-0.4820426798824101,-0.3075623426146228,0.6158384251930635,-0.4820426798824101,-0.3075623426146228,0.6158384251930635,-0.13085598064755344,-0.2359813632291101,-0.2662958158485814,-0.19611613513818404,-0.19300937626135234,-0.12168146174384352,-0.06715342778730747,-0.03352007615769955,0.5449249778098338,-0.13085598064755344,-0.2359813632291101,-0.2662958158485814,-0.19611613513818404,-0.19300937626135234,-0.12168146174384352,-0.06715342778730747,-0.03352007615769955,0.5449249778098338,-0.21680296415038888,-0.5118980953829163,0.8505317485662419,-0.40583972495671383,-0.16278112867447064
0,0.7153704810639091,0.8273772438659699,-0.47454519624983954,-0.4736736092984604,-0.4989475622371262,0.5446511676720712,-1.5366812681720423,-0.1524576244513169,-0.6244040257055189,0.7153704810639091,0.8273772438659699,-0.47454519624983954,-0.4736736092984604,-0.4989475622371262,0.5446511676720712,-1.5366812681720423,-0.1524576244513169,-0.6244040257055189,0.5563779711790923,1.1808003660154711,-0.3760014818308347,-0.3895323082701867,-0.36014925725974717,0.9826779377369013,-0.9132278875764281,0.27297389798382715,-0.28625097933756083,0.8635041745453002,-0.4030649954631285,-0.4194008220350217,-0.571347415835755,0.7925352191037062,-1.1494148220340843,0.3560796814594294,-0.3576753639798948,-0.2328872501475753,-0.28708333828187355,-0.32078666523533045,-0.39610534423349997,-0.38113017778990566,-0.3694246287326534,-0.2751579580367754,-0.2900883232983121,-0.2955781683826058,-0.3888554871521795,-0.41265547100857053,-0.2943754514063852,-0.3658086479243954,-0.19836401418550262,-0.33212765423625973,-0.6695812087300181,-0.41141638583294937,-0.4123594838653976,0.5449215208897721,-1.0298513550494233,0.2690969755635181,-0.337529114616601,-1.2286533543751765,-0.9362804271131857,-0.8020806973086978,-0.45345512765364804,-0.4590224637410178,-0.4271559153457235,-0.7376951317802901,0.7376951317802901,-0.4820426798824101,3.2513733362117265,-1.6238025415294657,-0.13085598064755344,-0.2359813632291101,-0.2662958158485814,-0.19611613513818404,-0.19300937626135234,-0.12168146174384352,-0.06715342778730747,-0.03352007615769955,0.5449249778098338,-0.21680296415038888,-0.5118980953829163,0.8505317485662419,-0.40583972495671383,-0.16278112867447064,0.8119223343984152,-0.1699069165076462,-0.2081478487327801,-0.6981970580620328,-0.7376951317802901,0.7376951317802901,-0.7376951317802901,0.7376951317802901,-0.7376951317802901,0.7376951317802901,-0.7376951317802901,0.7376951317802901,-0.4820426798824101,3.2513733362117265,-1.6238025415294657,-0.4820426798824101,3.2513733362117265,-1.6238025415294657,-0.4820426798824101,3.2513733362117265,-1.6238025415294657,-0.13085598064755344,-0.2359813632291101,-0.2662958158485814,-0.19611613513818404,-0.19300937626135234,-0.12168146174384352,-0.06715342778730747,-0.03352007615769955,0.5449249778098338,-0.13085598064755344,-0.2359813632291101,-0.2662958158485814,-0.19611613513818404,-0.19300937626135234,-0.12168146174384352,-0.06715342778730747,-0.03352007615769955,0.5449249778098338,-0.21680296415038888,-0.5118980953829163,0.8505317485662419,-0.40583972495671383,-0.16278112867447064
1,0.7192583641131695,-1.5661069258891576,-0.47454519624983954,-0.4736736092984604,-0.03594573317873878,-1.9265985531848488,0.96425644365423,1.5713969870477085,-0.6244040257055189,0.7192583641131695,-1.5661069258891576,-0.47454519624983954,-0.4736736092984604,-0.03594573317873878,-1.9265985531848488,0.96425644365423,1.5713969870477085,-0.6244040257055189,0.5617000284787178,-0.5321036448377949,-0.3760014818308347,-0.3895323082701867,0.16656645741002302,-1.163431920247622,1.330066481162609,1.95391842767371,-0.28533677711024563,-1.4609134070857044,-0.4030649954631285,-0.4194008220350217,-0.3972069776910602,-1.6901616971772877,-0.5017365349980186,-0.07073690533028135,-0.7470324187216006,-0.2328872501475753,-0.28708333828187355,-0.32078666523533045,-0.39610534423349997,-0.38113017778990566,-0.3694246287326534,-0.2751579580367754,-0.2900883232983121,-0.2955781683826058,-0.3888554871521795,-0.41265547100857053,-0.2943754514063852,-0.3658086479243954,-0.1491347759819012,-0.5767553344050389,0.5162818454024083,0.3707452296750628,-0.31690184539925664,-1.8437381397128192,-1.2200597971880256,-1.0404028083599504,-0.8642805683563481,0.9989187709831968,2.2533667439297993,-0.22342026433344614,1.973254696598896,0.0370826007825713,-0.4271559153457235,-0.7376951317802901,0.7376951317802901,-0.4820426798824101,-0.3075623426146228,0.6158384251930635,7.64198926981712,-0.2359813632291101,-0.2662958158485814,-0.19611613513818404,-0.19300937626135234,-0.12168146174384352,-0.06715342778730747,-0.03352007615769955,-1.8351149988007645,-0.21680296415038888,-0.5118980953829163,0.8505317485662419,-0.40583972495671383,-0.16278112867447064,0.8119223343984152,-0.1699069165076462,-0.2081478487327801,-0.6981970580620328,-0.7376951317802901,0.7376951317802901,-0.7376951317802901,0.7376951317802901,-0.7376951317802901,0.7376951317802901,-0.7376951317802901,0.7376951317802901,-0.4820426798824101,-0.3075623426146228,0.6158384251930635,-0.4820426798824101,-0.3075623426146228,0.6158384251930635,-0.4820426798824101,-0.3075623426146228,0.6158384251930635,7.64198926981712,-0.2359813632291101,-0.2662958158485814,-0.19611613513818404,-0.19300937626135234,-0.12168146174384352,-0.06715342778730747,-0.03352007615769955,-1.8351149988007645,7.64198926981712,-0.2359813632291101,-0.2662958158485814,-0.19611613513818404,-0.19300937626135234,-0.12168146174384352,-0.06715342778730747,-0.03352007615769955,-1.8351149988007645,-0.21680296415038888,-0.5118980953829163,0.8505317485662419,-0.40583972495671383,-0.16278112867447064
0,0.7231462471624298,0.8273772438659699,-0.47454519624983954,-0.4736736092984604,-0.4989475622371262,0.5446511676720712,0.96425644365423,1.5713969870477085,-0.6244040257055189,0.7231462471624298,0.8273772438659699,-0.47454519624983954,-0.4736736092984604,-0.4989475622371262,0.5446511676720712,0.96425644365423,1.5713969870477085,-0.6244040257055189,0.5670305267891279,1.1889635304833976,-0.3760014818308347,-0.3895323082701867,-0.359641404642297,0.9896423258713923,1.3340208712043562,1.9587074434278122,-0.2844225748829304,0.8635041745453002,-0.4030649954631285,-0.4194008220350217,-0.571347415835755,0.7925352191037062,1.3577269342345568,2.490162615407983,-0.3576753639798948,-0.2328872501475753,-0.28708333828187355,-0.32078666523533045,-0.39610534423349997,-0.38113017778990566,-0.3694246287326534,-0.2751579580367754,-0.2900883232983121,-0.2955781683826058,-0.3888554871521795,-0.41265547100857053,-0.2943754514063852,-0.3658086479243954,-0.19836401418550262,-0.33212765423625973,-0.41485036472765574,-0.2982938381355096,-0.4123594838653976,0.5449215208897721,1.1227307914744915,1.9899792732545456,-0.337529114616601,0.9989187709831968,2.2533667439297993,-0.22342026433344614,1.973254696598896,0.0370826007825713,-0.4271559153457235,-0.7376951317802901,0.7376951317802901,-0.4820426798824101,-0.3075623426146228,0.6158384251930635,-0.13085598064755344,-0.2359813632291101,-0.2662958158485814,-0.19611613513818404,-0.19300937626135234,-0.12168146174384352,-0.06715342778730747,-0.03352007615769955,0.5449249778098338,-0.21680296415038888,-0.5118980953829163,0.8505317485662419,-0.40583972495671383,-0.16278112867447064,0.8119223343984152,-0.1699069165076462,-0.2081478487327801,-0.6981970580620328,-0.7376951317802901,0.7376951317802901,-0.7376951317802901,0.7376951317802901,-0.7376951317802901,0.7376951317802901,-0.7376951317802901,0.7376951317802901,-0.4820426798824101,-0.3075623426146228,0.6158384251930635,-0.4820426798824101,-0.3075623426146228,0.6158384251930635,-0.4820426798824101,-0.3075623426146228,0.6158384251930635,-0.13085598064755344,-0.2359813632291101,-0.2662958158485814,-0.19611613513818404,-0.19300937626135234,-0.12168146174384352,-0.06715342778730747,-0.03352007615769955,0.5449249778098338,-0.13085598064755344,-0.2359813632291101,-0.2662958158485814,-0.19611613513818404,-0.19300937626135234,-0.12168146174384352,-0.06715342778730747,-0.03352007615769955,0.5449249778098338,-0.21680296415038888,-0.5118980953829163,0.8505317485662419,-0.40583972495671383,-0.16278112867447064
1,0.7270341302116902,-1.5661069258891576,-0.47454519624983954,-0.4736736092984604,-0.03594573317873878,-1.8194778495589943,-1.1168810094012038,0.5370842201482933,-0.6244040257055189,0.7270341302116902,-1.5661069258891576,-0.47454519624983954,-0.4736736092984604,-0.03594573317873878,-1.8194778495589943,-1.1168810094012038,0.5370842201482933,-0.6244040257055189,0.5723694661103224,-0.5293825900151528,-0.3760014818308347,-0.3895323082701867,0.1687429686276667,-1.0698076038222613,-0.5343490818269385,0.9530141350663438,-0.2835083726556152,-1.4609134070857044,-0.4030649954631285,-0.4194008220350217,-0.3972069776910602,-1.6548120390977903,-1.1971699031058678,-0.4975534921199921,-0.7470324187216006,-0.2328872501475753,-0.28708333828187355,-0.32078666523533045,-0.39610534423349997,-0.38113017778990566,-0.3694246287326534,-0.2751579580367754,-0.2900883232983121,-0.2955781683826058,-0.3888554871521795,-0.41265547100857053,-0.2943754514063852,-0.3658086479243954,-0.1491347759819012,-0.5277386044550971,-0.3921715217284658,0.0798586784530748,-0.31690184539925664,-1.83504312030046,-1.2333314759971623,-0.9752333012284558,-0.8414475920349679,-1.1087392780725651,-0.5252894751020448,-0.7049484103449949,0.29322481827021163,-0.26058043793158214,-0.4271559153457235,-0.7376951317802901,0.7376951317802901,2.0745051044939435,-0.3075623426146228,-1.6238025415294657,-0.13085598064755344,4.237622777986573,-0.2662958158485814,-0.19611613513818404,-0.19300937626135234,-0.12168146174384352,-0.06715342778730747,-0.03352007615769955,-1.8351149988007645,-0.21680296415038888,-0.5118980953829163,-1.175735064194511,-0.40583972495671383,6.1432182473669785,0.8119223343984152,-0.1699069165076462,-0.2081478487327801,-0.6981970580620328,-0.7376951317802901,0.7376951317802901,-0.7376951317802901,0.7376951317802901,-0.7376951317802901,0.7376951317802901,-0.7376951317802901,0.7376951317802901,2.0745051044939435,-0.3075623426146228,-1.6238025415294657,2.0745051044939435,-0.3075623426146228,-1.6238025415294657,2.0745051044939435,-0.3075623426146228,-1.6238025415294657,-0.13085598064755344,4.237622777986573,-0.2662958158485814,-0.19611613513818404,-0.19300937626135234,-0.12168146174384352,-0.06715342778730747,-0.03352007615769955,-1.8351149988007645,-0.13085598064755344,4.237622777986573,-0.2662958158485814,-0.19611613513818404,-0.19300937626135234,-0.12168146174384352,-0.06715342778730747,-0.03352007615769955,-1.8351149988007645,-0.21680296415038888,-0.5118980953829163,-1.175735064194511,-0.40583972495671383,6.1432182473669785
0,0.7309220132609505,-1.5661069258891576,-0.47454519624983954,-0.4736736092984604,-0.6398611623853311,0.5446511676720712,0.96425644365423,-0.1524576244513169,-0.6244040257055189,0.7309220132609505,-1.5661069258891576,-0.47454519624983954,-0.4736736092984604,-0.6398611623853311,0.5446511676720712,0.96425644365423,-0.1524576244513169,-0.6244040257055189,0.5777168464423015,-0.5280220626038317,-0.3760014818308347,-0.3895323082701867,-0.5201228317565575,0.9966067140058835,1.3419296512878507,0.28148770376889776,-0.28259417042829993,-1.4609134070857044,-0.4030649954631285,-0.4194008220350217,-0.9776751048400428,-0.8746533061339944,-0.5017365349980186,-0.7820978833131326,-0.7470324187216006,-0.2328872501475753,-0.28708333828187355,-0.32078666523533045,-0.39610534423349997,-0.38113017778990566,-0.3694246287326534,-0.2751579580367754,-0.2900883232983121,-0.2955781683826058,-0.3888554871521795,-0.41265547100857053,-0.2943754514063852,-0.3658086479243954,-0.20119860016902374,-0.6018336613561719,-0.698238428680284,-0.5019144239909011,-0.44141180861596224,0.5449215208897721,1.1227307914744915,0.2690969755635181,-0.337529114616601,0.9989187709831968,0.3979510692708079,-0.22342026433344614,-0.45345512765364804,-0.4590224637410178,-0.4271559153457235,-0.7376951317802901,0.7376951317802901,-0.4820426798824101,-0.3075623426146228,0.6158384251930635,-0.13085598064755344,-0.2359813632291101,-0.2662958158485814,-0.19611613513818404,-0.19300937626135234,-0.12168146174384352,-0.06715342778730747,-0.03352007615769955,0.5449249778098338,-0.21680296415038888,-0.5118980953829163,0.8505317485662419,-0.40583972495671383,-0.16278112867447064,0.8119223343984152,-0.1699069165076462,-0.2081478487327801,-0.6981970580620328,-0.7376951317802901,0.7376951317802901,-0.7376951317802901,0.7376951317802901,-0.7376951317802901,0.7376951317802901,-0.7376951317802901,0.7376951317802901,-0.4820426798824101,-0.3075623426146228,0.6158384251930635,-0.4820426798824101,-0.3075623426146228,0.6158384251930635,-0.4820426798824101,-0.3075623426146228,0.6158384251930635,-0.13085598064755344,-0.2359813632291101,-0.2662958158485814,-0.19611613513818404,-0.19300937626135234,-0.12168146174384352,-0.06715342778730747,-0.03352007615769955,0.5449249778098338,-0.13085598064755344,-0.2359813632291101,-0.2662958158485814,-0.19611613513818404,-0.19300937626135234,-0.12168146174384352,-0.06715342778730747,-0.03352007615769955,0.5449249778098338,-0.21680296415038888,-0.5118980953829163,0.8505317485662419,-0.40583972495671383,-0.16278112867447064
0,0.734809896310211,0.8273772438659699,2.2474704895351842,2.0089333664952354,-0.09633727609939802,0.5446511676720712,-0.5095104222433947,-1.5315413136505371,2.160100413251525,0.734809896310211,0.8273772438659699,2.2474704895351842,2.0089333664952354,-0.09633727609939802,0.5446511676720712,-0.5095104222433947,-1.5315413136505371,2.160100413251525,0.583072667785065,1.2012082771852877,2.925541125191071,2.523099099330799,0.10181524868512358,1.000088908073129,0.015799878812542516,-1.0679505131647973,2.6209121035248697,0.8635041745453002,2.4222655977351475,2.3973288194212925,0.5895888384622101,0.7925352191037062,-0.11969588642374947,-1.3511866656994136,2.5625025465828988,1.1755010295910417,2.746014540087486,0.7039331336713679,2.3766832158963864,1.244103742919098,-0.3694246287326534,1.6680315316126317,1.1701867956779368,0.47240152670113406,2.313747507607776,1.3576611153209521,-0.2943754514063852,2.167368854412156,-0.15902690257745447,0.4384609375349179,-0.18416299324592447,-0.5019144239909011,0.23094199275424784,0.5449215208897721,-0.14575511629852972,-1.107608862589304,2.354638093508921,-0.7538678336953983,-1.086381470456385,0.94940043464318,-1.0507990843927357,-0.855906515359889,1.7963221717943845,1.3555735383351193,-1.3555735383351195,-0.4820426798824101,-0.3075623426146228,0.6158384251930635,-0.13085598064755344,-0.2359813632291101,-0.2662958158485814,-0.19611613513818404,-0.19300937626135234,-0.12168146174384352,-0.06715342778730747,-0.03352007615769955,0.5449249778098338,-0.21680296415038888,1.9535138126504805,-1.175735064194511,-0.40583972495671383,-0.16278112867447064,-1.2316448970959013,-0.1699069165076462,4.804277373453898,-0.6981970580620328,1.3555735383351193,-1.3555735383351195,1.3555735383351193,-1.3555735383351195,1.3555735383351193,-1.3555735383351195,1.3555735383351193,-1.3555735383351195,-0.4820426798824101,-0.3075623426146228,0.6158384251930635,-0.4820426798824101,-0.3075623426146228,0.6158384251930635,-0.4820426798824101,-0.3075623426146228,0.6158384251930635,-0.13085598064755344,-0.2359813632291101,-0.2662958158485814,-0.19611613513818404,-0.19300937626135234,-0.12168146174384352,-0.06715342778730747,-0.03352007615769955,0.5449249778098338,-0.13085598064755344,-0.2359813632291101,-0.2662958158485814,-0.19611613513818404,-0.19300937626135234,-0.12168146174384352,-0.06715342778730747,-0.03352007615769955,0.5449249778098338,-0.21680296415038888,1.9535138126504805,-1.175735064194511,-0.40583972495671383,-0.16278112867447064
1,0.7386977793594713,-0.3693648410115938,-0.47454519624983954,-0.4736736092984604,-0.37816447639580775,0.5446511676720712,-0.5095104222433947,-0.1524576244513169,-0.6244040257055189,0.7386977793594713,-0.3693648410115938,-0.47454519624983954,-0.4736736092984604,-0.37816447639580775,0.5446511676720712,-0.5095104222433947,-0.1524576244513169,-0.6244040257055189,0.588436930138613,0.3399944258190307,-0.3760014818308347,-0.3895323082701867,-0.22019958596525865,1.0035711021403746,0.0176596481259164,0.2857446066614331,-0.2807657659736695,-0.5892568139740777,-0.4030649954631285,-0.4194008220350217,-0.4746027279775913,-0.04105904351514409,-0.5569533474872684,-0.2130091009268516,-0.5523538913507477,-0.2328872501475753,-0.28708333828187355,-0.32078666523533045,-0.39610534423349997,-0.38113017778990566,-0.3694246287326534,-0.2751579580367754,-0.2900883232983121,-0.2955781683826058,-0.3888554871521795,-0.41265547100857053,-0.2943754514063852,-0.3658086479243954,-0.19142217096055295,-0.10095107670490644,-0.45072062643411087,-0.3338466388404192,-0.38745749122205647,0.5449215208897721,-0.14575511629852972,0.2690969755635181,-0.337529114616601,-0.7538678336953983,-0.3882924910983312,-0.564416590908148,-0.45345512765364804,-0.4590224637410178,-0.4271559153457235,1.3555735383351193,-1.3555735383351195,-0.4820426798824101,-0.3075623426146228,0.6158384251930635,-0.13085598064755344,-0.2359813632291101,-0.2662958158485814,-0.19611613513818404,-0.19300937626135234,-0.12168146174384352,-0.06715342778730747,-0.03352007615769955,0.5449249778098338,-0.21680296415038888,1.9535138126504805,-1.175735064194511,-0.40583972495671383,-0.16278112867447064,0.8119223343984152,-0.1699069165076462,-0.2081478487327801,-0.6981970580620328,1.3555735383351193,-1.3555735383351195,1.3555735383351193,-1.3555735383351195,1.3555735383351193,-1.3555735383351195,1.3555735383351193,-1.3555735383351195,-0.4820426798824101,-0.3075623426146228,0.6158384251930635,-0.4820426798824101,-0.3075623426146228,0.6158384251930635,-0.4820426798824101,-0.3075623426146228,0.6158384251930635,-0.13085598064755344,-0.2359813632291101,-0.2662958158485814,-0.19611613513818404,-0.19300937626135234,-0.12168146174384352,-0.06715342778730747,-0.03352007615769955,0.5449249778098338,-0.13085598064755344,-0.2359813632291101,-0.2662958158485814,-0.19611613513818404,-0.19300937626135234,-0.12168146174384352,-0.06715342778730747,-0.03352007615769955,0.5449249778098338,-0.21680296415038888,1.9535138126504805,-1.175735064194511,-0.40583972495671383,-0.16278112867447064
0,0.7425856624087317,0.8273772438659699,-0.47454519624983954,-0.4736736092984604,-0.4989475622371262,0.5446511676720712,0.96425644365423,0.5370842201482933,-0.6244040257055189,0.7425856624087317,0.8273772438659699,-0.47454519624983954,-0.4736736092984604,-0.4989475622371262,0.5446511676720712,0.96425644365423,0.5370842201482933,-0.6244040257055189,0.5938096335029455,1.2093714416532142,-0.3760014818308347,-0.3895323082701867,-0.3583717730986715,1.0070532962076202,1.353792821413092,0.9657848437439498,-0.2798515637463542,0.8635041745453002,-0.4030649954631285,-0.4194008220350217,-0.571347415835755,0.7925352191037062,1.3577269342345568,1.209712855038851,-0.3576753639798948,-0.2328872501475753,-0.28708333828187355,-0.32078666523533045,-0.39610534423349997,-0.38113017778990566,-0.3694246287326534,-0.2751579580367754,-0.2900883232983121,-0.2955781683826058,-0.3888554871521795,-0.41265547100857053,-0.2943754514063852,-0.3658086479243954,-0.19836401418550262,-0.33212765423625973,-0.41485036472765574,-0.36616736675397343,-0.4123594838653976,0.5449215208897721,1.1227307914744915,0.9574498946399291,-0.337529114616601,0.9989187709831968,1.1401173391344044,-0.22342026433344614,0.29322481827021163,-0.26058043793158214,-0.4271559153457235,-0.7376951317802901,0.7376951317802901,-0.4820426798824101,-0.3075623426146228,0.6158384251930635,-0.13085598064755344,-0.2359813632291101,-0.2662958158485814,-0.19611613513818404,-0.19300937626135234,-0.12168146174384352,-0.06715342778730747,-0.03352007615769955,0.5449249778098338,-0.21680296415038888,-0.5118980953829163,0.8505317485662419,-0.40583972495671383,-0.16278112867447064,0.8119223343984152,-0.1699069165076462,-0.2081478487327801,-0.6981970580620328,-0.7376951317802901,0.7376951317802901,-0.7376951317802901,0.7376951317802901,-0.7376951317802901,0.7376951317802901,-0.7376951317802901,0.7376951317802901,-0.4820426798824101,-0.3075623426146228,0.6158384251930635,-0.4820426798824101,-0.3075623426146228,0.6158384251930635,-0.4820426798824101,-0.3075623426146228,0.6158384251930635,-0.13085598064755344,-0.2359813632291101,-0.2662958158485814,-0.19611613513818404,-0.19300937626135234,-0.12168146174384352,-0.06715342778730747,-0.03352007615769955,0.5449249778098338,-0.13085598064755344,-0.2359813632291101,-0.2662958158485814,-0.19611613513818404,-0.19300937626135234,-0.12168146174384352,-0.06715342778730747,-0.03352007615769955,0.5449249778098338,-0.21680296415038888,-0.5118980953829163,0.8505317485662419,-0.40583972495671383,-0.16278112867447064
0,0.746473545457992,-0.3693648410115938,0.4327933656785018,0.7676298785983874,-0.11646779040628442,0.5446511676720712,0.96425644365423,0.19231329784848822,0.48939774987729867,0.746473545457992,-0.3693648410115938,0.4327933656785018,0.7676298785983874,-0.11646779040628442,0.5446511676720712,0.96425644365423,0.19231329784848822,0.48939774987729867,0.5991907778780625,0.34543653546431513,0.7297120002058979,1.0736636272018045,0.0816099695479981,1.0105354902748658,1.3577472114548395,0.6294895152336598,0.8875846805351941,-0.5892568139740777,0.2247862474698217,0.5195090584504164,0.028469648884860296,-0.04105904351514409,0.42799519961826915,0.0715352902662889,0.2263602181326639,-0.07639966350995119,0.2184329747796864,0.008135739352004802,0.5281575091431288,0.770770541893495,0.6923732557860374,0.048706956904792466,0.07498045644575013,0.07418983295400972,0.9624460102277982,1.4694387837410756,0.7753167476274208,0.26748572765974243,-0.16209288333514058,0.399931507946359,0.35434580885804934,-0.0817449611146963,-0.11768590425252776,0.5449215208897721,1.1227307914744915,0.6132734351017236,0.7393377686336078,0.9989187709831968,0.7690342042026062,1.0640991990364888,-0.1174491519879112,0.6324086782108782,0.08106764742915833,-0.7376951317802901,0.7376951317802901,-0.4820426798824101,-0.3075623426146228,0.6158384251930635,-0.13085598064755344,-0.2359813632291101,-0.2662958158485814,-0.19611613513818404,-0.19300937626135234,-0.12168146174384352,-0.06715342778730747,-0.03352007615769955,0.5449249778098338,-0.21680296415038888,-0.5118980953829163,0.8505317485662419,-0.40583972495671383,-0.16278112867447064,-1.2316448970959013,-0.1699069165076462,-0.2081478487327801,1.4322604033532795,-0.7376951317802901,0.7376951317802901,-0.7376951317802901,0.7376951317802901,-0.7376951317802901,0.7376951317802901,-0.7376951317802901,0.7376951317802901,-0.4820426798824101,-0.3075623426146228,0.6158384251930635,-0.4820426798824101,-0.3075623426146228,0.6158384251930635,-0.4820426798824101,-0.3075623426146228,0.6158384251930635,-0.13085598064755344,-0.2359813632291101,-0.2662958158485814,-0.19611613513818404,-0.19300937626135234,-0.12168146174384352,-0.06715342778730747,-0.03352007615769955,0.5449249778098338,-0.13085598064755344,-0.2359813632291101,-0.2662958158485814,-0.19611613513818404,-0.19300937626135234,-0.12168146174384352,-0.06715342778730747,-0.03352007615769955,0.5449249778098338,-0.21680296415038888,-0.5118980953829163,0.8505317485662419,-0.40583972495671383,-0.16278112867447064
0,0.7503614285072524,0.8273772438659699,-0.47454519624983954,5.73284383018578,0.14522889558323893,0.5446511676720712,-0.5095104222433947,1.2266260647479035,2.717001301042934,0.7503614285072524,0.8273772438659699,-0.47454519624983954,5.73284383018578,0.14522889558323893,0.5446511676720712,-0.5095104222433947,1.2266260647479035,2.717001301042934,0.604580363263964,1.217534606121141,-0.3760014818308347,6.9379144218755995,0.3838911024917443,1.0140176843421114,0.023238956066038048,1.6522104351652696,3.227028180234867,0.8635041745453002,-0.4030649954631285,6.622423281605764,1.2861505910409892,0.7925352191037062,-0.11969588642374947,2.0633460286182723,3.1465381286954575,-0.2328872501475753,-0.28708333828187355,-0.32078666523533045,-0.39610534423349997,-0.38113017778990566,-0.3694246287326534,-0.2751579580367754,8.836631170303242,2.4776818416420108,6.367651999747709,4.0131359948152365,8.263162140864063,7.022625733890546,-0.11321073729278662,0.9008140925976245,0.044314978058235296,0.5064922869119906,0.6916288566560583,0.5449215208897721,-0.14575511629852972,1.64580281371634,2.8930715351340255,-0.7538678336953983,0.3097964882597226,1.2521638397534456,1.3385767425636153,4.700470207304308,2.6221854613035673,1.3555735383351193,-1.3555735383351195,-0.4820426798824101,-0.3075623426146228,0.6158384251930635,-0.13085598064755344,-0.2359813632291101,-0.2662958158485814,-0.19611613513818404,-0.19300937626135234,-0.12168146174384352,-0.06715342778730747,-0.03352007615769955,0.5449249778098338,-0.21680296415038888,-0.5118980953829163,-1.175735064194511,2.4640269015229057,-0.16278112867447064,-1.2316448970959013,-0.1699069165076462,4.804277373453898,-0.6981970580620328,1.3555735383351193,-1.3555735383351195,1.3555735383351193,-1.3555735383351195,1.3555735383351193,-1.3555735383351195,1.3555735383351193,-1.3555735383351195,-0.4820426798824101,-0.3075623426146228,0.6158384251930635,-0.4820426798824101,-0.3075623426146228,0.6158384251930635,-0.4820426798824101,-0.3075623426146228,0.6158384251930635,-0.13085598064755344,-0.2359813632291101,-0.2662958158485814,-0.19611613513818404,-0.19300937626135234,-0.12168146174384352,-0.06715342778730747,-0.03352007615769955,0.5449249778098338,-0.13085598064755344,-0.2359813632291101,-0.2662958158485814,-0.19611613513818404,-0.19300937626135234,-0.12168146174384352,-0.06715342778730747,-0.03352007615769955,0.5449249778098338,-0.21680296415038888,-0.5118980953829163,-1.175735064194511,2.4640269015229057,-0.16278112867447064
0,0.7542493115565129,0.8273772438659699,0.4327933656785018,-0.4736736092984604,-0.3177729334751485,0.5446511676720712,0.96425644365423,-1.1867703913507321,-0.0675031379141101,0.7542493115565129,0.8273772438659699,0.4327933656785018,-0.4736736092984604,-0.3177729334751485,0.5446511676720712,0.96425644365423,-1.1867703913507321,-0.0675031379141101,0.6099783896606501,1.2216161883551042,0.7331781866699629,-0.3895323082701867,-0.1486649172787031,1.017499878409357,1.3656559915383337,-0.7273982817619721,0.30798046841733845,0.8635041745453002,0.5387118689362969,-0.4194008220350217,-0.04892610140167071,0.7925352191037062,1.3577269342345568,-0.9243700789097029,0.2263602181326639,-0.07639966350995119,-0.28708333828187355,-0.1183728777969703,0.5281575091431288,0.770770541893495,-0.15706505182891523,-0.05924801474239681,-0.2900883232983121,-0.2955781683826058,-0.3888554871521795,-0.41265547100857053,-0.2943754514063852,-0.3658086479243954,-0.18638933462246443,0.014637212060770205,-0.05049428250284806,-0.4502012593292144,-0.3086011811848096,0.5449215208897721,1.1227307914744915,-0.7634324030510985,0.20090432700850336,0.9989187709831968,-0.7152983355245868,0.42033946735152133,-1.0134650870965427,-0.6574644895504534,-0.23657207930514282,-0.7376951317802901,0.7376951317802901,-0.4820426798824101,-0.3075623426146228,0.6158384251930635,-0.13085598064755344,-0.2359813632291101,-0.2662958158485814,-0.19611613513818404,-0.19300937626135234,-0.12168146174384352,-0.06715342778730747,-0.03352007615769955,0.5449249778098338,-0.21680296415038888,-0.5118980953829163,0.8505317485662419,-0.40583972495671383,-0.16278112867447064,-1.2316448970959013,-0.1699069165076462,-0.2081478487327801,1.4322604033532795,-0.7376951317802901,0.7376951317802901,-0.7376951317802901,0.7376951317802901,-0.7376951317802901,0.7376951317802901,-0.7376951317802901,0.7376951317802901,-0.4820426798824101,-0.3075623426146228,0.6158384251930635,-0.4820426798824101,-0.3075623426146228,0.6158384251930635,-0.4820426798824101,-0.3075623426146228,0.6158384251930635,-0.13085598064755344,-0.2359813632291101,-0.2662958158485814,-0.19611613513818404,-0.19300937626135234,-0.12168146174384352,-0.06715342778730747,-0.03352007615769955,0.5449249778098338,-0.13085598064755344,-0.2359813632291101,-0.2662958158485814,-0.19611613513818404,-0.19300937626135234,-0.12168146174384352,-0.06715342778730747,-0.03352007615769955,0.5449249778098338,-0.21680296415038888,-0.5118980953829163,0.8505317485662419,-0.40583972495671383,-0.16278112867447064
0,0.7581371946057732,0.8273772438659699,-0.47454519624983954,-0.4736736092984604,-0.4989475622371262,0.5446511676720712,0.96425644365423,-0.841999469050927,-0.6244040257055189,0.7581371946057732,0.8273772438659699,-0.47454519624983954,-0.4736736092984604,-0.4989475622371262,0.5446511676720712,0.96425644365423,-0.841999469050927,-0.6244040257055189,0.6153848570681205,1.2256977705890675,-0.3760014818308347,-0.3895323082701867,-0.3573560678637711,1.0209820724766023,1.369610381580081,-0.385781824636013,-0.2761947548370933,0.8635041745453002,-0.4030649954631285,-0.4194008220350217,-0.571347415835755,0.7925352191037062,1.3577269342345568,-0.4975534921199921,-0.3576753639798948,-0.2328872501475753,-0.28708333828187355,-0.32078666523533045,-0.39610534423349997,-0.38113017778990566,-0.3694246287326534,-0.2751579580367754,-0.2900883232983121,-0.2955781683826058,-0.3888554871521795,-0.41265547100857053,-0.2943754514063852,-0.3658086479243954,-0.19836401418550262,-0.33212765423625973,-0.41485036472765574,-0.45666540491192525,-0.4123594838653976,0.5449215208897721,1.1227307914744915,-0.41925594351289297,-0.337529114616601,0.9989187709831968,-0.34421520059278854,-0.22342026433344614,-0.9014630952079639,-0.6574644895504534,-0.4271559153457235,-0.7376951317802901,0.7376951317802901,-0.4820426798824101,-0.3075623426146228,0.6158384251930635,-0.13085598064755344,-0.2359813632291101,-0.2662958158485814,-0.19611613513818404,-0.19300937626135234,-0.12168146174384352,-0.06715342778730747,-0.03352007615769955,0.5449249778098338,-0.21680296415038888,-0.5118980953829163,0.8505317485662419,-0.40583972495671383,-0.16278112867447064,0.8119223343984152,-0.1699069165076462,-0.2081478487327801,-0.6981970580620328,-0.7376951317802901,0.7376951317802901,-0.7376951317802901,0.7376951317802901,-0.7376951317802901,0.7376951317802901,-0.7376951317802901,0.7376951317802901,-0.4820426798824101,-0.3075623426146228,0.6158384251930635,-0.4820426798824101,-0.3075623426146228,0.6158384251930635,-0.4820426798824101,-0.3075623426146228,0.6158384251930635,-0.13085598064755344,-0.2359813632291101,-0.2662958158485814,-0.19611613513818404,-0.19300937626135234,-0.12168146174384352,-0.06715342778730747,-0.03352007615769955,0.5449249778098338,-0.13085598064755344,-0.2359813632291101,-0.2662958158485814,-0.19611613513818404,-0.19300937626135234,-0.12168146174384352,-0.06715342778730747,-0.03352007615769955,0.5449249778098338,-0.21680296415038888,-0.5118980953829163,0.8505317485662419,-0.40583972495671383,-0.16278112867447064
1,0.7620250776550336,-1.5661069258891576,-0.47454519624983954,-0.4736736092984604,0.7491443247898313,-1.8194778495589943,-1.3133832581875537,-0.497228546751122,-0.0675031379141101,0.7620250776550336,-1.5661069258891576,-0.47454519624983954,-0.4736736092984604,0.7491443247898313,-1.8194778495589943,-1.3133832581875537,-0.497228546751122,-0.0675031379141101,0.6207997654863756,-0.5171378433132628,-0.3760014818308347,-0.3895323082701867,1.0867954002297704,-1.0677986457065427,-0.7046798310569322,-0.04310114178692007,0.3116372773265994,-1.4609134070857044,-0.4030649954631285,-0.4194008220350217,0.3574015876026171,-1.6548120390977903,-1.2628331395795704,-0.9243700789097029,-0.5523538913507477,-0.2328872501475753,-0.28708333828187355,-0.32078666523533045,-0.39610534423349997,-0.38113017778990566,-0.3694246287326534,-0.2751579580367754,-0.2900883232983121,-0.2955781683826058,-0.3888554871521795,-0.41265547100857053,-0.2943754514063852,-0.3658086479243954,0.07421902978085455,-0.43141503048369995,-0.19157098207660542,0.1671246438196712,0.1313340221808834,-1.83504312030046,-1.2441732358926583,-1.0414210819088798,-0.8069326278282305,-1.177626087863427,-0.8844598288161288,-0.6336491784248299,-0.714793108726999,-0.26058043793158214,-0.23657207930514282,1.3555735383351193,-1.3555735383351195,2.0745051044939435,-0.3075623426146228,-1.6238025415294657,-0.13085598064755344,4.237622777986573,-0.2662958158485814,-0.19611613513818404,-0.19300937626135234,-0.12168146174384352,-0.06715342778730747,-0.03352007615769955,-1.8351149988007645,-0.21680296415038888,1.9535138126504805,-1.175735064194511,-0.40583972495671383,-0.16278112867447064,0.8119223343984152,-0.1699069165076462,-0.2081478487327801,-0.6981970580620328,1.3555735383351193,-1.3555735383351195,1.3555735383351193,-1.3555735383351195,1.3555735383351193,-1.3555735383351195,1.3555735383351193,-1.3555735383351195,2.0745051044939435,-0.3075623426146228,-1.6238025415294657,2.0745051044939435,-0.3075623426146228,-1.6238025415294657,2.0745051044939435,-0.3075623426146228,-1.6238025415294657,-0.13085598064755344,4.237622777986573,-0.2662958158485814,-0.19611613513818404,-0.19300937626135234,-0.12168146174384352,-0.06715342778730747,-0.03352007615769955,-1.8351149988007645,-0.13085598064755344,4.237622777986573,-0.2662958158485814,-0.19611613513818404,-0.19300937626135234,-0.12168146174384352,-0.06715342778730747,-0.03352007615769955,-1.8351149988007645,-0.21680296415038888,1.9535138126504805,-1.175735064194511,-0.40583972495671383,-0.16278112867447064
0,0.7659129607042939,0.8273772438659699,2.2474704895351842,2.0089333664952354,-0.09633727609939802,0.5446511676720712,-0.5095104222433947,-1.5315413136505371,2.160100413251525,0.7659129607042939,0.8273772438659699,2.2474704895351842,2.0089333664952354,-0.09633727609939802,0.5446511676720712,-0.5095104222433947,-1.5315413136505371,2.160100413251525,0.626223114915415,1.233860935056994,2.967135362759851,2.559793668245457,0.10965068906864082,1.0279464606110935,0.03067803331953358,-1.0679505131647973,2.6647938104360005,0.8635041745453002,2.4222655977351475,2.3973288194212925,0.5895888384622101,0.7925352191037062,-0.11969588642374947,-1.3511866656994136,2.5625025465828988,1.1755010295910417,2.746014540087486,0.7039331336713679,2.3766832158963864,1.244103742919098,-0.3694246287326534,1.6680315316126317,1.1701867956779368,0.47240152670113406,2.313747507607776,1.3576611153209521,-0.2943754514063852,2.167368854412156,-0.15902690257745447,0.4384609375349179,-0.18416299324592447,-0.5019144239909011,0.23094199275424784,0.5449215208897721,-0.14575511629852972,-1.107608862589304,2.354638093508921,-0.7538678336953983,-1.086381470456385,0.94940043464318,-1.0507990843927357,-0.855906515359889,1.7963221717943845,1.3555735383351193,-1.3555735383351195,-0.4820426798824101,-0.3075623426146228,0.6158384251930635,-0.13085598064755344,-0.2359813632291101,-0.2662958158485814,-0.19611613513818404,-0.19300937626135234,-0.12168146174384352,-0.06715342778730747,-0.03352007615769955,0.5449249778098338,-0.21680296415038888,1.9535138126504805,-1.175735064194511,-0.40583972495671383,-0.16278112867447064,-1.2316448970959013,-0.1699069165076462,4.804277373453898,-0.6981970580620328,1.3555735383351193,-1.3555735383351195,1.3555735383351193,-1.3555735383351195,1.3555735383351193,-1.3555735383351195,1.3555735383351193,-1.3555735383351195,-0.4820426798824101,-0.3075623426146228,0.6158384251930635,-0.4820426798824101,-0.3075623426146228,0.6158384251930635,-0.4820426798824101,-0.3075623426146228,0.6158384251930635,-0.13085598064755344,-0.2359813632291101,-0.2662958158485814,-0.19611613513818404,-0.19300937626135234,-0.12168146174384352,-0.06715342778730747,-0.03352007615769955,0.5449249778098338,-0.13085598064755344,-0.2359813632291101,-0.2662958158485814,-0.19611613513818404,-0.19300937626135234,-0.12168146174384352,-0.06715342778730747,-0.03352007615769955,0.5449249778098338,-0.21680296415038888,1.9535138126504805,-1.175735064194511,-0.40583972495671383,-0.16278112867447064
1,0.7698008437535543,0.8273772438659699,-0.47454519624983954,-0.4736736092984604,0.4874476388003079,0.5446511676720712,0.96425644365423,0.5370842201482933,3.2739021888343425,0.7698008437535543,0.8273772438659699,-0.47454519624983954,-0.4736736092984604,0.4874476388003079,0.5446511676720712,0.96425644365423,0.5370842201482933,3.2739021888343425,0.631654905355239,1.2379425172909573,-0.3760014818308347,-0.3895323082701867,0.7881055107951362,1.031428654678339,1.3814735517053225,0.9881335839297601,3.847771492581908,0.8635041745453002,-0.4030649954631285,-0.4194008220350217,2.2729464071942593,0.7925352191037062,1.3577269342345568,1.209712855038851,3.730573710808016,-0.2328872501475753,-0.28708333828187355,-0.32078666523533045,-0.39610534423349997,-0.38113017778990566,-0.3694246287326534,-0.2751579580367754,-0.2900883232983121,-0.2955781683826058,-0.3888554871521795,-0.41265547100857053,-0.2943754514063852,-0.3658086479243954,-0.019785097223672273,1.5558143956031254,1.5688660829407417,0.5840620339045206,1.4179369754201743,0.5449215208897721,1.1227307914744915,0.9574498946399291,3.43150497675913,0.9989187709831968,1.1401173391344044,4.282897857461326,0.29322481827021163,3.9067021040665657,3.575104641506471,-0.7376951317802901,0.7376951317802901,-0.4820426798824101,-0.3075623426146228,0.6158384251930635,-0.13085598064755344,-0.2359813632291101,-0.2662958158485814,-0.19611613513818404,-0.19300937626135234,-0.12168146174384352,-0.06715342778730747,-0.03352007615769955,0.5449249778098338,-0.21680296415038888,-0.5118980953829163,0.8505317485662419,-0.40583972495671383,-0.16278112867447064,0.8119223343984152,-0.1699069165076462,-0.2081478487327801,-0.6981970580620328,-0.7376951317802901,0.7376951317802901,-0.7376951317802901,0.7376951317802901,-0.7376951317802901,0.7376951317802901,-0.7376951317802901,0.7376951317802901,-0.4820426798824101,-0.3075623426146228,0.6158384251930635,-0.4820426798824101,-0.3075623426146228,0.6158384251930635,-0.4820426798824101,-0.3075623426146228,0.6158384251930635,-0.13085598064755344,-0.2359813632291101,-0.2662958158485814,-0.19611613513818404,-0.19300937626135234,-0.12168146174384352,-0.06715342778730747,-0.03352007615769955,0.5449249778098338,-0.13085598064755344,-0.2359813632291101,-0.2662958158485814,-0.19611613513818404,-0.19300937626135234,-0.12168146174384352,-0.06715342778730747,-0.03352007615769955,0.5449249778098338,-0.21680296415038888,-0.5118980953829163,0.8505317485662419,-0.40583972495671383,-0.16278112867447064
1,0.7736887268028148,0.8273772438659699,1.340131927606843,0.7676298785983874,-0.25738139055448933,0.5446511676720712,-1.3133832581875537,-1.5315413136505371,1.0462986376687076,0.7736887268028148,0.8273772438659699,1.340131927606843,0.7676298785983874,-0.25738139055448933,0.5446511676720712,-1.3133832581875537,-1.5315413136505371,1.0462986376687076,0.6370951368058476,1.2420240995249208,1.8596887874910857,1.0897175011019673,-0.07557041555283621,1.0349108487455847,-0.7025280843086942,-1.0679505131647973,1.496443363927137,0.8635041745453002,1.480488733335722,0.9889639986931354,0.12521433674302407,0.7925352191037062,-0.9255628795100984,-1.3511866656994136,1.3944313823577814,0.39306309640292114,0.7239492878412465,0.15994607993077492,1.4524203625197576,0.036734288740509366,-0.3694246287326534,0.5884818151407389,0.07498045644575013,-0.02536309048277139,0.9624460102277982,-0.07128042961738269,-0.2943754514063852,0.4785838528544551,-0.18031522180063347,0.13022550082644685,-0.5587213057024594,-0.5019144239909011,-0.12598656846697479,0.5449215208897721,-0.8376565205383595,-1.107608862589304,1.2777712102587122,-1.177626087863427,-1.086381470456385,-0.4001183608312462,-1.0507990843927357,-0.855906515359889,0.52576326485718,1.3555735383351193,-1.3555735383351195,2.0745051044939435,-0.3075623426146228,-1.6238025415294657,-0.13085598064755344,-0.2359813632291101,-0.2662958158485814,-0.19611613513818404,-0.19300937626135234,-0.12168146174384352,-0.06715342778730747,-0.03352007615769955,0.5449249778098338,-0.21680296415038888,1.9535138126504805,-1.175735064194511,-0.40583972495671383,-0.16278112867447064,-1.2316448970959013,-0.1699069165076462,-0.2081478487327801,1.4322604033532795,1.3555735383351193,-1.3555735383351195,1.3555735383351193,-1.3555735383351195,1.3555735383351193,-1.3555735383351195,1.3555735383351193,-1.3555735383351195,2.0745051044939435,-0.3075623426146228,-1.6238025415294657,2.0745051044939435,-0.3075623426146228,-1.6238025415294657,2.0745051044939435,-0.3075623426146228,-1.6238025415294657,-0.13085598064755344,-0.2359813632291101,-0.2662958158485814,-0.19611613513818404,-0.19300937626135234,-0.12168146174384352,-0.06715342778730747,-0.03352007615769955,0.5449249778098338,-0.13085598064755344,-0.2359813632291101,-0.2662958158485814,-0.19611613513818404,-0.19300937626135234,-0.12168146174384352,-0.06715342778730747,-0.03352007615769955,0.5449249778098338,-0.21680296415038888,1.9535138126504805,-1.175735064194511,-0.40583972495671383,-0.16278112867447064
1,0.7775766098520751,-1.5661069258891576,0.4327933656785018,-0.4736736092984604,0.8900579249380361,-1.8668102534866975,-1.1168810094012038,1.5713969870477085,0.48939774987729867,0.7775766098520751,-1.5661069258891576,0.4327933656785018,-0.4736736092984604,0.8900579249380361,-1.8668102534866975,-1.1168810094012038,1.5713969870477085,0.48939774987729867,0.6425438092672405,-0.5116957336679784,0.743576746062158,-0.3895323082701867,1.2608437472673433,-1.109056120582172,-0.5213941699887266,2.0257536639852436,0.9095255339907596,-1.4609134070857044,-0.0891393739966534,-0.4194008220350217,0.49284415060404635,-1.6704316554584984,-1.1971699031058678,-0.07073690533028135,-0.3576753639798948,-0.07639966350995119,-0.28708333828187355,0.6406788250968803,-0.35417626015527026,-0.09084380059842266,1.5418115634009901,0.048706956904792466,-0.2900883232983121,-0.2955781683826058,-0.3888554871521795,-0.41265547100857053,-0.2943754514063852,-0.3658086479243954,0.13293545372522053,-0.46899452344532194,0.07713106893098862,1.7088233652962073,0.5048639118310001,-1.8399449636419904,-1.2446395073846672,-0.9670871128370189,-0.8026846322335551,-1.1087392780725651,-0.24474347742487473,-0.38048523899815734,1.973254696598896,1.823060833067492,0.08106764742915833,-0.7376951317802901,0.7376951317802901,2.0745051044939435,-0.3075623426146228,-1.6238025415294657,-0.13085598064755344,-0.2359813632291101,-0.2662958158485814,5.099019513592785,-0.19300937626135234,-0.12168146174384352,-0.06715342778730747,-0.03352007615769955,-1.8351149988007645,-0.21680296415038888,-0.5118980953829163,0.8505317485662419,-0.40583972495671383,-0.16278112867447064,-1.2316448970959013,-0.1699069165076462,-0.2081478487327801,1.4322604033532795,-0.7376951317802901,0.7376951317802901,-0.7376951317802901,0.7376951317802901,-0.7376951317802901,0.7376951317802901,-0.7376951317802901,0.7376951317802901,2.0745051044939435,-0.3075623426146228,-1.6238025415294657,2.0745051044939435,-0.3075623426146228,-1.6238025415294657,2.0745051044939435,-0.3075623426146228,-1.6238025415294657,-0.13085598064755344,-0.2359813632291101,-0.2662958158485814,5.099019513592785,-0.19300937626135234,-0.12168146174384352,-0.06715342778730747,-0.03352007615769955,-1.8351149988007645,-0.13085598064755344,-0.2359813632291101,-0.2662958158485814,5.099019513592785,-0.19300937626135234,-0.12168146174384352,-0.06715342778730747,-0.03352007615769955,-1.8351149988007645,-0.21680296415038888,-0.5118980953829163,0.8505317485662419,-0.40583972495671383,-0.16278112867447064
0,0.7814644929013355,0.8273772438659699,-0.47454519624983954,-0.4736736092984604,-0.4989475622371262,0.5446511676720712,0.96425644365423,-1.1867703913507321,-0.6244040257055189,0.7814644929013355,0.8273772438659699,-0.47454519624983954,-0.4736736092984604,-0.4989475622371262,0.5446511676720712,0.96425644365423,-1.1867703913507321,-0.6244040257055189,0.648000922739418,1.2501872639928473,-0.3760014818308347,-0.3895323082701867,-0.3558325100114205,1.0418752368800759,1.3933367218305641,-0.7236734917310037,-0.270709541473202,0.8635041745453002,-0.4030649954631285,-0.4194008220350217,-0.571347415835755,0.7925352191037062,1.3577269342345568,-0.9243700789097029,-0.3576753639798948,-0.2328872501475753,-0.28708333828187355,-0.32078666523533045,-0.39610534423349997,-0.38113017778990566,-0.3694246287326534,-0.2751579580367754,-0.2900883232983121,-0.2955781683826058,-0.3888554871521795,-0.41265547100857053,-0.2943754514063852,-0.3658086479243954,-0.19836401418550262,-0.33212765423625973,-0.41485036472765574,-0.4792899144514132,-0.4123594838653976,0.5449215208897721,1.1227307914744915,-0.7634324030510985,-0.337529114616601,0.9989187709831968,-0.7152983355245868,-0.22342026433344614,-1.0134650870965427,-0.7566855024551713,-0.4271559153457235,-0.7376951317802901,0.7376951317802901,-0.4820426798824101,-0.3075623426146228,0.6158384251930635,-0.13085598064755344,-0.2359813632291101,-0.2662958158485814,-0.19611613513818404,-0.19300937626135234,-0.12168146174384352,-0.06715342778730747,-0.03352007615769955,0.5449249778098338,-0.21680296415038888,-0.5118980953829163,0.8505317485662419,-0.40583972495671383,-0.16278112867447064,0.8119223343984152,-0.1699069165076462,-0.2081478487327801,-0.6981970580620328,-0.7376951317802901,0.7376951317802901,-0.7376951317802901,0.7376951317802901,-0.7376951317802901,0.7376951317802901,-0.7376951317802901,0.7376951317802901,-0.4820426798824101,-0.3075623426146228,0.6158384251930635,-0.4820426798824101,-0.3075623426146228,0.6158384251930635,-0.4820426798824101,-0.3075623426146228,0.6158384251930635,-0.13085598064755344,-0.2359813632291101,-0.2662958158485814,-0.19611613513818404,-0.19300937626135234,-0.12168146174384352,-0.06715342778730747,-0.03352007615769955,0.5449249778098338,-0.13085598064755344,-0.2359813632291101,-0.2662958158485814,-0.19611613513818404,-0.19300937626135234,-0.12168146174384352,-0.06715342778730747,-0.03352007615769955,0.5449249778098338,-0.21680296415038888,-0.5118980953829163,0.8505317485662419,-0.40583972495671383,-0.16278112867447064
1,0.7853523759505958,-1.5661069258891576,-0.47454519624983954,-0.4736736092984604,0.06470683835569327,-1.9265985531848488,-1.1168810094012038,1.5713969870477085,-0.6244040257055189,0.7853523759505958,-1.5661069258891576,-0.47454519624983954,-0.4736736092984604,0.06470683835569327,-1.9265985531848488,-1.1168810094012038,1.5713969870477085,-0.6244040257055189,0.65346647722238,-0.5089746788453362,-0.3760014818308347,-0.3895323082701867,0.30259840851275294,-1.162147560700137,-0.5194011066290016,2.035331695493448,-0.2697953392458867,-1.4609134070857044,-0.4030649954631285,-0.4194008220350217,-0.30046228983289647,-1.6901616971772877,-1.1971699031058678,-0.07073690533028135,-0.7470324187216006,-0.2328872501475753,-0.28708333828187355,-0.32078666523533045,-0.39610534423349997,-0.38113017778990566,-0.3694246287326534,-0.2751579580367754,-0.2900883232983121,-0.2955781683826058,-0.3888554871521795,-0.41265547100857053,-0.2943754514063852,-0.3658086479243954,-0.1303339505809958,-0.5725756132465167,-0.34116037056982945,0.5161885052860568,-0.29615018486313904,-1.8437381397128192,-1.2589233365057262,-1.0404028083599504,-0.8642805683563481,-1.1087392780725651,-0.24474347742487473,-0.7049484103449949,1.973254696598896,0.0370826007825713,-0.4271559153457235,-0.7376951317802901,0.7376951317802901,2.0745051044939435,-0.3075623426146228,-1.6238025415294657,7.64198926981712,-0.2359813632291101,-0.2662958158485814,-0.19611613513818404,-0.19300937626135234,-0.12168146174384352,-0.06715342778730747,-0.03352007615769955,-1.8351149988007645,-0.21680296415038888,-0.5118980953829163,-1.175735064194511,-0.40583972495671383,6.1432182473669785,0.8119223343984152,-0.1699069165076462,-0.2081478487327801,-0.6981970580620328,-0.7376951317802901,0.7376951317802901,-0.7376951317802901,0.7376951317802901,-0.7376951317802901,0.7376951317802901,-0.7376951317802901,0.7376951317802901,2.0745051044939435,-0.3075623426146228,-1.6238025415294657,2.0745051044939435,-0.3075623426146228,-1.6238025415294657,2.0745051044939435,-0.3075623426146228,-1.6238025415294657,7.64198926981712,-0.2359813632291101,-0.2662958158485814,-0.19611613513818404,-0.19300937626135234,-0.12168146174384352,-0.06715342778730747,-0.03352007615769955,-1.8351149988007645,7.64198926981712,-0.2359813632291101,-0.2662958158485814,-0.19611613513818404,-0.19300937626135234,-0.12168146174384352,-0.06715342778730747,-0.03352007615769955,-1.8351149988007645,-0.21680296415038888,-0.5118980953829163,-1.175735064194511,-0.40583972495671383,6.1432182473669785
0,0.7892402589998562,0.8273772438659699,-0.47454519624983954,-0.4736736092984604,-0.4989475622371262,0.5446511676720712,0.96425644365423,0.8818551424480984,-0.6244040257055189,0.7892402589998562,0.8273772438659699,-0.47454519624983954,-0.4736736092984604,-0.4989475622371262,0.5446511676720712,0.96425644365423,0.8818551424480984,-0.6244040257055189,0.6589404727161265,1.2583504284607738,-0.3760014818308347,-0.3895323082701867,-0.35532465739397034,1.0488396250145668,1.4012455019140586,1.3494382169336951,-0.26888113701857147,0.8635041745453002,-0.4030649954631285,-0.4194008220350217,-0.571347415835755,0.7925352191037062,1.3577269342345568,1.6365294418285616,-0.3576753639798948,-0.2328872501475753,-0.28708333828187355,-0.32078666523533045,-0.39610534423349997,-0.38113017778990566,-0.3694246287326534,-0.2751579580367754,-0.2900883232983121,-0.2955781683826058,-0.3888554871521795,-0.41265547100857053,-0.2943754514063852,-0.3658086479243954,-0.19836401418550262,-0.33212765423625973,-0.41485036472765574,-0.34354285721448546,-0.4123594838653976,0.5449215208897721,1.1227307914744915,1.3016263541781348,-0.337529114616601,0.9989187709831968,1.5112004740662026,-0.22342026433344614,0.7785667831207204,-0.16135942502686434,-0.4271559153457235,-0.7376951317802901,0.7376951317802901,-0.4820426798824101,-0.3075623426146228,0.6158384251930635,-0.13085598064755344,-0.2359813632291101,-0.2662958158485814,-0.19611613513818404,-0.19300937626135234,-0.12168146174384352,-0.06715342778730747,-0.03352007615769955,0.5449249778098338,-0.21680296415038888,-0.5118980953829163,0.8505317485662419,-0.40583972495671383,-0.16278112867447064,0.8119223343984152,-0.1699069165076462,-0.2081478487327801,-0.6981970580620328,-0.7376951317802901,0.7376951317802901,-0.7376951317802901,0.7376951317802901,-0.7376951317802901,0.7376951317802901,-0.7376951317802901,0.7376951317802901,-0.4820426798824101,-0.3075623426146228,0.6158384251930635,-0.4820426798824101,-0.3075623426146228,0.6158384251930635,-0.4820426798824101,-0.3075623426146228,0.6158384251930635,-0.13085598064755344,-0.2359813632291101,-0.2662958158485814,-0.19611613513818404,-0.19300937626135234,-0.12168146174384352,-0.06715342778730747,-0.03352007615769955,0.5449249778098338,-0.13085598064755344,-0.2359813632291101,-0.2662958158485814,-0.19611613513818404,-0.19300937626135234,-0.12168146174384352,-0.06715342778730747,-0.03352007615769955,0.5449249778098338,-0.21680296415038888,-0.5118980953829163,0.8505317485662419,-0.40583972495671383,-0.16278112867447064
1,0.7931281420491166,0.8273772438659699,-0.47454519624983954,-0.4736736092984604,-0.4989475622371262,0.5446511676720712,-0.5095104222433947,-0.497228546751122,-0.6244040257055189,0.7931281420491166,0.8273772438659699,-0.47454519624983954,-0.4736736092984604,-0.4989475622371262,0.5446511676720712,-0.5095104222433947,-0.497228546751122,-0.6244040257055189,0.6644229092206575,1.262432010694737,-0.3760014818308347,-0.3895323082701867,-0.3550707310852453,1.0523218190818124,0.04369641851315076,-0.030330433109314124,-0.2679669347912563,0.8635041745453002,-0.4030649954631285,-0.4194008220350217,-0.571347415835755,0.7925352191037062,-0.11969588642374947,-0.07073690533028135,-0.3576753639798948,-0.2328872501475753,-0.28708333828187355,-0.32078666523533045,-0.39610534423349997,-0.38113017778990566,-0.3694246287326534,-0.2751579580367754,-0.2900883232983121,-0.2955781683826058,-0.3888554871521795,-0.41265547100857053,-0.2943754514063852,-0.3658086479243954,-0.19836401418550262,-0.33212765423625973,-0.5649596120861907,-0.4340408953724373,-0.4123594838653976,0.5449215208897721,-0.14575511629852972,-0.07507948397468743,-0.337529114616601,-0.7538678336953983,-0.5628147359378447,-0.564416590908148,-0.714793108726999,-0.5582434766457356,-0.4271559153457235,1.3555735383351193,-1.3555735383351195,-0.4820426798824101,-0.3075623426146228,0.6158384251930635,-0.13085598064755344,-0.2359813632291101,-0.2662958158485814,-0.19611613513818404,-0.19300937626135234,-0.12168146174384352,-0.06715342778730747,-0.03352007615769955,0.5449249778098338,-0.21680296415038888,1.9535138126504805,-1.175735064194511,-0.40583972495671383,-0.16278112867447064,0.8119223343984152,-0.1699069165076462,-0.2081478487327801,-0.6981970580620328,1.3555735383351193,-1.3555735383351195,1.3555735383351193,-1.3555735383351195,1.3555735383351193,-1.3555735383351195,1.3555735383351193,-1.3555735383351195,-0.4820426798824101,-0.3075623426146228,0.6158384251930635,-0.4820426798824101,-0.3075623426146228,0.6158384251930635,-0.4820426798824101,-0.3075623426146228,0.6158384251930635,-0.13085598064755344,-0.2359813632291101,-0.2662958158485814,-0.19611613513818404,-0.19300937626135234,-0.12168146174384352,-0.06715342778730747,-0.03352007615769955,0.5449249778098338,-0.13085598064755344,-0.2359813632291101,-0.2662958158485814,-0.19611613513818404,-0.19300937626135234,-0.12168146174384352,-0.06715342778730747,-0.03352007615769955,0.5449249778098338,-0.21680296415038888,1.9535138126504805,-1.175735064194511,-0.40583972495671383,-0.16278112867447064
0,0.797016025098377,0.8273772438659699,-0.47454519624983954,-0.4736736092984604,-0.4989475622371262,0.5446511676720712,0.96425644365423,-0.841999469050927,-0.6244040257055189,0.797016025098377,0.8273772438659699,-0.47454519624983954,-0.4736736092984604,-0.4989475622371262,0.5446511676720712,0.96425644365423,-0.841999469050927,-0.6244040257055189,0.669913786735973,1.2665135929287006,-0.3760014818308347,-0.3895323082701867,-0.35481680477652017,1.055804013149058,1.4091542819975529,-0.3751395674046747,-0.267052732563941,0.8635041745453002,-0.4030649954631285,-0.4194008220350217,-0.571347415835755,0.7925352191037062,1.3577269342345568,-0.4975534921199921,-0.3576753639798948,-0.2328872501475753,-0.28708333828187355,-0.32078666523533045,-0.39610534423349997,-0.38113017778990566,-0.3694246287326534,-0.2751579580367754,-0.2900883232983121,-0.2955781683826058,-0.3888554871521795,-0.41265547100857053,-0.2943754514063852,-0.3658086479243954,-0.19836401418550262,-0.33212765423625973,-0.41485036472765574,-0.45666540491192525,-0.4123594838653976,0.5449215208897721,1.1227307914744915,-0.41925594351289297,-0.337529114616601,0.9989187709831968,-0.34421520059278854,-0.22342026433344614,-0.9014630952079639,-0.6574644895504534,-0.4271559153457235,-0.7376951317802901,0.7376951317802901,-0.4820426798824101,-0.3075623426146228,0.6158384251930635,-0.13085598064755344,-0.2359813632291101,-0.2662958158485814,-0.19611613513818404,-0.19300937626135234,-0.12168146174384352,-0.06715342778730747,-0.03352007615769955,0.5449249778098338,-0.21680296415038888,-0.5118980953829163,0.8505317485662419,-0.40583972495671383,-0.16278112867447064,0.8119223343984152,-0.1699069165076462,-0.2081478487327801,-0.6981970580620328,-0.7376951317802901,0.7376951317802901,-0.7376951317802901,0.7376951317802901,-0.7376951317802901,0.7376951317802901,-0.7376951317802901,0.7376951317802901,-0.4820426798824101,-0.3075623426146228,0.6158384251930635,-0.4820426798824101,-0.3075623426146228,0.6158384251930635,-0.4820426798824101,-0.3075623426146228,0.6158384251930635,-0.13085598064755344,-0.2359813632291101,-0.2662958158485814,-0.19611613513818404,-0.19300937626135234,-0.12168146174384352,-0.06715342778730747,-0.03352007615769955,0.5449249778098338,-0.13085598064755344,-0.2359813632291101,-0.2662958158485814,-0.19611613513818404,-0.19300937626135234,-0.12168146174384352,-0.06715342778730747,-0.03352007615769955,0.5449249778098338,-0.21680296415038888,-0.5118980953829163,0.8505317485662419,-0.40583972495671383,-0.16278112867447064
1,0.8009039081476373,-0.3693648410115938,-0.47454519624983954,0.7676298785983874,-0.17685933332694367,0.5446511676720712,-0.5095104222433947,-1.1867703913507321,-0.0675031379141101,0.8009039081476373,-0.3693648410115938,-0.47454519624983954,0.7676298785983874,-0.17685933332694367,0.5446511676720712,-0.5095104222433947,-1.1867703913507321,-0.0675031379141101,0.675413105262073,0.383531302981306,-0.3760014818308347,1.1057713750021303,0.023859871906519167,1.0592862072163036,0.047415957139898525,-0.7210129274231691,0.32992132187290396,-0.5892568139740777,-0.4030649954631285,0.5195090584504164,-0.08762397654493621,-0.04105904351514409,-0.5569533474872684,-1.0666422745062731,-0.1629968366090419,-0.2328872501475753,-0.28708333828187355,-0.32078666523533045,-0.39610534423349997,-0.38113017778990566,-0.3694246287326534,-0.2751579580367754,0.07498045644575013,0.031524294338246384,0.9624460102277982,0.4725028221561908,-0.080437011599624,0.056387602465029836,-0.17059664128570393,0.2843432191806824,-0.26032231701397773,-0.4275767497897265,-0.25049653168368036,0.5449215208897721,-0.14575511629852972,-0.7634324030510985,0.20090432700850336,-0.7538678336953983,-0.9118592256168716,-0.26165318579788244,-1.0134650870965427,-0.6574644895504534,-0.23657207930514282,1.3555735383351193,-1.3555735383351195,-0.4820426798824101,-0.3075623426146228,0.6158384251930635,-0.13085598064755344,-0.2359813632291101,-0.2662958158485814,-0.19611613513818404,-0.19300937626135234,-0.12168146174384352,-0.06715342778730747,-0.03352007615769955,0.5449249778098338,-0.21680296415038888,1.9535138126504805,-1.175735064194511,-0.40583972495671383,-0.16278112867447064,-1.2316448970959013,-0.1699069165076462,-0.2081478487327801,1.4322604033532795,1.3555735383351193,-1.3555735383351195,1.3555735383351193,-1.3555735383351195,1.3555735383351193,-1.3555735383351195,1.3555735383351193,-1.3555735383351195,-0.4820426798824101,-0.3075623426146228,0.6158384251930635,-0.4820426798824101,-0.3075623426146228,0.6158384251930635,-0.4820426798824101,-0.3075623426146228,0.6158384251930635,-0.13085598064755344,-0.2359813632291101,-0.2662958158485814,-0.19611613513818404,-0.19300937626135234,-0.12168146174384352,-0.06715342778730747,-0.03352007615769955,0.5449249778098338,-0.13085598064755344,-0.2359813632291101,-0.2662958158485814,-0.19611613513818404,-0.19300937626135234,-0.12168146174384352,-0.06715342778730747,-0.03352007615769955,0.5449249778098338,-0.21680296415038888,1.9535138126504805,-1.175735064194511,-0.40583972495671383,-0.16278112867447064
0,0.8047917911968977,0.8273772438659699,-0.47454519624983954,-0.4736736092984604,-0.4788170479302398,0.5446511676720712,0.96425644365423,-0.841999469050927,-0.6244040257055189,0.8047917911968977,0.8273772438659699,-0.47454519624983954,-0.4736736092984604,-0.4788170479302398,0.5446511676720712,0.96425644365423,-0.841999469050927,-0.6244040257055189,0.6809208647989574,1.2746767573966271,-0.3760014818308347,-0.3895323082701867,-0.3306212550737146,1.0627684012835492,1.4170630620810474,-0.373011115958407,-0.26522432810931057,0.8635041745453002,-0.4030649954631285,-0.4194008220350217,-0.5133006031208568,0.7925352191037062,1.3577269342345568,-0.4975534921199921,-0.3576753639798948,-0.2328872501475753,-0.28708333828187355,-0.32078666523533045,-0.39610534423349997,-0.38113017778990566,-0.3694246287326534,-0.2751579580367754,-0.2900883232983121,-0.2955781683826058,-0.3888554871521795,-0.41265547100857053,-0.2943754514063852,-0.3658086479243954,-0.1974962837823839,-0.29359822464770086,-0.374366355591566,-0.4502012593292144,-0.40820915175817407,0.5449215208897721,1.1227307914744915,-0.41925594351289297,-0.337529114616601,0.9989187709831968,-0.34421520059278854,-0.22342026433344614,-0.9014630952079639,-0.6574644895504534,-0.4271559153457235,-0.7376951317802901,0.7376951317802901,-0.4820426798824101,-0.3075623426146228,0.6158384251930635,-0.13085598064755344,-0.2359813632291101,-0.2662958158485814,-0.19611613513818404,-0.19300937626135234,-0.12168146174384352,-0.06715342778730747,-0.03352007615769955,0.5449249778098338,-0.21680296415038888,-0.5118980953829163,0.8505317485662419,-0.40583972495671383,-0.16278112867447064,0.8119223343984152,-0.1699069165076462,-0.2081478487327801,-0.6981970580620328,-0.7376951317802901,0.7376951317802901,-0.7376951317802901,0.7376951317802901,-0.7376951317802901,0.7376951317802901,-0.7376951317802901,0.7376951317802901,-0.4820426798824101,-0.3075623426146228,0.6158384251930635,-0.4820426798824101,-0.3075623426146228,0.6158384251930635,-0.4820426798824101,-0.3075623426146228,0.6158384251930635,-0.13085598064755344,-0.2359813632291101,-0.2662958158485814,-0.19611613513818404,-0.19300937626135234,-0.12168146174384352,-0.06715342778730747,-0.03352007615769955,0.5449249778098338,-0.13085598064755344,-0.2359813632291101,-0.2662958158485814,-0.19611613513818404,-0.19300937626135234,-0.12168146174384352,-0.06715342778730747,-0.03352007615769955,0.5449249778098338,-0.21680296415038888,-0.5118980953829163,0.8505317485662419,-0.40583972495671383,-0.16278112867447064
1,0.808679674246158,0.8273772438659699,-0.47454519624983954,-0.4736736092984604,-0.4989475622371262,0.5446511676720712,-1.5500791487711116,-1.5315413136505371,-0.6244040257055189,0.808679674246158,0.8273772438659699,-0.47454519624983954,-0.4736736092984604,-0.4989475622371262,0.5446511676720712,-1.5500791487711116,-1.5315413136505371,-0.6244040257055189,0.6864370653466264,1.2787583396305904,-0.3760014818308347,-0.3895323082701867,-0.3540550258503449,1.0662505953507948,-0.9160841885696644,-1.0679505131647973,-0.2643101258819953,0.8635041745453002,-0.4030649954631285,-0.4194008220350217,-0.571347415835755,0.7925352191037062,-1.1628459385855234,-1.3511866656994136,-0.3576753639798948,-0.2328872501475753,-0.28708333828187355,-0.32078666523533045,-0.39610534423349997,-0.38113017778990566,-0.3694246287326534,-0.2751579580367754,-0.2900883232983121,-0.2955781683826058,-0.3888554871521795,-0.41265547100857053,-0.2943754514063852,-0.3658086479243954,-0.19836401418550262,-0.33212765423625973,-0.6709458382514594,-0.5019144239909011,-0.4123594838653976,0.5449215208897721,-1.0413830451200872,-1.107608862589304,-0.337529114616601,-1.2307930204368625,-1.086381470456385,-0.8051806639139224,-1.0507990843927357,-0.855906515359889,-0.4271559153457235,1.3555735383351193,-1.3555735383351195,-0.4820426798824101,3.2513733362117265,-1.6238025415294657,-0.13085598064755344,-0.2359813632291101,-0.2662958158485814,-0.19611613513818404,-0.19300937626135234,-0.12168146174384352,-0.06715342778730747,-0.03352007615769955,0.5449249778098338,-0.21680296415038888,1.9535138126504805,-1.175735064194511,-0.40583972495671383,-0.16278112867447064,0.8119223343984152,-0.1699069165076462,-0.2081478487327801,-0.6981970580620328,1.3555735383351193,-1.3555735383351195,1.3555735383351193,-1.3555735383351195,1.3555735383351193,-1.3555735383351195,1.3555735383351193,-1.3555735383351195,-0.4820426798824101,3.2513733362117265,-1.6238025415294657,-0.4820426798824101,3.2513733362117265,-1.6238025415294657,-0.4820426798824101,3.2513733362117265,-1.6238025415294657,-0.13085598064755344,-0.2359813632291101,-0.2662958158485814,-0.19611613513818404,-0.19300937626135234,-0.12168146174384352,-0.06715342778730747,-0.03352007615769955,0.5449249778098338,-0.13085598064755344,-0.2359813632291101,-0.2662958158485814,-0.19611613513818404,-0.19300937626135234,-0.12168146174384352,-0.06715342778730747,-0.03352007615769955,0.5449249778098338,-0.21680296415038888,1.9535138126504805,-1.175735064194511,-0.40583972495671383,-0.16278112867447064
0,0.8125675572954184,0.8273772438659699,-0.47454519624983954,-0.4736736092984604,-0.5190780765440126,0.5446511676720712,-1.5500791487711116,-1.1867703913507321,-0.6244040257055189,0.8125675572954184,0.8273772438659699,-0.47454519624983954,-0.4736736092984604,-0.5190780765440126,0.5446511676720712,-1.5500791487711116,-1.1867703913507321,-0.6244040257055189,0.6919617069050799,1.2828399218645536,-0.3760014818308347,-0.3895323082701867,-0.3775613470008966,1.0697327894180402,-0.9157033484372329,-0.7194165888384684,-0.2633959236546801,0.8635041745453002,-0.4030649954631285,-0.4194008220350217,-0.6293942285506533,0.7925352191037062,-1.1628459385855234,-0.9243700789097029,-0.3576753639798948,-0.2328872501475753,-0.28708333828187355,-0.32078666523533045,-0.39610534423349997,-0.38113017778990566,-0.3694246287326534,-0.2751579580367754,-0.2900883232983121,-0.2955781683826058,-0.3888554871521795,-0.41265547100857053,-0.2943754514063852,-0.3658086479243954,-0.19911604720153883,-0.3706570838248186,-0.6748447797412914,-0.4825219872427686,-0.4165098159726211,0.5449215208897721,-1.0413830451200872,-0.7634324030510985,-0.337529114616601,-1.2307930204368625,-1.0506431268032423,-0.8051806639139224,-1.0134650870965427,-0.7566855024551713,-0.4271559153457235,1.3555735383351193,-1.3555735383351195,-0.4820426798824101,3.2513733362117265,-1.6238025415294657,-0.13085598064755344,-0.2359813632291101,-0.2662958158485814,-0.19611613513818404,-0.19300937626135234,-0.12168146174384352,-0.06715342778730747,-0.03352007615769955,0.5449249778098338,-0.21680296415038888,1.9535138126504805,-1.175735064194511,-0.40583972495671383,-0.16278112867447064,0.8119223343984152,-0.1699069165076462,-0.2081478487327801,-0.6981970580620328,1.3555735383351193,-1.3555735383351195,1.3555735383351193,-1.3555735383351195,1.3555735383351193,-1.3555735383351195,1.3555735383351193,-1.3555735383351195,-0.4820426798824101,3.2513733362117265,-1.6238025415294657,-0.4820426798824101,3.2513733362117265,-1.6238025415294657,-0.4820426798824101,3.2513733362117265,-1.6238025415294657,-0.13085598064755344,-0.2359813632291101,-0.2662958158485814,-0.19611613513818404,-0.19300937626135234,-0.12168146174384352,-0.06715342778730747,-0.03352007615769955,0.5449249778098338,-0.13085598064755344,-0.2359813632291101,-0.2662958158485814,-0.19611613513818404,-0.19300937626135234,-0.12168146174384352,-0.06715342778730747,-0.03352007615769955,0.5449249778098338,-0.21680296415038888,1.9535138126504805,-1.175735064194511,-0.40583972495671383,-0.16278112867447064
0,0.8164554403446789,-0.3693648410115938,1.340131927606843,-0.4736736092984604,0.8296663820173769,0.5446511676720712,0.96425644365423,-0.497228546751122,2.717001301042934,0.8164554403446789,-0.3693648410115938,1.340131927606843,-0.4736736092984604,0.8296663820173769,0.5446511676720712,0.96425644365423,-0.497228546751122,2.717001301042934,0.6974947894743179,0.39441552227187476,1.8978168385958005,-0.3895323082701867,1.2170233214187838,1.0732149834852858,1.428926232206289,-0.020752401601109666,3.3358182452853793,-0.5892568139740777,0.8526374904027719,-0.4194008220350217,1.847269780618339,-0.04105904351514409,0.42799519961826915,-0.4975534921199921,1.783788437099487,0.39306309640292114,-0.28708333828187355,1.526239145139706,1.4524203625197576,1.9226712615768957,0.9047328326897756,1.2362116450238745,-0.2900883232983121,-0.2955781683826058,-0.3888554871521795,-0.41265547100857053,-0.2943754514063852,-0.3658086479243954,0.10707708771228301,2.2108146986086266,2.2570942382542674,0.20590951731593626,1.6794078981752558,0.5449215208897721,1.1227307914744915,-0.07507948397468743,2.8930715351340255,0.9989187709831968,0.026867934339009688,3.6391381257763586,-0.714793108726999,1.227734755639185,2.6221854613035673,-0.7376951317802901,0.7376951317802901,-0.4820426798824101,-0.3075623426146228,0.6158384251930635,-0.13085598064755344,-0.2359813632291101,-0.2662958158485814,-0.19611613513818404,-0.19300937626135234,-0.12168146174384352,-0.06715342778730747,-0.03352007615769955,0.5449249778098338,-0.21680296415038888,-0.5118980953829163,0.8505317485662419,-0.40583972495671383,-0.16278112867447064,-1.2316448970959013,-0.1699069165076462,-0.2081478487327801,1.4322604033532795,-0.7376951317802901,0.7376951317802901,-0.7376951317802901,0.7376951317802901,-0.7376951317802901,0.7376951317802901,-0.7376951317802901,0.7376951317802901,-0.4820426798824101,-0.3075623426146228,0.6158384251930635,-0.4820426798824101,-0.3075623426146228,0.6158384251930635,-0.4820426798824101,-0.3075623426146228,0.6158384251930635,-0.13085598064755344,-0.2359813632291101,-0.2662958158485814,-0.19611613513818404,-0.19300937626135234,-0.12168146174384352,-0.06715342778730747,-0.03352007615769955,0.5449249778098338,-0.13085598064755344,-0.2359813632291101,-0.2662958158485814,-0.19611613513818404,-0.19300937626135234,-0.12168146174384352,-0.06715342778730747,-0.03352007615769955,0.5449249778098338,-0.21680296415038888,-0.5118980953829163,0.8505317485662419,-0.40583972495671383,-0.16278112867447064
0,0.8203433233939392,0.8273772438659699,-0.47454519624983954,-0.4736736092984604,-0.4989475622371262,0.5446511676720712,0.96425644365423,-0.1524576244513169,-0.6244040257055189,0.8203433233939392,0.8273772438659699,-0.47454519624983954,-0.4736736092984604,-0.4989475622371262,0.5446511676720712,0.96425644365423,-0.1524576244513169,-0.6244040257055189,0.7030363130543403,1.2910030863324804,-0.3760014818308347,-0.3895323082701867,-0.3532932469241696,1.0766971775525314,1.4328806222480361,0.3304420870330539,-0.26156751920004967,0.8635041745453002,-0.4030649954631285,-0.4194008220350217,-0.571347415835755,0.7925352191037062,1.3577269342345568,0.3560796814594294,-0.3576753639798948,-0.2328872501475753,-0.28708333828187355,-0.32078666523533045,-0.39610534423349997,-0.38113017778990566,-0.3694246287326534,-0.2751579580367754,-0.2900883232983121,-0.2955781683826058,-0.3888554871521795,-0.41265547100857053,-0.2943754514063852,-0.3658086479243954,-0.19836401418550262,-0.33212765423625973,-0.41485036472765574,-0.41141638583294937,-0.4123594838653976,0.5449215208897721,1.1227307914744915,0.2690969755635181,-0.337529114616601,0.9989187709831968,0.3979510692708079,-0.22342026433344614,-0.45345512765364804,-0.4590224637410178,-0.4271559153457235,-0.7376951317802901,0.7376951317802901,-0.4820426798824101,-0.3075623426146228,0.6158384251930635,-0.13085598064755344,-0.2359813632291101,-0.2662958158485814,-0.19611613513818404,-0.19300937626135234,-0.12168146174384352,-0.06715342778730747,-0.03352007615769955,0.5449249778098338,-0.21680296415038888,-0.5118980953829163,0.8505317485662419,-0.40583972495671383,-0.16278112867447064,0.8119223343984152,-0.1699069165076462,-0.2081478487327801,-0.6981970580620328,-0.7376951317802901,0.7376951317802901,-0.7376951317802901,0.7376951317802901,-0.7376951317802901,0.7376951317802901,-0.7376951317802901,0.7376951317802901,-0.4820426798824101,-0.3075623426146228,0.6158384251930635,-0.4820426798824101,-0.3075623426146228,0.6158384251930635,-0.4820426798824101,-0.3075623426146228,0.6158384251930635,-0.13085598064755344,-0.2359813632291101,-0.2662958158485814,-0.19611613513818404,-0.19300937626135234,-0.12168146174384352,-0.06715342778730747,-0.03352007615769955,0.5449249778098338,-0.13085598064755344,-0.2359813632291101,-0.2662958158485814,-0.19611613513818404,-0.19300937626135234,-0.12168146174384352,-0.06715342778730747,-0.03352007615769955,0.5449249778098338,-0.21680296415038888,-0.5118980953829163,0.8505317485662419,-0.40583972495671383,-0.16278112867447064
0,0.8242312064431996,0.8273772438659699,0.4327933656785018,0.7676298785983874,-0.33790344778203496,0.5446511676720712,-1.5500791487711116,0.5370842201482933,-0.0675031379141101,0.8242312064431996,0.8273772438659699,0.4327933656785018,0.7676298785983874,-0.33790344778203496,0.5446511676720712,-1.5500791487711116,0.5370842201482933,-0.0675031379141101,0.7085862776451473,1.2950846685664437,0.7643738648465479,1.119531838345127,-0.16208673645417243,1.080179371619777,-0.9145608280399384,1.032831064301381,0.3408917486006867,0.8635041745453002,0.5387118689362969,0.9889639986931354,-0.10697291411656897,0.7925352191037062,-1.1628459385855234,1.209712855038851,0.2263602181326639,-0.07639966350995119,0.2184329747796864,-0.1310237395118678,0.5281575091431288,-0.27019270879953,0.9047328326897756,-0.05924801474239681,0.07498045644575013,-0.08225047530378916,0.9624460102277982,-0.231394387084046,0.989255187434182,0.056387602465029836,-0.1881826441222431,-0.023892217527788678,-0.6397543063328027,-0.2110278727689132,-0.31690184539925664,0.5449215208897721,-1.0413830451200872,0.9574498946399291,0.20090432700850336,-1.2307930204368625,-0.871951408537529,-0.7431813318094311,0.29322481827021163,0.33474563949672476,-0.23657207930514282,1.3555735383351193,-1.3555735383351195,-0.4820426798824101,3.2513733362117265,-1.6238025415294657,-0.13085598064755344,-0.2359813632291101,-0.2662958158485814,-0.19611613513818404,-0.19300937626135234,-0.12168146174384352,-0.06715342778730747,-0.03352007615769955,0.5449249778098338,-0.21680296415038888,-0.5118980953829163,-1.175735064194511,2.4640269015229057,-0.16278112867447064,-1.2316448970959013,-0.1699069165076462,-0.2081478487327801,1.4322604033532795,1.3555735383351193,-1.3555735383351195,1.3555735383351193,-1.3555735383351195,1.3555735383351193,-1.3555735383351195,1.3555735383351193,-1.3555735383351195,-0.4820426798824101,3.2513733362117265,-1.6238025415294657,-0.4820426798824101,3.2513733362117265,-1.6238025415294657,-0.4820426798824101,3.2513733362117265,-1.6238025415294657,-0.13085598064755344,-0.2359813632291101,-0.2662958158485814,-0.19611613513818404,-0.19300937626135234,-0.12168146174384352,-0.06715342778730747,-0.03352007615769955,0.5449249778098338,-0.13085598064755344,-0.2359813632291101,-0.2662958158485814,-0.19611613513818404,-0.19300937626135234,-0.12168146174384352,-0.06715342778730747,-0.03352007615769955,0.5449249778098338,-0.21680296415038888,-0.5118980953829163,-1.175735064194511,2.4640269015229057,-0.16278112867447064
0,0.8281190894924599,-0.3693648410115938,-0.47454519624983954,-0.4736736092984604,-0.37816447639580775,0.5446511676720712,0.96425644365423,-0.497228546751122,-0.6244040257055189,0.8281190894924599,-0.3693648410115938,-0.47454519624983954,-0.4736736092984604,-0.37816447639580775,0.5446511676720712,0.96425644365423,-0.497228546751122,-0.6244040257055189,0.7141446832467387,0.4025786867398014,-0.3760014818308347,-0.3895323082701867,-0.209353305064001,1.0836615656870225,1.4407894023315306,-0.015963385847007433,-0.2597391147454192,-0.5892568139740777,-0.4030649954631285,-0.4194008220350217,-0.4746027279775913,-0.04105904351514409,0.42799519961826915,-0.4975534921199921,-0.5523538913507477,-0.2328872501475753,-0.28708333828187355,-0.32078666523533045,-0.39610534423349997,-0.38113017778990566,-0.3694246287326534,-0.2751579580367754,-0.2900883232983121,-0.2955781683826058,-0.3888554871521795,-0.41265547100857053,-0.2943754514063852,-0.3658086479243954,-0.19142217096055295,-0.10095107670490644,-0.17194630991111728,-0.3758635851280397,-0.38745749122205647,0.5449215208897721,1.1227307914744915,-0.07507948397468743,-0.337529114616601,0.9989187709831968,0.026867934339009688,-0.22342026433344614,-0.714793108726999,-0.5582434766457356,-0.4271559153457235,-0.7376951317802901,0.7376951317802901,-0.4820426798824101,-0.3075623426146228,0.6158384251930635,-0.13085598064755344,-0.2359813632291101,-0.2662958158485814,-0.19611613513818404,-0.19300937626135234,-0.12168146174384352,-0.06715342778730747,-0.03352007615769955,0.5449249778098338,-0.21680296415038888,-0.5118980953829163,0.8505317485662419,-0.40583972495671383,-0.16278112867447064,0.8119223343984152,-0.1699069165076462,-0.2081478487327801,-0.6981970580620328,-0.7376951317802901,0.7376951317802901,-0.7376951317802901,0.7376951317802901,-0.7376951317802901,0.7376951317802901,-0.7376951317802901,0.7376951317802901,-0.4820426798824101,-0.3075623426146228,0.6158384251930635,-0.4820426798824101,-0.3075623426146228,0.6158384251930635,-0.4820426798824101,-0.3075623426146228,0.6158384251930635,-0.13085598064755344,-0.2359813632291101,-0.2662958158485814,-0.19611613513818404,-0.19300937626135234,-0.12168146174384352,-0.06715342778730747,-0.03352007615769955,0.5449249778098338,-0.13085598064755344,-0.2359813632291101,-0.2662958158485814,-0.19611613513818404,-0.19300937626135234,-0.12168146174384352,-0.06715342778730747,-0.03352007615769955,0.5449249778098338,-0.21680296415038888,-0.5118980953829163,0.8505317485662419,-0.40583972495671383,-0.16278112867447064
0,0.8320069725417203,-1.5661069258891576,-0.47454519624983954,2.0089333664952354,1.6348869542928333,-1.8668102534866975,-1.1168810094012038,1.5713969870477085,0.48939774987729867,0.8320069725417203,-1.5661069258891576,-0.47454519624983954,2.0089333664952354,1.6348869542928333,-1.8668102534866975,-1.1168810094012038,1.5713969870477085,0.48939774987729867,0.7197115298591147,-0.49264834990948303,-0.3760014818308347,2.6377696271891056,2.1852806117745347,-1.106844549596663,-0.5074427264706521,2.0927998845426745,0.9479220275379991,-1.4609134070857044,-0.4030649954631285,0.5195090584504164,1.2087548407544582,-1.6704316554584984,-1.1971699031058678,-0.07073690533028135,-0.3576753639798948,-0.2328872501475753,-0.28708333828187355,-0.32078666523533045,-0.39610534423349997,-0.38113017778990566,-0.3694246287326534,-0.2751579580367754,1.1701867956779368,2.9185590740048983,-0.2662521954766786,0.5359442015297744,3.5565164651153163,0.9007801032438802,0.5374713676591627,-0.4043228378834608,0.4546135875048976,2.785103604817563,0.9655507757328107,-1.8399449636419904,-1.2446395073846672,-0.9670871128370189,-0.8026846322335551,-1.1087392780725651,-0.24474347742487473,-0.38048523899815734,1.973254696598896,1.823060833067492,0.08106764742915833,-0.7376951317802901,0.7376951317802901,2.0745051044939435,-0.3075623426146228,-1.6238025415294657,-0.13085598064755344,-0.2359813632291101,-0.2662958158485814,5.099019513592785,-0.19300937626135234,-0.12168146174384352,-0.06715342778730747,-0.03352007615769955,-1.8351149988007645,-0.21680296415038888,-0.5118980953829163,0.8505317485662419,-0.40583972495671383,-0.16278112867447064,-1.2316448970959013,-0.1699069165076462,-0.2081478487327801,1.4322604033532795,-0.7376951317802901,0.7376951317802901,-0.7376951317802901,0.7376951317802901,-0.7376951317802901,0.7376951317802901,-0.7376951317802901,0.7376951317802901,2.0745051044939435,-0.3075623426146228,-1.6238025415294657,2.0745051044939435,-0.3075623426146228,-1.6238025415294657,2.0745051044939435,-0.3075623426146228,-1.6238025415294657,-0.13085598064755344,-0.2359813632291101,-0.2662958158485814,5.099019513592785,-0.19300937626135234,-0.12168146174384352,-0.06715342778730747,-0.03352007615769955,-1.8351149988007645,-0.13085598064755344,-0.2359813632291101,-0.2662958158485814,5.099019513592785,-0.19300937626135234,-0.12168146174384352,-0.06715342778730747,-0.03352007615769955,-1.8351149988007645,-0.21680296415038888,-0.5118980953829163,0.8505317485662419,-0.40583972495671383,-0.16278112867447064
1,0.8358948555909808,-1.5661069258891576,1.340131927606843,-0.4736736092984604,2.0374972404305614,0.5446511676720712,0.96425644365423,1.5713969870477085,-0.0675031379141101,0.8358948555909808,-1.5661069258891576,1.340131927606843,-0.4736736092984604,2.0374972404305614,0.5446511676720712,0.96425644365423,1.5713969870477085,-0.0675031379141101,0.7252868174822752,-0.49128782249816194,1.9151477709161255,-0.3895323082701867,2.6689376795219206,1.0906259538215137,1.448698182415025,2.0975889002967767,0.3463769619645781,-1.4609134070857044,0.2247862474698217,-0.4194008220350217,1.5957335921871132,-0.8746533061339944,-0.5017365349980186,-0.07073690533028135,-0.5523538913507477,0.39306309640292114,-0.28708333828187355,3.044342550927407,1.4524203625197576,1.9226712615768957,3.453047755534634,0.15666192855198174,-0.2900883232983121,-0.2955781683826058,-0.3888554871521795,-0.41265547100857053,-0.2943754514063852,-0.3658086479243954,0.8220869398820994,4.52258047392216,4.686134786419652,3.3668767072615386,0.6625765319054937,0.5449215208897721,1.1227307914744915,1.9899792732545456,0.20090432700850336,0.9989187709831968,2.2533667439297993,0.42033946735152133,1.973254696598896,0.9300717169250317,-0.23657207930514282,-0.7376951317802901,0.7376951317802901,-0.4820426798824101,-0.3075623426146228,0.6158384251930635,-0.13085598064755344,-0.2359813632291101,-0.2662958158485814,-0.19611613513818404,-0.19300937626135234,-0.12168146174384352,-0.06715342778730747,-0.03352007615769955,0.5449249778098338,-0.21680296415038888,-0.5118980953829163,-1.175735064194511,-0.40583972495671383,6.1432182473669785,-1.2316448970959013,-0.1699069165076462,-0.2081478487327801,1.4322604033532795,-0.7376951317802901,0.7376951317802901,-0.7376951317802901,0.7376951317802901,-0.7376951317802901,0.7376951317802901,-0.7376951317802901,0.7376951317802901,-0.4820426798824101,-0.3075623426146228,0.6158384251930635,-0.4820426798824101,-0.3075623426146228,0.6158384251930635,-0.4820426798824101,-0.3075623426146228,0.6158384251930635,-0.13085598064755344,-0.2359813632291101,-0.2662958158485814,-0.19611613513818404,-0.19300937626135234,-0.12168146174384352,-0.06715342778730747,-0.03352007615769955,0.5449249778098338,-0.13085598064755344,-0.2359813632291101,-0.2662958158485814,-0.19611613513818404,-0.19300937626135234,-0.12168146174384352,-0.06715342778730747,-0.03352007615769955,0.5449249778098338,-0.21680296415038888,-0.5118980953829163,-1.175735064194511,-0.40583972495671383,6.1432182473669785
0,0.8397827386402411,0.8273772438659699,-0.47454519624983954,-0.4736736092984604,-0.4989475622371262,0.5446511676720712,-1.1168810094012038,1.2266260647479035,-0.6244040257055189,0.8397827386402411,0.8273772438659699,-0.47454519624983954,-0.4736736092984604,-0.4989475622371262,0.5446511676720712,-1.1168810094012038,1.2266260647479035,-0.6244040257055189,0.7308705461162202,1.3114109975022967,-0.3760014818308347,-0.3895323082701867,-0.3520236153805441,1.094108147888759,-0.5054496631109273,1.7501192016935818,-0.2569965080634735,0.8635041745453002,-0.4030649954631285,-0.4194008220350217,-0.571347415835755,0.7925352191037062,-0.7285731700889909,2.0633460286182723,-0.3576753639798948,-0.2328872501475753,-0.28708333828187355,-0.32078666523533045,-0.39610534423349997,-0.38113017778990566,-0.3694246287326534,-0.2751579580367754,-0.2900883232983121,-0.2955781683826058,-0.3888554871521795,-0.41265547100857053,-0.2943754514063852,-0.3658086479243954,-0.19836401418550262,-0.33212765423625973,-0.626822817058193,-0.32091834767499755,-0.4123594838653976,0.5449215208897721,-0.6685250661686233,1.64580281371634,-0.337529114616601,-1.1087392780725651,-0.33825880998393143,-0.7049484103449949,1.3385767425636153,-0.06213841212214652,-0.4271559153457235,-0.7376951317802901,0.7376951317802901,2.0745051044939435,-0.3075623426146228,-1.6238025415294657,-0.13085598064755344,-0.2359813632291101,-0.2662958158485814,-0.19611613513818404,-0.19300937626135234,-0.12168146174384352,-0.06715342778730747,-0.03352007615769955,0.5449249778098338,-0.21680296415038888,-0.5118980953829163,0.8505317485662419,-0.40583972495671383,-0.16278112867447064,0.8119223343984152,-0.1699069165076462,-0.2081478487327801,-0.6981970580620328,-0.7376951317802901,0.7376951317802901,-0.7376951317802901,0.7376951317802901,-0.7376951317802901,0.7376951317802901,-0.7376951317802901,0.7376951317802901,2.0745051044939435,-0.3075623426146228,-1.6238025415294657,2.0745051044939435,-0.3075623426146228,-1.6238025415294657,2.0745051044939435,-0.3075623426146228,-1.6238025415294657,-0.13085598064755344,-0.2359813632291101,-0.2662958158485814,-0.19611613513818404,-0.19300937626135234,-0.12168146174384352,-0.06715342778730747,-0.03352007615769955,0.5449249778098338,-0.13085598064755344,-0.2359813632291101,-0.2662958158485814,-0.19611613513818404,-0.19300937626135234,-0.12168146174384352,-0.06715342778730747,-0.03352007615769955,0.5449249778098338,-0.21680296415038888,-0.5118980953829163,0.8505317485662419,-0.40583972495671383,-0.16278112867447064
0,0.8436706216895015,-1.5661069258891576,-0.47454519624983954,-0.4736736092984604,-0.13659830471317083,-1.8792661492571456,0.96425644365423,1.2266260647479035,-0.6244040257055189,0.8436706216895015,-1.5661069258891576,-0.47454519624983954,-0.4736736092984604,-0.13659830471317083,-1.8792661492571456,0.96425644365423,1.2266260647479035,-0.6244040257055189,0.7364627157609496,-0.4885667676755197,-0.3760014818308347,-0.3895323082701867,0.08113839211750863,-1.1177547375174117,1.4566069624985194,1.754376104586117,-0.25608230583615826,-1.4609134070857044,-0.4030649954631285,-0.4194008220350217,-0.49395166554922404,-1.6745420808165796,-0.5017365349980186,-0.2130091009268516,-0.7470324187216006,-0.2328872501475753,-0.28708333828187355,-0.32078666523533045,-0.39610534423349997,-0.38113017778990566,-0.3694246287326534,-0.2751579580367754,-0.2900883232983121,-0.2955781683826058,-0.3888554871521795,-0.41265547100857053,-0.2943754514063852,-0.3658086479243954,-0.16504316670574418,-0.5628862596517609,0.3138617997219596,0.14450013428018324,-0.33765350593537424,-1.8409560124108695,-1.1751878000261426,-0.9962776212396675,-0.8541915788189941,0.9989187709831968,1.8822836089980008,-0.22342026433344614,1.3385767425636153,-0.06213841212214652,-0.4271559153457235,-0.7376951317802901,0.7376951317802901,-0.4820426798824101,-0.3075623426146228,0.6158384251930635,-0.13085598064755344,-0.2359813632291101,-0.2662958158485814,-0.19611613513818404,5.181095444015676,-0.12168146174384352,-0.06715342778730747,-0.03352007615769955,-1.8351149988007645,-0.21680296415038888,-0.5118980953829163,0.8505317485662419,-0.40583972495671383,-0.16278112867447064,0.8119223343984152,-0.1699069165076462,-0.2081478487327801,-0.6981970580620328,-0.7376951317802901,0.7376951317802901,-0.7376951317802901,0.7376951317802901,-0.7376951317802901,0.7376951317802901,-0.7376951317802901,0.7376951317802901,-0.4820426798824101,-0.3075623426146228,0.6158384251930635,-0.4820426798824101,-0.3075623426146228,0.6158384251930635,-0.4820426798824101,-0.3075623426146228,0.6158384251930635,-0.13085598064755344,-0.2359813632291101,-0.2662958158485814,-0.19611613513818404,5.181095444015676,-0.12168146174384352,-0.06715342778730747,-0.03352007615769955,-1.8351149988007645,-0.13085598064755344,-0.2359813632291101,-0.2662958158485814,-0.19611613513818404,5.181095444015676,-0.12168146174384352,-0.06715342778730747,-0.03352007615769955,-1.8351149988007645,-0.21680296415038888,-0.5118980953829163,0.8505317485662419,-0.40583972495671383,-0.16278112867447064
0,0.8475585047387618,0.8273772438659699,-0.47454519624983954,-0.4736736092984604,-0.4989475622371262,0.5446511676720712,0.96425644365423,0.8818551424480984,-0.6244040257055189,0.8475585047387618,0.8273772438659699,-0.47454519624983954,-0.4736736092984604,-0.4989475622371262,0.5446511676720712,0.96425644365423,0.8818551424480984,-0.6244040257055189,0.7420633264164636,1.3195741619702235,-0.3760014818308347,-0.3895323082701867,-0.35151576276309393,1.1010725360232503,1.4605613525402665,1.405310067398221,-0.25516810360884307,0.8635041745453002,-0.4030649954631285,-0.4194008220350217,-0.571347415835755,0.7925352191037062,1.3577269342345568,1.6365294418285616,-0.3576753639798948,-0.2328872501475753,-0.28708333828187355,-0.32078666523533045,-0.39610534423349997,-0.38113017778990566,-0.3694246287326534,-0.2751579580367754,-0.2900883232983121,-0.2955781683826058,-0.3888554871521795,-0.41265547100857053,-0.2943754514063852,-0.3658086479243954,-0.19836401418550262,-0.33212765423625973,-0.41485036472765574,-0.34354285721448546,-0.4123594838653976,0.5449215208897721,1.1227307914744915,1.3016263541781348,-0.337529114616601,0.9989187709831968,1.5112004740662026,-0.22342026433344614,0.7785667831207204,-0.16135942502686434,-0.4271559153457235,-0.7376951317802901,0.7376951317802901,-0.4820426798824101,-0.3075623426146228,0.6158384251930635,-0.13085598064755344,-0.2359813632291101,-0.2662958158485814,-0.19611613513818404,-0.19300937626135234,-0.12168146174384352,-0.06715342778730747,-0.03352007615769955,0.5449249778098338,-0.21680296415038888,-0.5118980953829163,0.8505317485662419,-0.40583972495671383,-0.16278112867447064,0.8119223343984152,-0.1699069165076462,-0.2081478487327801,-0.6981970580620328,-0.7376951317802901,0.7376951317802901,-0.7376951317802901,0.7376951317802901,-0.7376951317802901,0.7376951317802901,-0.7376951317802901,0.7376951317802901,-0.4820426798824101,-0.3075623426146228,0.6158384251930635,-0.4820426798824101,-0.3075623426146228,0.6158384251930635,-0.4820426798824101,-0.3075623426146228,0.6158384251930635,-0.13085598064755344,-0.2359813632291101,-0.2662958158485814,-0.19611613513818404,-0.19300937626135234,-0.12168146174384352,-0.06715342778730747,-0.03352007615769955,0.5449249778098338,-0.13085598064755344,-0.2359813632291101,-0.2662958158485814,-0.19611613513818404,-0.19300937626135234,-0.12168146174384352,-0.06715342778730747,-0.03352007615769955,0.5449249778098338,-0.21680296415038888,-0.5118980953829163,0.8505317485662419,-0.40583972495671383,-0.16278112867447064
1,0.8514463877880222,0.8273772438659699,0.4327933656785018,-0.4736736092984604,-0.4989475622371262,0.5446511676720712,0.96425644365423,-0.841999469050927,-0.6244040257055189,0.8514463877880222,0.8273772438659699,0.4327933656785018,-0.4736736092984604,-0.4989475622371262,0.5446511676720712,0.96425644365423,-0.841999469050927,-0.6244040257055189,0.747672378082762,1.3236557442041867,0.7765055174707753,-0.3895323082701867,-0.3512618364543688,1.1045547300904959,1.4645157425820137,-0.3602404072808011,-0.2542539013815278,0.8635041745453002,0.5387118689362969,-0.4194008220350217,-0.571347415835755,0.7925352191037062,1.3577269342345568,-0.4975534921199921,-0.3576753639798948,-0.07639966350995119,-0.28708333828187355,-0.2322306332310479,0.5281575091431288,0.770770541893495,0.055294525074822944,-0.16720298638958608,-0.2900883232983121,-0.2955781683826058,-0.3888554871521795,-0.41265547100857053,-0.2943754514063852,-0.3658086479243954,-0.19836401418550262,-0.33212765423625973,-0.41485036472765574,-0.45666540491192525,-0.4123594838653976,0.5449215208897721,1.1227307914744915,-0.41925594351289297,-0.337529114616601,0.9989187709831968,-0.34421520059278854,-0.22342026433344614,-0.9014630952079639,-0.6574644895504534,-0.4271559153457235,-0.7376951317802901,0.7376951317802901,-0.4820426798824101,-0.3075623426146228,0.6158384251930635,-0.13085598064755344,-0.2359813632291101,-0.2662958158485814,-0.19611613513818404,-0.19300937626135234,-0.12168146174384352,-0.06715342778730747,-0.03352007615769955,0.5449249778098338,-0.21680296415038888,-0.5118980953829163,0.8505317485662419,-0.40583972495671383,-0.16278112867447064,-1.2316448970959013,-0.1699069165076462,-0.2081478487327801,1.4322604033532795,-0.7376951317802901,0.7376951317802901,-0.7376951317802901,0.7376951317802901,-0.7376951317802901,0.7376951317802901,-0.7376951317802901,0.7376951317802901,-0.4820426798824101,-0.3075623426146228,0.6158384251930635,-0.4820426798824101,-0.3075623426146228,0.6158384251930635,-0.4820426798824101,-0.3075623426146228,0.6158384251930635,-0.13085598064755344,-0.2359813632291101,-0.2662958158485814,-0.19611613513818404,-0.19300937626135234,-0.12168146174384352,-0.06715342778730747,-0.03352007615769955,0.5449249778098338,-0.13085598064755344,-0.2359813632291101,-0.2662958158485814,-0.19611613513818404,-0.19300937626135234,-0.12168146174384352,-0.06715342778730747,-0.03352007615769955,0.5449249778098338,-0.21680296415038888,-0.5118980953829163,0.8505317485662419,-0.40583972495671383,-0.16278112867447064
0,0.8553342708372826,-0.3693648410115938,1.340131927606843,-0.4736736092984604,0.8296663820173769,0.5446511676720712,0.96425644365423,0.5370842201482933,2.717001301042934,0.8553342708372826,-0.3693648410115938,1.340131927606843,-0.4736736092984604,0.8296663820173769,0.5446511676720712,0.96425644365423,0.5370842201482933,2.717001301042934,0.7532898707598449,0.4216260704982968,1.9324787032364505,-0.3895323082701867,1.2435042079001153,1.1080369241577415,1.468470132623761,1.058372481656593,3.3998124011974453,-0.5892568139740777,0.8526374904027719,-0.4194008220350217,1.847269780618339,-0.04105904351514409,0.42799519961826915,0.3560796814594294,1.783788437099487,0.39306309640292114,-0.28708333828187355,1.526239145139706,1.4524203625197576,1.9226712615768957,2.1788902941122044,1.2362116450238745,-0.2900883232983121,-0.2955781683826058,-0.3888554871521795,-0.41265547100857053,-0.2943754514063852,-0.3658086479243954,0.10707708771228301,2.2108146986086266,2.2570942382542674,0.9137334586227737,1.6794078981752558,0.5449215208897721,1.1227307914744915,0.9574498946399291,2.8930715351340255,0.9989187709831968,1.1401173391344044,3.6391381257763586,0.29322481827021163,3.311376026638259,2.6221854613035673,-0.7376951317802901,0.7376951317802901,-0.4820426798824101,-0.3075623426146228,0.6158384251930635,-0.13085598064755344,-0.2359813632291101,-0.2662958158485814,-0.19611613513818404,-0.19300937626135234,-0.12168146174384352,-0.06715342778730747,-0.03352007615769955,0.5449249778098338,-0.21680296415038888,-0.5118980953829163,0.8505317485662419,-0.40583972495671383,-0.16278112867447064,-1.2316448970959013,-0.1699069165076462,-0.2081478487327801,1.4322604033532795,-0.7376951317802901,0.7376951317802901,-0.7376951317802901,0.7376951317802901,-0.7376951317802901,0.7376951317802901,-0.7376951317802901,0.7376951317802901,-0.4820426798824101,-0.3075623426146228,0.6158384251930635,-0.4820426798824101,-0.3075623426146228,0.6158384251930635,-0.4820426798824101,-0.3075623426146228,0.6158384251930635,-0.13085598064755344,-0.2359813632291101,-0.2662958158485814,-0.19611613513818404,-0.19300937626135234,-0.12168146174384352,-0.06715342778730747,-0.03352007615769955,0.5449249778098338,-0.13085598064755344,-0.2359813632291101,-0.2662958158485814,-0.19611613513818404,-0.19300937626135234,-0.12168146174384352,-0.06715342778730747,-0.03352007615769955,0.5449249778098338,-0.21680296415038888,-0.5118980953829163,0.8505317485662419,-0.40583972495671383,-0.16278112867447064
0,0.859222153886543,-0.3693648410115938,-0.47454519624983954,-0.4736736092984604,-0.37816447639580775,0.5446511676720712,0.96425644365423,-0.497228546751122,-0.6244040257055189,0.859222153886543,-0.3693648410115938,-0.47454519624983954,-0.4736736092984604,-0.37816447639580775,0.5446511676720712,0.96425644365423,-0.497228546751122,-0.6244040257055189,0.7589158044477123,0.424347125320939,-0.3760014818308347,-0.3895323082701867,-0.20558068562008527,1.111519118224987,1.4724245226655082,-0.003192677169401487,-0.25242549692689736,-0.5892568139740777,-0.4030649954631285,-0.4194008220350217,-0.4746027279775913,-0.04105904351514409,0.42799519961826915,-0.4975534921199921,-0.5523538913507477,-0.2328872501475753,-0.28708333828187355,-0.32078666523533045,-0.39610534423349997,-0.38113017778990566,-0.3694246287326534,-0.2751579580367754,-0.2900883232983121,-0.2955781683826058,-0.3888554871521795,-0.41265547100857053,-0.2943754514063852,-0.3658086479243954,-0.19142217096055295,-0.10095107670490644,-0.17194630991111728,-0.3758635851280397,-0.38745749122205647,0.5449215208897721,1.1227307914744915,-0.07507948397468743,-0.337529114616601,0.9989187709831968,0.026867934339009688,-0.22342026433344614,-0.714793108726999,-0.5582434766457356,-0.4271559153457235,-0.7376951317802901,0.7376951317802901,-0.4820426798824101,-0.3075623426146228,0.6158384251930635,-0.13085598064755344,-0.2359813632291101,-0.2662958158485814,-0.19611613513818404,-0.19300937626135234,-0.12168146174384352,-0.06715342778730747,-0.03352007615769955,0.5449249778098338,-0.21680296415038888,-0.5118980953829163,0.8505317485662419,-0.40583972495671383,-0.16278112867447064,0.8119223343984152,-0.1699069165076462,-0.2081478487327801,-0.6981970580620328,-0.7376951317802901,0.7376951317802901,-0.7376951317802901,0.7376951317802901,-0.7376951317802901,0.7376951317802901,-0.7376951317802901,0.7376951317802901,-0.4820426798824101,-0.3075623426146228,0.6158384251930635,-0.4820426798824101,-0.3075623426146228,0.6158384251930635,-0.4820426798824101,-0.3075623426146228,0.6158384251930635,-0.13085598064755344,-0.2359813632291101,-0.2662958158485814,-0.19611613513818404,-0.19300937626135234,-0.12168146174384352,-0.06715342778730747,-0.03352007615769955,0.5449249778098338,-0.13085598064755344,-0.2359813632291101,-0.2662958158485814,-0.19611613513818404,-0.19300937626135234,-0.12168146174384352,-0.06715342778730747,-0.03352007615769955,0.5449249778098338,-0.21680296415038888,-0.5118980953829163,0.8505317485662419,-0.40583972495671383,-0.16278112867447064
0,0.8631100369358033,0.8273772438659699,-0.47454519624983954,-0.4736736092984604,-0.4989475622371262,0.5446511676720712,0.96425644365423,-0.497228546751122,-0.6244040257055189,0.8631100369358033,0.8273772438659699,-0.47454519624983954,-0.4736736092984604,-0.4989475622371262,0.5446511676720712,0.96425644365423,-0.497228546751122,-0.6244040257055189,0.7645501791463643,1.3359004909060765,-0.3760014818308347,-0.3895323082701867,-0.3505000575281935,1.1150013122922326,1.4763789127072553,-0.0015963385847007434,-0.2515112946995821,0.8635041745453002,-0.4030649954631285,-0.4194008220350217,-0.571347415835755,0.7925352191037062,1.3577269342345568,-0.07073690533028135,-0.3576753639798948,-0.2328872501475753,-0.28708333828187355,-0.32078666523533045,-0.39610534423349997,-0.38113017778990566,-0.3694246287326534,-0.2751579580367754,-0.2900883232983121,-0.2955781683826058,-0.3888554871521795,-0.41265547100857053,-0.2943754514063852,-0.3658086479243954,-0.19836401418550262,-0.33212765423625973,-0.41485036472765574,-0.4340408953724373,-0.4123594838653976,0.5449215208897721,1.1227307914744915,-0.07507948397468743,-0.337529114616601,0.9989187709831968,0.026867934339009688,-0.22342026433344614,-0.714793108726999,-0.5582434766457356,-0.4271559153457235,-0.7376951317802901,0.7376951317802901,-0.4820426798824101,-0.3075623426146228,0.6158384251930635,-0.13085598064755344,-0.2359813632291101,-0.2662958158485814,-0.19611613513818404,-0.19300937626135234,-0.12168146174384352,-0.06715342778730747,-0.03352007615769955,0.5449249778098338,-0.21680296415038888,-0.5118980953829163,0.8505317485662419,-0.40583972495671383,-0.16278112867447064,0.8119223343984152,-0.1699069165076462,-0.2081478487327801,-0.6981970580620328,-0.7376951317802901,0.7376951317802901,-0.7376951317802901,0.7376951317802901,-0.7376951317802901,0.7376951317802901,-0.7376951317802901,0.7376951317802901,-0.4820426798824101,-0.3075623426146228,0.6158384251930635,-0.4820426798824101,-0.3075623426146228,0.6158384251930635,-0.4820426798824101,-0.3075623426146228,0.6158384251930635,-0.13085598064755344,-0.2359813632291101,-0.2662958158485814,-0.19611613513818404,-0.19300937626135234,-0.12168146174384352,-0.06715342778730747,-0.03352007615769955,0.5449249778098338,-0.13085598064755344,-0.2359813632291101,-0.2662958158485814,-0.19611613513818404,-0.19300937626135234,-0.12168146174384352,-0.06715342778730747,-0.03352007615769955,0.5449249778098338,-0.21680296415038888,-0.5118980953829163,0.8505317485662419,-0.40583972495671383,-0.16278112867447064
0,0.8669979199850637,0.8273772438659699,-0.47454519624983954,-0.4736736092984604,-0.4788170479302398,0.5446511676720712,0.96425644365423,1.2266260647479035,-0.6244040257055189,0.8669979199850637,0.8273772438659699,-0.47454519624983954,-0.4736736092984604,-0.4788170479302398,0.5446511676720712,0.96425644365423,1.2266260647479035,-0.6244040257055189,0.7701929948558007,1.33998207314004,-0.3760014818308347,-0.3895323082701867,-0.32597803114274143,1.1184835063594782,1.4803333027490024,1.779917521941329,-0.2505970924722669,0.8635041745453002,-0.4030649954631285,-0.4194008220350217,-0.5133006031208568,0.7925352191037062,1.3577269342345568,2.0633460286182723,-0.3576753639798948,-0.2328872501475753,-0.28708333828187355,-0.32078666523533045,-0.39610534423349997,-0.38113017778990566,-0.3694246287326534,-0.2751579580367754,-0.2900883232983121,-0.2955781683826058,-0.3888554871521795,-0.41265547100857053,-0.2943754514063852,-0.3658086479243954,-0.1974962837823839,-0.29359822464770086,-0.374366355591566,-0.2950617653441542,-0.40820915175817407,0.5449215208897721,1.1227307914744915,1.64580281371634,-0.337529114616601,0.9989187709831968,1.8822836089980008,-0.22342026433344614,1.3385767425636153,-0.06213841212214652,-0.4271559153457235,-0.7376951317802901,0.7376951317802901,-0.4820426798824101,-0.3075623426146228,0.6158384251930635,-0.13085598064755344,-0.2359813632291101,-0.2662958158485814,-0.19611613513818404,-0.19300937626135234,-0.12168146174384352,-0.06715342778730747,-0.03352007615769955,0.5449249778098338,-0.21680296415038888,-0.5118980953829163,0.8505317485662419,-0.40583972495671383,-0.16278112867447064,0.8119223343984152,-0.1699069165076462,-0.2081478487327801,-0.6981970580620328,-0.7376951317802901,0.7376951317802901,-0.7376951317802901,0.7376951317802901,-0.7376951317802901,0.7376951317802901,-0.7376951317802901,0.7376951317802901,-0.4820426798824101,-0.3075623426146228,0.6158384251930635,-0.4820426798824101,-0.3075623426146228,0.6158384251930635,-0.4820426798824101,-0.3075623426146228,0.6158384251930635,-0.13085598064755344,-0.2359813632291101,-0.2662958158485814,-0.19611613513818404,-0.19300937626135234,-0.12168146174384352,-0.06715342778730747,-0.03352007615769955,0.5449249778098338,-0.13085598064755344,-0.2359813632291101,-0.2662958158485814,-0.19611613513818404,-0.19300937626135234,-0.12168146174384352,-0.06715342778730747,-0.03352007615769955,0.5449249778098338,-0.21680296415038888,-0.5118980953829163,0.8505317485662419,-0.40583972495671383,-0.16278112867447064
1,0.8708858030343241,-1.5661069258891576,0.4327933656785018,-0.4736736092984604,0.40692558157276226,-1.747233654090395,-0.5095104222433947,1.2266260647479035,-0.0675031379141101,0.8708858030343241,-1.5661069258891576,0.4327933656785018,-0.4736736092984604,0.40692558157276226,-1.747233654090395,-0.5095104222433947,1.2266260647479035,-0.0675031379141101,0.7758442515760217,-0.47904307579627203,0.7851709836309378,-0.3895323082701867,0.7437046819552051,-0.9948236714176195,0.08089180478062842,1.7841744248338642,0.36283260205625223,-1.4609134070857044,-0.0891393739966534,-0.4194008220350217,0.028469648884860296,-1.6309715720209197,-0.9942108085507874,-0.2130091009268516,-0.5523538913507477,-0.07639966350995119,-0.28708333828187355,0.3370581439393401,-0.31042417242146536,0.16061446244642888,1.3294519864972518,-0.05924801474239681,-0.2900883232983121,-0.2955781683826058,-0.3888554871521795,-0.41265547100857053,-0.2943754514063852,-0.3658086479243954,-0.044775732833491094,-0.4161020520574778,0.2918327803044084,0.8426278572129544,-0.009777269464716258,-1.8243260033503432,-1.1676099405747105,-0.8523616263242837,-0.7761346597668339,-0.7538678336953983,0.3097964882597226,-0.26165318579788244,1.3385767425636153,0.7316296911155961,-0.23657207930514282,1.3555735383351193,-1.3555735383351195,-0.4820426798824101,-0.3075623426146228,0.6158384251930635,-0.13085598064755344,-0.2359813632291101,3.755222352305419,-0.19611613513818404,-0.19300937626135234,-0.12168146174384352,-0.06715342778730747,-0.03352007615769955,-1.8351149988007645,-0.21680296415038888,-0.5118980953829163,-1.175735064194511,2.4640269015229057,-0.16278112867447064,-1.2316448970959013,-0.1699069165076462,-0.2081478487327801,1.4322604033532795,1.3555735383351193,-1.3555735383351195,1.3555735383351193,-1.3555735383351195,1.3555735383351193,-1.3555735383351195,1.3555735383351193,-1.3555735383351195,-0.4820426798824101,-0.3075623426146228,0.6158384251930635,-0.4820426798824101,-0.3075623426146228,0.6158384251930635,-0.4820426798824101,-0.3075623426146228,0.6158384251930635,-0.13085598064755344,-0.2359813632291101,3.755222352305419,-0.19611613513818404,-0.19300937626135234,-0.12168146174384352,-0.06715342778730747,-0.03352007615769955,-1.8351149988007645,-0.13085598064755344,-0.2359813632291101,3.755222352305419,-0.19611613513818404,-0.19300937626135234,-0.12168146174384352,-0.06715342778730747,-0.03352007615769955,-1.8351149988007645,-0.21680296415038888,-0.5118980953829163,-1.175735064194511,2.4640269015229057,-0.16278112867447064
1,0.8747736860835844,-0.3693648410115938,0.4327933656785018,0.7676298785983874,0.14522889558323893,0.5446511676720712,-0.5095104222433947,1.2266260647479035,0.48939774987729867,0.8747736860835844,-0.3693648410115938,0.4327933656785018,0.7676298785983874,0.14522889558323893,0.5446511676720712,-0.5095104222433947,1.2266260647479035,0.48939774987729867,0.781503949307027,0.4352313446115078,0.7869040768629703,1.1493461755882868,0.4291625358187328,1.1254478944939692,0.0827515740940023,1.7884313277263995,0.9780907010394018,-0.5892568139740777,0.2247862474698217,0.5195090584504164,0.5315420257473119,-0.04105904351514409,-0.5569533474872684,0.9251684638457104,0.2263602181326639,-0.07639966350995119,0.2184329747796864,0.17259694164567244,0.5281575091431288,0.16061446244642888,1.3294519864972518,0.048706956904792466,0.07498045644575013,0.25907383362231745,0.9624460102277982,0.4725028221561908,1.4171320670477043,0.26748572765974243,-0.11321073729278662,0.9008140925976245,0.044314978058235296,0.5064922869119906,0.044177047929189486,0.5449215208897721,-0.14575511629852972,1.64580281371634,0.7393377686336078,-0.7538678336953983,0.3097964882597226,0.04111021931238319,1.3385767425636153,1.5253977943533386,0.08106764742915833,1.3555735383351193,-1.3555735383351195,-0.4820426798824101,-0.3075623426146228,0.6158384251930635,-0.13085598064755344,-0.2359813632291101,-0.2662958158485814,-0.19611613513818404,-0.19300937626135234,-0.12168146174384352,-0.06715342778730747,-0.03352007615769955,0.5449249778098338,-0.21680296415038888,-0.5118980953829163,-1.175735064194511,2.4640269015229057,-0.16278112867447064,-1.2316448970959013,-0.1699069165076462,-0.2081478487327801,1.4322604033532795,1.3555735383351193,-1.3555735383351195,1.3555735383351193,-1.3555735383351195,1.3555735383351193,-1.3555735383351195,1.3555735383351193,-1.3555735383351195,-0.4820426798824101,-0.3075623426146228,0.6158384251930635,-0.4820426798824101,-0.3075623426146228,0.6158384251930635,-0.4820426798824101,-0.3075623426146228,0.6158384251930635,-0.13085598064755344,-0.2359813632291101,-0.2662958158485814,-0.19611613513818404,-0.19300937626135234,-0.12168146174384352,-0.06715342778730747,-0.03352007615769955,0.5449249778098338,-0.13085598064755344,-0.2359813632291101,-0.2662958158485814,-0.19611613513818404,-0.19300937626135234,-0.12168146174384352,-0.06715342778730747,-0.03352007615769955,0.5449249778098338,-0.21680296415038888,-0.5118980953829163,-1.175735064194511,2.4640269015229057,-0.16278112867447064
0,0.8786615691328449,-1.5661069258891576,0.4327933656785018,-0.4736736092984604,0.40692558157276226,-1.8194778495589943,0.96425644365423,0.19231329784848822,-0.0675031379141101,0.8786615691328449,-1.5661069258891576,0.4327933656785018,-0.4736736092984604,0.40692558157276226,-1.8194778495589943,0.96425644365423,0.19231329784848822,-0.0675031379141101,0.787172088048817,-0.4763220209736298,0.7886371700950028,-0.3895323082701867,0.7474773013991208,-1.0611021186541474,1.492196472874244,0.7199487017000353,0.3664894109655132,-1.4609134070857044,-0.0891393739966534,-0.4194008220350217,0.028469648884860296,-1.6548120390977903,-0.5017365349980186,-0.6398256877165623,-0.5523538913507477,-0.07639966350995119,-0.28708333828187355,0.3370581439393401,-0.3368577254273058,0.770770541893495,0.6923732557860374,-0.05924801474239681,-0.2900883232983121,-0.2955781683826058,-0.3888554871521795,-0.41265547100857053,-0.2943754514063852,-0.3658086479243954,-0.044775732833491094,-0.473402229394309,1.4069300463963827,0.33842450176150857,-0.009777269464716258,-1.83504312030046,-1.1185073825585012,-0.9972958947885971,-0.8069326278282305,0.9989187709831968,0.7690342042026062,0.42033946735152133,-0.1174491519879112,0.13630361368728913,-0.23657207930514282,-0.7376951317802901,0.7376951317802901,-0.4820426798824101,-0.3075623426146228,0.6158384251930635,-0.13085598064755344,4.237622777986573,-0.2662958158485814,-0.19611613513818404,-0.19300937626135234,-0.12168146174384352,-0.06715342778730747,-0.03352007615769955,-1.8351149988007645,-0.21680296415038888,-0.5118980953829163,0.8505317485662419,-0.40583972495671383,-0.16278112867447064,-1.2316448970959013,-0.1699069165076462,-0.2081478487327801,1.4322604033532795,-0.7376951317802901,0.7376951317802901,-0.7376951317802901,0.7376951317802901,-0.7376951317802901,0.7376951317802901,-0.7376951317802901,0.7376951317802901,-0.4820426798824101,-0.3075623426146228,0.6158384251930635,-0.4820426798824101,-0.3075623426146228,0.6158384251930635,-0.4820426798824101,-0.3075623426146228,0.6158384251930635,-0.13085598064755344,4.237622777986573,-0.2662958158485814,-0.19611613513818404,-0.19300937626135234,-0.12168146174384352,-0.06715342778730747,-0.03352007615769955,-1.8351149988007645,-0.13085598064755344,4.237622777986573,-0.2662958158485814,-0.19611613513818404,-0.19300937626135234,-0.12168146174384352,-0.06715342778730747,-0.03352007615769955,-1.8351149988007645,-0.21680296415038888,-0.5118980953829163,0.8505317485662419,-0.40583972495671383,-0.16278112867447064
0,0.8825494521821052,-0.3693648410115938,-0.47454519624983954,-0.4736736092984604,-0.438556019316467,0.5446511676720712,0.96425644365423,1.5713969870477085,-0.6244040257055189,0.8825494521821052,-0.3693648410115938,-0.47454519624983954,-0.4736736092984604,-0.438556019316467,0.5446511676720712,0.96425644365423,1.5713969870477085,-0.6244040257055189,0.7928486678013914,0.4406734542567922,-0.3760014818308347,-0.3895323082701867,-0.2759908235108583,1.1324122826284604,1.4961508629159914,2.1550570893460037,-0.24694028356300599,-0.5892568139740777,-0.4030649954631285,-0.4194008220350217,-0.5906963534073878,-0.04105904351514409,0.42799519961826915,1.209712855038851,-0.5523538913507477,-0.2328872501475753,-0.28708333828187355,-0.32078666523533045,-0.39610534423349997,-0.38113017778990566,-0.3694246287326534,-0.2751579580367754,-0.2900883232983121,-0.2955781683826058,-0.3888554871521795,-0.41265547100857053,-0.2943754514063852,-0.3658086479243954,-0.19541373081489902,-0.21653936547058308,-0.2933983373193865,-0.2110278727689132,-0.39990848754372704,0.5449215208897721,1.1227307914744915,1.9899792732545456,-0.337529114616601,0.9989187709831968,2.2533667439297993,-0.22342026433344614,1.973254696598896,0.0370826007825713,-0.4271559153457235,-0.7376951317802901,0.7376951317802901,-0.4820426798824101,-0.3075623426146228,0.6158384251930635,-0.13085598064755344,-0.2359813632291101,-0.2662958158485814,-0.19611613513818404,-0.19300937626135234,-0.12168146174384352,-0.06715342778730747,-0.03352007615769955,0.5449249778098338,-0.21680296415038888,-0.5118980953829163,0.8505317485662419,-0.40583972495671383,-0.16278112867447064,0.8119223343984152,-0.1699069165076462,-0.2081478487327801,-0.6981970580620328,-0.7376951317802901,0.7376951317802901,-0.7376951317802901,0.7376951317802901,-0.7376951317802901,0.7376951317802901,-0.7376951317802901,0.7376951317802901,-0.4820426798824101,-0.3075623426146228,0.6158384251930635,-0.4820426798824101,-0.3075623426146228,0.6158384251930635,-0.4820426798824101,-0.3075623426146228,0.6158384251930635,-0.13085598064755344,-0.2359813632291101,-0.2662958158485814,-0.19611613513818404,-0.19300937626135234,-0.12168146174384352,-0.06715342778730747,-0.03352007615769955,0.5449249778098338,-0.13085598064755344,-0.2359813632291101,-0.2662958158485814,-0.19611613513818404,-0.19300937626135234,-0.12168146174384352,-0.06715342778730747,-0.03352007615769955,0.5449249778098338,-0.21680296415038888,-0.5118980953829163,0.8505317485662419,-0.40583972495671383,-0.16278112867447064
1,0.8864373352313656,-0.3693648410115938,-0.47454519624983954,-0.4736736092984604,-0.37816447639580775,0.5446511676720712,0.96425644365423,0.19231329784848822,-0.6244040257055189,0.8864373352313656,-0.3693648410115938,-0.47454519624983954,-0.4736736092984604,-0.37816447639580775,0.5446511676720712,0.96425644365423,0.19231329784848822,-0.6244040257055189,0.7985336885647504,0.4433945090794344,-0.3760014818308347,-0.3895323082701867,-0.20227964360665904,1.135894476695706,1.5001052529577386,0.7252698303157045,-0.24602608133569076,-0.5892568139740777,-0.4030649954631285,-0.4194008220350217,-0.4746027279775913,-0.04105904351514409,0.42799519961826915,0.0715352902662889,-0.5523538913507477,-0.2328872501475753,-0.28708333828187355,-0.32078666523533045,-0.39610534423349997,-0.38113017778990566,-0.3694246287326534,-0.2751579580367754,-0.2900883232983121,-0.2955781683826058,-0.3888554871521795,-0.41265547100857053,-0.2943754514063852,-0.3658086479243954,-0.19142217096055295,-0.10095107670490644,-0.17194630991111728,-0.2918296925527987,-0.38745749122205647,0.5449215208897721,1.1227307914744915,0.6132734351017236,-0.337529114616601,0.9989187709831968,0.7690342042026062,-0.22342026433344614,-0.1174491519879112,-0.3598014508363,-0.4271559153457235,-0.7376951317802901,0.7376951317802901,-0.4820426798824101,-0.3075623426146228,0.6158384251930635,-0.13085598064755344,-0.2359813632291101,-0.2662958158485814,-0.19611613513818404,-0.19300937626135234,-0.12168146174384352,-0.06715342778730747,-0.03352007615769955,0.5449249778098338,-0.21680296415038888,-0.5118980953829163,0.8505317485662419,-0.40583972495671383,-0.16278112867447064,0.8119223343984152,-0.1699069165076462,-0.2081478487327801,-0.6981970580620328,-0.7376951317802901,0.7376951317802901,-0.7376951317802901,0.7376951317802901,-0.7376951317802901,0.7376951317802901,-0.7376951317802901,0.7376951317802901,-0.4820426798824101,-0.3075623426146228,0.6158384251930635,-0.4820426798824101,-0.3075623426146228,0.6158384251930635,-0.4820426798824101,-0.3075623426146228,0.6158384251930635,-0.13085598064755344,-0.2359813632291101,-0.2662958158485814,-0.19611613513818404,-0.19300937626135234,-0.12168146174384352,-0.06715342778730747,-0.03352007615769955,0.5449249778098338,-0.13085598064755344,-0.2359813632291101,-0.2662958158485814,-0.19611613513818404,-0.19300937626135234,-0.12168146174384352,-0.06715342778730747,-0.03352007615769955,0.5449249778098338,-0.21680296415038888,-0.5118980953829163,0.8505317485662419,-0.40583972495671383,-0.16278112867447064
0,0.8903252182806259,-0.3693648410115938,-0.47454519624983954,-0.4736736092984604,-0.6398611623853311,0.5446511676720712,0.96425644365423,0.19231329784848822,-0.6244040257055189,0.8903252182806259,-0.3693648410115938,-0.47454519624983954,-0.4736736092984604,-0.6398611623853311,0.5446511676720712,0.96425644365423,0.19231329784848822,-0.6244040257055189,0.8042271503388938,0.44611556390207663,-0.3760014818308347,-0.3895323082701867,-0.5201228317565575,1.1393766707629516,1.5040596429994857,0.727930394623539,-0.2451118791083755,-0.5892568139740777,-0.4030649954631285,-0.4194008220350217,-0.9776751048400428,-0.04105904351514409,0.42799519961826915,0.0715352902662889,-0.5523538913507477,-0.2328872501475753,-0.28708333828187355,-0.32078666523533045,-0.39610534423349997,-0.38113017778990566,-0.3694246287326534,-0.2751579580367754,-0.2900883232983121,-0.2955781683826058,-0.3888554871521795,-0.41265547100857053,-0.2943754514063852,-0.3658086479243954,-0.20119860016902374,-0.6018336613561719,-0.698238428680284,-0.5019144239909011,-0.44141180861596224,0.5449215208897721,1.1227307914744915,0.6132734351017236,-0.337529114616601,0.9989187709831968,0.7690342042026062,-0.22342026433344614,-0.1174491519879112,-0.3598014508363,-0.4271559153457235,-0.7376951317802901,0.7376951317802901,-0.4820426798824101,-0.3075623426146228,0.6158384251930635,-0.13085598064755344,-0.2359813632291101,-0.2662958158485814,-0.19611613513818404,-0.19300937626135234,-0.12168146174384352,-0.06715342778730747,-0.03352007615769955,0.5449249778098338,-0.21680296415038888,-0.5118980953829163,0.8505317485662419,-0.40583972495671383,-0.16278112867447064,0.8119223343984152,-0.1699069165076462,-0.2081478487327801,-0.6981970580620328,-0.7376951317802901,0.7376951317802901,-0.7376951317802901,0.7376951317802901,-0.7376951317802901,0.7376951317802901,-0.7376951317802901,0.7376951317802901,-0.4820426798824101,-0.3075623426146228,0.6158384251930635,-0.4820426798824101,-0.3075623426146228,0.6158384251930635,-0.4820426798824101,-0.3075623426146228,0.6158384251930635,-0.13085598064755344,-0.2359813632291101,-0.2662958158485814,-0.19611613513818404,-0.19300937626135234,-0.12168146174384352,-0.06715342778730747,-0.03352007615769955,0.5449249778098338,-0.13085598064755344,-0.2359813632291101,-0.2662958158485814,-0.19611613513818404,-0.19300937626135234,-0.12168146174384352,-0.06715342778730747,-0.03352007615769955,0.5449249778098338,-0.21680296415038888,-0.5118980953829163,0.8505317485662419,-0.40583972495671383,-0.16278112867447064
0,0.8942131013298863,0.8273772438659699,-0.47454519624983954,-0.4736736092984604,-0.4989475622371262,0.5446511676720712,0.96425644365423,-1.1867703913507321,-0.6244040257055189,0.8942131013298863,0.8273772438659699,-0.47454519624983954,-0.4736736092984604,-0.4989475622371262,0.5446511676720712,0.96425644365423,-1.1867703913507321,-0.6244040257055189,0.8099290531238217,1.3685531487777831,-0.3760014818308347,-0.3895323082701867,-0.34846864705839276,1.1428588648301972,1.5080140330412328,-0.7082422187455631,-0.24419767688106028,0.8635041745453002,-0.4030649954631285,-0.4194008220350217,-0.571347415835755,0.7925352191037062,1.3577269342345568,-0.9243700789097029,-0.3576753639798948,-0.2328872501475753,-0.28708333828187355,-0.32078666523533045,-0.39610534423349997,-0.38113017778990566,-0.3694246287326534,-0.2751579580367754,-0.2900883232983121,-0.2955781683826058,-0.3888554871521795,-0.41265547100857053,-0.2943754514063852,-0.3658086479243954,-0.19836401418550262,-0.33212765423625973,-0.41485036472765574,-0.4792899144514132,-0.4123594838653976,0.5449215208897721,1.1227307914744915,-0.7634324030510985,-0.337529114616601,0.9989187709831968,-0.7152983355245868,-0.22342026433344614,-1.0134650870965427,-0.7566855024551713,-0.4271559153457235,-0.7376951317802901,0.7376951317802901,-0.4820426798824101,-0.3075623426146228,0.6158384251930635,-0.13085598064755344,-0.2359813632291101,-0.2662958158485814,-0.19611613513818404,-0.19300937626135234,-0.12168146174384352,-0.06715342778730747,-0.03352007615769955,0.5449249778098338,-0.21680296415038888,-0.5118980953829163,0.8505317485662419,-0.40583972495671383,-0.16278112867447064,0.8119223343984152,-0.1699069165076462,-0.2081478487327801,-0.6981970580620328,-0.7376951317802901,0.7376951317802901,-0.7376951317802901,0.7376951317802901,-0.7376951317802901,0.7376951317802901,-0.7376951317802901,0.7376951317802901,-0.4820426798824101,-0.3075623426146228,0.6158384251930635,-0.4820426798824101,-0.3075623426146228,0.6158384251930635,-0.4820426798824101,-0.3075623426146228,0.6158384251930635,-0.13085598064755344,-0.2359813632291101,-0.2662958158485814,-0.19611613513818404,-0.19300937626135234,-0.12168146174384352,-0.06715342778730747,-0.03352007615769955,0.5449249778098338,-0.13085598064755344,-0.2359813632291101,-0.2662958158485814,-0.19611613513818404,-0.19300937626135234,-0.12168146174384352,-0.06715342778730747,-0.03352007615769955,0.5449249778098338,-0.21680296415038888,-0.5118980953829163,0.8505317485662419,-0.40583972495671383,-0.16278112867447064
0,0.8981009843791468,0.8273772438659699,-0.47454519624983954,-0.4736736092984604,-0.4788170479302398,0.5446511676720712,0.96425644365423,-0.497228546751122,-0.6244040257055189,0.8981009843791468,0.8273772438659699,-0.47454519624983954,-0.4736736092984604,-0.4788170479302398,0.5446511676720712,0.96425644365423,-0.497228546751122,-0.6244040257055189,0.8156393969195341,1.3726347310117464,-0.3760014818308347,-0.3895323082701867,-0.32365641917725485,1.1463410588974425,1.5119684230829802,0.012770708677605947,-0.24328347465374506,0.8635041745453002,-0.4030649954631285,-0.4194008220350217,-0.5133006031208568,0.7925352191037062,1.3577269342345568,-0.07073690533028135,-0.3576753639798948,-0.2328872501475753,-0.28708333828187355,-0.32078666523533045,-0.39610534423349997,-0.38113017778990566,-0.3694246287326534,-0.2751579580367754,-0.2900883232983121,-0.2955781683826058,-0.3888554871521795,-0.41265547100857053,-0.2943754514063852,-0.3658086479243954,-0.1974962837823839,-0.29359822464770086,-0.374366355591566,-0.42434467699837103,-0.40820915175817407,0.5449215208897721,1.1227307914744915,-0.07507948397468743,-0.337529114616601,0.9989187709831968,0.026867934339009688,-0.22342026433344614,-0.714793108726999,-0.5582434766457356,-0.4271559153457235,-0.7376951317802901,0.7376951317802901,-0.4820426798824101,-0.3075623426146228,0.6158384251930635,-0.13085598064755344,-0.2359813632291101,-0.2662958158485814,-0.19611613513818404,-0.19300937626135234,-0.12168146174384352,-0.06715342778730747,-0.03352007615769955,0.5449249778098338,-0.21680296415038888,-0.5118980953829163,0.8505317485662419,-0.40583972495671383,-0.16278112867447064,0.8119223343984152,-0.1699069165076462,-0.2081478487327801,-0.6981970580620328,-0.7376951317802901,0.7376951317802901,-0.7376951317802901,0.7376951317802901,-0.7376951317802901,0.7376951317802901,-0.7376951317802901,0.7376951317802901,-0.4820426798824101,-0.3075623426146228,0.6158384251930635,-0.4820426798824101,-0.3075623426146228,0.6158384251930635,-0.4820426798824101,-0.3075623426146228,0.6158384251930635,-0.13085598064755344,-0.2359813632291101,-0.2662958158485814,-0.19611613513818404,-0.19300937626135234,-0.12168146174384352,-0.06715342778730747,-0.03352007615769955,0.5449249778098338,-0.13085598064755344,-0.2359813632291101,-0.2662958158485814,-0.19611613513818404,-0.19300937626135234,-0.12168146174384352,-0.06715342778730747,-0.03352007615769955,0.5449249778098338,-0.21680296415038888,-0.5118980953829163,0.8505317485662419,-0.40583972495671383,-0.16278112867447064
1,0.9019888674284071,0.8273772438659699,-0.47454519624983954,-0.4736736092984604,-0.45868653362335343,0.5446511676720712,-0.5095104222433947,-1.1867703913507321,-0.6244040257055189,0.9019888674284071,0.8273772438659699,-0.47454519624983954,-0.4736736092984604,-0.45868653362335343,0.5446511676720712,-0.5095104222433947,-1.1867703913507321,-0.6244040257055189,0.821358181726031,1.3767163132457096,-0.3760014818308347,-0.3895323082701867,-0.29877164092219544,1.1498232529646881,0.09576995928761949,-0.7071779930224293,-0.24236927242642983,0.8635041745453002,-0.4030649954631285,-0.4194008220350217,-0.4552537904059585,0.7925352191037062,-0.11969588642374947,-0.9243700789097029,-0.3576753639798948,-0.2328872501475753,-0.28708333828187355,-0.32078666523533045,-0.39610534423349997,-0.38113017778990566,-0.3694246287326534,-0.2751579580367754,-0.2900883232983121,-0.2955781683826058,-0.3888554871521795,-0.41265547100857053,-0.2943754514063852,-0.3658086479243954,-0.1965128559921827,-0.255068795059142,-0.526879950202164,-0.47282576886870237,-0.40405881965095053,0.5449215208897721,-0.14575511629852972,-0.7634324030510985,-0.337529114616601,-0.7538678336953983,-0.9118592256168716,-0.564416590908148,-1.0134650870965427,-0.7566855024551713,-0.4271559153457235,1.3555735383351193,-1.3555735383351195,-0.4820426798824101,-0.3075623426146228,0.6158384251930635,-0.13085598064755344,-0.2359813632291101,-0.2662958158485814,-0.19611613513818404,-0.19300937626135234,-0.12168146174384352,-0.06715342778730747,-0.03352007615769955,0.5449249778098338,-0.21680296415038888,1.9535138126504805,-1.175735064194511,-0.40583972495671383,-0.16278112867447064,0.8119223343984152,-0.1699069165076462,-0.2081478487327801,-0.6981970580620328,1.3555735383351193,-1.3555735383351195,1.3555735383351193,-1.3555735383351195,1.3555735383351193,-1.3555735383351195,1.3555735383351193,-1.3555735383351195,-0.4820426798824101,-0.3075623426146228,0.6158384251930635,-0.4820426798824101,-0.3075623426146228,0.6158384251930635,-0.4820426798824101,-0.3075623426146228,0.6158384251930635,-0.13085598064755344,-0.2359813632291101,-0.2662958158485814,-0.19611613513818404,-0.19300937626135234,-0.12168146174384352,-0.06715342778730747,-0.03352007615769955,0.5449249778098338,-0.13085598064755344,-0.2359813632291101,-0.2662958158485814,-0.19611613513818404,-0.19300937626135234,-0.12168146174384352,-0.06715342778730747,-0.03352007615769955,0.5449249778098338,-0.21680296415038888,1.9535138126504805,-1.175735064194511,-0.40583972495671383,-0.16278112867447064
0,0.9058767504776675,0.8273772438659699,0.4327933656785018,6.974147318082627,0.2861424957314438,0.5446511676720712,-0.5095104222433947,1.2266260647479035,3.2739021888343425,0.9058767504776675,0.8273772438659699,0.4327933656785018,6.974147318082627,0.2861424957314438,0.5446511676720712,-0.5095104222433947,1.2266260647479035,3.2739021888343425,0.8270854075433124,1.380797895479673,0.8007688227192303,8.953822301624628,0.6128963577748201,1.1533054470319337,0.09762972860099337,1.822486550866682,4.1037481162301725,0.8635041745453002,0.5387118689362969,8.03078810233392,1.692478280045277,0.7925352191037062,-0.11969588642374947,2.0633460286182723,3.730573710808016,-0.07639966350995119,2.746014540087486,0.261152973649955,0.5281575091431288,0.16061446244642888,1.3294519864972518,0.5884818151407389,12.852387747487926,3.6296513842676204,7.7189534971276865,4.898294287979998,9.974669659318153,9.76690136142181,-0.0787907646357445,1.1705200997175367,0.1775937946523285,0.6874883632278942,1.0859104068422927,0.5449215208897721,-0.14575511629852972,1.64580281371634,3.43150497675913,-0.7538678336953983,0.3097964882597226,1.5549272448637113,1.3385767425636153,5.494238310542051,3.575104641506471,1.3555735383351193,-1.3555735383351195,-0.4820426798824101,-0.3075623426146228,0.6158384251930635,-0.13085598064755344,-0.2359813632291101,-0.2662958158485814,-0.19611613513818404,-0.19300937626135234,-0.12168146174384352,-0.06715342778730747,-0.03352007615769955,0.5449249778098338,-0.21680296415038888,-0.5118980953829163,-1.175735064194511,2.4640269015229057,-0.16278112867447064,-1.2316448970959013,5.885575587824865,-0.2081478487327801,-0.6981970580620328,1.3555735383351193,-1.3555735383351195,1.3555735383351193,-1.3555735383351195,1.3555735383351193,-1.3555735383351195,1.3555735383351193,-1.3555735383351195,-0.4820426798824101,-0.3075623426146228,0.6158384251930635,-0.4820426798824101,-0.3075623426146228,0.6158384251930635,-0.4820426798824101,-0.3075623426146228,0.6158384251930635,-0.13085598064755344,-0.2359813632291101,-0.2662958158485814,-0.19611613513818404,-0.19300937626135234,-0.12168146174384352,-0.06715342778730747,-0.03352007615769955,0.5449249778098338,-0.13085598064755344,-0.2359813632291101,-0.2662958158485814,-0.19611613513818404,-0.19300937626135234,-0.12168146174384352,-0.06715342778730747,-0.03352007615769955,0.5449249778098338,-0.21680296415038888,-0.5118980953829163,-1.175735064194511,2.4640269015229057,-0.16278112867447064
1,0.9097646335269278,-1.5661069258891576,-0.47454519624983954,0.7676298785983874,9.666962162740512,-1.8194778495589943,-1.1168810094012038,0.8818551424480984,1.0462986376687076,0.9097646335269278,-1.5661069258891576,-0.47454519624983954,0.7676298785983874,9.666962162740512,-1.8194778495589943,-1.1168810094012038,0.8818551424480984,1.0462986376687076,0.8328210743713783,-0.465437801683061,-0.3760014818308347,1.1699868706027818,12.109446260490495,-1.059316378106842,-0.4875120928734031,1.4649067078937155,1.6244316757512691,-1.4609134070857044,-0.4030649954631285,0.0500541182076973,8.928980931835927,-1.6548120390977903,-1.1971699031058678,-0.35528129652342183,-0.1629968366090419,-0.2328872501475753,-0.28708333828187355,-0.32078666523533045,-0.39610534423349997,-0.38113017778990566,-0.3694246287326534,-0.2751579580367754,0.07498045644575013,6.986007088707669,-0.30223359629448865,0.061644365260601956,1.2031936272409431,0.4785838528544551,14.963489319507703,0.6627219764221708,4.5253034499640785,11.081834460226933,8.058468346977804,-1.83504312030046,-1.2333314759971623,-0.9531707076683144,-0.7379026994147555,-1.1087392780725651,-0.4317741425429881,-0.21825365332473853,0.7785667831207204,1.92228184597221,0.52576326485718,-0.7376951317802901,0.7376951317802901,2.0745051044939435,-0.3075623426146228,-1.6238025415294657,-0.13085598064755344,4.237622777986573,-0.2662958158485814,-0.19611613513818404,-0.19300937626135234,-0.12168146174384352,-0.06715342778730747,-0.03352007615769955,-1.8351149988007645,-0.21680296415038888,-0.5118980953829163,0.8505317485662419,-0.40583972495671383,-0.16278112867447064,-1.2316448970959013,-0.1699069165076462,-0.2081478487327801,1.4322604033532795,-0.7376951317802901,0.7376951317802901,-0.7376951317802901,0.7376951317802901,-0.7376951317802901,0.7376951317802901,-0.7376951317802901,0.7376951317802901,2.0745051044939435,-0.3075623426146228,-1.6238025415294657,2.0745051044939435,-0.3075623426146228,-1.6238025415294657,2.0745051044939435,-0.3075623426146228,-1.6238025415294657,-0.13085598064755344,4.237622777986573,-0.2662958158485814,-0.19611613513818404,-0.19300937626135234,-0.12168146174384352,-0.06715342778730747,-0.03352007615769955,-1.8351149988007645,-0.13085598064755344,4.237622777986573,-0.2662958158485814,-0.19611613513818404,-0.19300937626135234,-0.12168146174384352,-0.06715342778730747,-0.03352007615769955,-1.8351149988007645,-0.21680296415038888,-0.5118980953829163,0.8505317485662419,-0.40583972495671383,-0.16278112867447064
0,0.9136525165761882,0.8273772438659699,-0.47454519624983954,-0.4736736092984604,-0.4788170479302398,0.5446511676720712,-1.5500791487711116,-0.841999469050927,-0.6244040257055189,0.9136525165761882,0.8273772438659699,-0.47454519624983954,-0.4736736092984604,-0.4788170479302398,0.5446511676720712,-1.5500791487711116,-0.841999469050927,-0.6244040257055189,0.8385651822102287,1.3889610599475997,-0.3760014818308347,-0.3895323082701867,-0.32249561319451153,1.160269835166425,-0.9058015049940136,-0.3432127957106598,-0.23962666574448413,0.8635041745453002,-0.4030649954631285,-0.4194008220350217,-0.5133006031208568,0.7925352191037062,-1.1628459385855234,-0.4975534921199921,-0.3576753639798948,-0.2328872501475753,-0.28708333828187355,-0.32078666523533045,-0.39610534423349997,-0.38113017778990566,-0.3694246287326534,-0.2751579580367754,-0.2900883232983121,-0.2955781683826058,-0.3888554871521795,-0.41265547100857053,-0.2943754514063852,-0.3658086479243954,-0.1974962837823839,-0.29359822464770086,-0.6670468967616273,-0.4502012593292144,-0.40820915175817407,0.5449215208897721,-1.0413830451200872,-0.41925594351289297,-0.337529114616601,-1.2307930204368625,-1.0149047831500997,-0.8051806639139224,-0.9014630952079639,-0.6574644895504534,-0.4271559153457235,1.3555735383351193,-1.3555735383351195,-0.4820426798824101,3.2513733362117265,-1.6238025415294657,-0.13085598064755344,-0.2359813632291101,-0.2662958158485814,-0.19611613513818404,-0.19300937626135234,-0.12168146174384352,-0.06715342778730747,-0.03352007615769955,0.5449249778098338,-0.21680296415038888,1.9535138126504805,-1.175735064194511,-0.40583972495671383,-0.16278112867447064,0.8119223343984152,-0.1699069165076462,-0.2081478487327801,-0.6981970580620328,1.3555735383351193,-1.3555735383351195,1.3555735383351193,-1.3555735383351195,1.3555735383351193,-1.3555735383351195,1.3555735383351193,-1.3555735383351195,-0.4820426798824101,3.2513733362117265,-1.6238025415294657,-0.4820426798824101,3.2513733362117265,-1.6238025415294657,-0.4820426798824101,3.2513733362117265,-1.6238025415294657,-0.13085598064755344,-0.2359813632291101,-0.2662958158485814,-0.19611613513818404,-0.19300937626135234,-0.12168146174384352,-0.06715342778730747,-0.03352007615769955,0.5449249778098338,-0.13085598064755344,-0.2359813632291101,-0.2662958158485814,-0.19611613513818404,-0.19300937626135234,-0.12168146174384352,-0.06715342778730747,-0.03352007615769955,0.5449249778098338,-0.21680296415038888,1.9535138126504805,-1.175735064194511,-0.40583972495671383,-0.16278112867447064
1,0.9175403996254486,-1.5661069258891576,-0.47454519624983954,-0.4736736092984604,0.8900579249380361,-1.8668102534866975,-1.1168810094012038,-0.1524576244513169,0.48939774987729867,0.9175403996254486,-1.5661069258891576,-0.47454519624983954,-0.4736736092984604,0.8900579249380361,-1.8668102534866975,-1.1168810094012038,-0.1524576244513169,0.48939774987729867,0.8443177310598636,-0.4627167468604188,-0.3760014818308347,-0.3895323082701867,1.360092658791895,-1.1033692237622919,-0.48551902951367815,0.38365337318974535,1.0082593745408044,-1.4609134070857044,-0.4030649954631285,-0.4194008220350217,0.49284415060404635,-1.6704316554584984,-1.1971699031058678,-0.7820978833131326,-0.3576753639798948,-0.2328872501475753,-0.28708333828187355,-0.32078666523533045,-0.39610534423349997,-0.38113017778990566,-0.3694246287326534,-0.2751579580367754,-0.2900883232983121,-0.2955781683826058,-0.3888554871521795,-0.41265547100857053,-0.2943754514063852,-0.3658086479243954,0.13293545372522053,-0.46899452344532194,0.07713106893098862,0.4806357045811471,0.5048639118310001,-1.8399449636419904,-1.2446395073846672,-1.0451547515882884,-0.8026846322335551,-1.1087392780725651,-0.7123201402201582,-0.38048523899815734,-0.45345512765364804,0.33474563949672476,0.08106764742915833,-0.7376951317802901,0.7376951317802901,2.0745051044939435,-0.3075623426146228,-1.6238025415294657,-0.13085598064755344,-0.2359813632291101,-0.2662958158485814,5.099019513592785,-0.19300937626135234,-0.12168146174384352,-0.06715342778730747,-0.03352007615769955,-1.8351149988007645,-0.21680296415038888,-0.5118980953829163,0.8505317485662419,-0.40583972495671383,-0.16278112867447064,0.8119223343984152,-0.1699069165076462,-0.2081478487327801,-0.6981970580620328,-0.7376951317802901,0.7376951317802901,-0.7376951317802901,0.7376951317802901,-0.7376951317802901,0.7376951317802901,-0.7376951317802901,0.7376951317802901,2.0745051044939435,-0.3075623426146228,-1.6238025415294657,2.0745051044939435,-0.3075623426146228,-1.6238025415294657,2.0745051044939435,-0.3075623426146228,-1.6238025415294657,-0.13085598064755344,-0.2359813632291101,-0.2662958158485814,5.099019513592785,-0.19300937626135234,-0.12168146174384352,-0.06715342778730747,-0.03352007615769955,-1.8351149988007645,-0.13085598064755344,-0.2359813632291101,-0.2662958158485814,5.099019513592785,-0.19300937626135234,-0.12168146174384352,-0.06715342778730747,-0.03352007615769955,-1.8351149988007645,-0.21680296415038888,-0.5118980953829163,0.8505317485662419,-0.40583972495671383,-0.16278112867447064
0,0.921428282674709,0.8273772438659699,-0.47454519624983954,-0.4736736092984604,-0.45868653362335343,0.5446511676720712,0.96425644365423,-0.841999469050927,-0.6244040257055189,0.921428282674709,0.8273772438659699,-0.47454519624983954,-0.4736736092984604,-0.45868653362335343,0.5446511676720712,0.96425644365423,-0.841999469050927,-0.6244040257055189,0.850078720920283,1.397124224415526,-0.3760014818308347,-0.3895323082701867,-0.2971392575089627,1.167234223300916,1.5356947633334632,-0.34108434426439216,-0.23779826128985368,0.8635041745453002,-0.4030649954631285,-0.4194008220350217,-0.4552537904059585,0.7925352191037062,1.3577269342345568,-0.4975534921199921,-0.3576753639798948,-0.2328872501475753,-0.28708333828187355,-0.32078666523533045,-0.39610534423349997,-0.38113017778990566,-0.3694246287326534,-0.2751579580367754,-0.2900883232983121,-0.2955781683826058,-0.3888554871521795,-0.41265547100857053,-0.2943754514063852,-0.3658086479243954,-0.1965128559921827,-0.255068795059142,-0.33388234645547626,-0.4437371137465036,-0.40405881965095053,0.5449215208897721,1.1227307914744915,-0.41925594351289297,-0.337529114616601,0.9989187709831968,-0.34421520059278854,-0.22342026433344614,-0.9014630952079639,-0.6574644895504534,-0.4271559153457235,-0.7376951317802901,0.7376951317802901,-0.4820426798824101,-0.3075623426146228,0.6158384251930635,-0.13085598064755344,-0.2359813632291101,-0.2662958158485814,-0.19611613513818404,-0.19300937626135234,-0.12168146174384352,-0.06715342778730747,-0.03352007615769955,0.5449249778098338,-0.21680296415038888,-0.5118980953829163,0.8505317485662419,-0.40583972495671383,-0.16278112867447064,0.8119223343984152,-0.1699069165076462,-0.2081478487327801,-0.6981970580620328,-0.7376951317802901,0.7376951317802901,-0.7376951317802901,0.7376951317802901,-0.7376951317802901,0.7376951317802901,-0.7376951317802901,0.7376951317802901,-0.4820426798824101,-0.3075623426146228,0.6158384251930635,-0.4820426798824101,-0.3075623426146228,0.6158384251930635,-0.4820426798824101,-0.3075623426146228,0.6158384251930635,-0.13085598064755344,-0.2359813632291101,-0.2662958158485814,-0.19611613513818404,-0.19300937626135234,-0.12168146174384352,-0.06715342778730747,-0.03352007615769955,0.5449249778098338,-0.13085598064755344,-0.2359813632291101,-0.2662958158485814,-0.19611613513818404,-0.19300937626135234,-0.12168146174384352,-0.06715342778730747,-0.03352007615769955,0.5449249778098338,-0.21680296415038888,-0.5118980953829163,0.8505317485662419,-0.40583972495671383,-0.16278112867447064
0,0.9253161657239694,0.8273772438659699,4.0621476133918675,2.0089333664952354,0.2861424957314438,0.5446511676720712,0.96425644365423,-1.5315413136505371,3.2739021888343425,0.9253161657239694,0.8273772438659699,4.0621476133918675,2.0089333664952354,0.2861424957314438,0.5446511676720712,0.96425644365423,-1.5315413136505371,3.2739021888343425,0.8558481517914869,1.4012058066494892,5.551177371720303,2.74785333393308,0.6212396507757875,1.1707164173681615,1.5396491533752106,-1.0679505131647973,4.140316205322781,0.8635041745453002,4.305819326533998,2.3973288194212925,1.692478280045277,0.7925352191037062,1.3577269342345568,-1.3511866656994136,3.730573710808016,3.679302415793028,4.768079792333726,2.5889115291910967,4.225208922649644,5.378373420627098,-0.3694246287326534,4.043040907850796,1.1701867956779368,1.012831682500803,2.313747507607776,3.351533038490722,-0.2943754514063852,3.0117613551910063,-0.0787907646357445,1.1705200997175367,1.1640259915798443,-0.5019144239909011,1.0859104068422927,0.5449215208897721,1.1227307914744915,-1.107608862589304,3.43150497675913,0.9989187709831968,-1.086381470456385,4.282897857461326,-1.0507990843927357,-0.855906515359889,3.575104641506471,-0.7376951317802901,0.7376951317802901,-0.4820426798824101,-0.3075623426146228,0.6158384251930635,-0.13085598064755344,-0.2359813632291101,-0.2662958158485814,-0.19611613513818404,-0.19300937626135234,-0.12168146174384352,-0.06715342778730747,-0.03352007615769955,0.5449249778098338,-0.21680296415038888,-0.5118980953829163,0.8505317485662419,-0.40583972495671383,-0.16278112867447064,-1.2316448970959013,5.885575587824865,-0.2081478487327801,-0.6981970580620328,-0.7376951317802901,0.7376951317802901,-0.7376951317802901,0.7376951317802901,-0.7376951317802901,0.7376951317802901,-0.7376951317802901,0.7376951317802901,-0.4820426798824101,-0.3075623426146228,0.6158384251930635,-0.4820426798824101,-0.3075623426146228,0.6158384251930635,-0.4820426798824101,-0.3075623426146228,0.6158384251930635,-0.13085598064755344,-0.2359813632291101,-0.2662958158485814,-0.19611613513818404,-0.19300937626135234,-0.12168146174384352,-0.06715342778730747,-0.03352007615769955,0.5449249778098338,-0.13085598064755344,-0.2359813632291101,-0.2662958158485814,-0.19611613513818404,-0.19300937626135234,-0.12168146174384352,-0.06715342778730747,-0.03352007615769955,0.5449249778098338,-0.21680296415038888,-0.5118980953829163,0.8505317485662419,-0.40583972495671383,-0.16278112867447064
0,0.9292040487732297,-0.3693648410115938,0.4327933656785018,0.7676298785983874,0.14522889558323893,0.5446511676720712,0.96425644365423,1.5713969870477085,0.48939774987729867,0.9292040487732297,-0.3693648410115938,0.4327933656785018,0.7676298785983874,0.14522889558323893,0.5446511676720712,0.96425644365423,1.5713969870477085,0.48939774987729867,0.8616260236734753,0.4733261121284986,0.8111673821114253,1.1814539233886125,0.4489687878992903,1.174198611435407,1.5436035434169577,2.2125252783952303,1.0164871945866414,-0.5892568139740777,0.2247862474698217,0.5195090584504164,0.5315420257473119,-0.04105904351514409,0.42799519961826915,1.209712855038851,0.2263602181326639,-0.07639966350995119,0.2184329747796864,0.17259694164567244,0.5281575091431288,0.770770541893495,1.5418115634009901,0.048706956904792466,0.07498045644575013,0.25907383362231745,0.9624460102277982,1.4694387837410756,1.6310705068544655,0.26748572765974243,-0.11321073729278662,0.9008140925976245,0.880637927627216,0.6325431257748519,0.044177047929189486,0.5449215208897721,1.1227307914744915,1.9899792732545456,0.7393377686336078,0.9989187709831968,2.2533667439297993,1.0640991990364888,1.973254696598896,1.823060833067492,0.08106764742915833,-0.7376951317802901,0.7376951317802901,-0.4820426798824101,-0.3075623426146228,0.6158384251930635,-0.13085598064755344,-0.2359813632291101,-0.2662958158485814,-0.19611613513818404,-0.19300937626135234,-0.12168146174384352,-0.06715342778730747,-0.03352007615769955,0.5449249778098338,-0.21680296415038888,-0.5118980953829163,0.8505317485662419,-0.40583972495671383,-0.16278112867447064,-1.2316448970959013,-0.1699069165076462,-0.2081478487327801,1.4322604033532795,-0.7376951317802901,0.7376951317802901,-0.7376951317802901,0.7376951317802901,-0.7376951317802901,0.7376951317802901,-0.7376951317802901,0.7376951317802901,-0.4820426798824101,-0.3075623426146228,0.6158384251930635,-0.4820426798824101,-0.3075623426146228,0.6158384251930635,-0.4820426798824101,-0.3075623426146228,0.6158384251930635,-0.13085598064755344,-0.2359813632291101,-0.2662958158485814,-0.19611613513818404,-0.19300937626135234,-0.12168146174384352,-0.06715342778730747,-0.03352007615769955,0.5449249778098338,-0.13085598064755344,-0.2359813632291101,-0.2662958158485814,-0.19611613513818404,-0.19300937626135234,-0.12168146174384352,-0.06715342778730747,-0.03352007615769955,0.5449249778098338,-0.21680296415038888,-0.5118980953829163,0.8505317485662419,-0.40583972495671383,-0.16278112867447064
0,0.9330919318224901,-0.3693648410115938,0.4327933656785018,2.0089333664952354,0.18548992419701174,0.5446511676720712,-1.1168810094012038,-0.497228546751122,1.0462986376687076,0.9330919318224901,-0.3693648410115938,0.4327933656785018,2.0089333664952354,0.18548992419701174,0.5446511676720712,-1.1168810094012038,-0.497228546751122,1.0462986376687076,0.8674123365662482,0.47604716695114085,0.8129004753434578,2.7570269761617445,0.5001530767008775,1.1776808055026526,-0.48153290279422833,0.027137755939912637,1.6463725292068347,-0.5892568139740777,0.2247862474698217,1.4584189389358544,0.6089377760338429,-0.04105904351514409,-0.9628715365974293,-0.4975534921199921,0.6157172728743697,-0.07639966350995119,0.7239492878412465,0.19789866507546744,0.5281575091431288,-0.09084380059842266,0.2676541019785611,0.15666192855198174,1.1701867956779368,0.8706132204482585,2.313747507607776,0.5359442015297744,0.989255187434182,1.3229763536333055,-0.10395494632618706,0.9778729517747422,-0.27994698917946587,-0.10436947065418425,0.23924265696869487,0.5449215208897721,-0.6685250661686233,-0.07507948397468743,1.2777712102587122,-1.1087392780725651,-0.805835472779215,-0.21825365332473853,-0.714793108726999,0.33474563949672476,0.52576326485718,-0.7376951317802901,0.7376951317802901,2.0745051044939435,-0.3075623426146228,-1.6238025415294657,-0.13085598064755344,-0.2359813632291101,-0.2662958158485814,-0.19611613513818404,-0.19300937626135234,-0.12168146174384352,-0.06715342778730747,-0.03352007615769955,0.5449249778098338,-0.21680296415038888,-0.5118980953829163,0.8505317485662419,-0.40583972495671383,-0.16278112867447064,-1.2316448970959013,-0.1699069165076462,-0.2081478487327801,1.4322604033532795,-0.7376951317802901,0.7376951317802901,-0.7376951317802901,0.7376951317802901,-0.7376951317802901,0.7376951317802901,-0.7376951317802901,0.7376951317802901,2.0745051044939435,-0.3075623426146228,-1.6238025415294657,2.0745051044939435,-0.3075623426146228,-1.6238025415294657,2.0745051044939435,-0.3075623426146228,-1.6238025415294657,-0.13085598064755344,-0.2359813632291101,-0.2662958158485814,-0.19611613513818404,-0.19300937626135234,-0.12168146174384352,-0.06715342778730747,-0.03352007615769955,0.5449249778098338,-0.13085598064755344,-0.2359813632291101,-0.2662958158485814,-0.19611613513818404,-0.19300937626135234,-0.12168146174384352,-0.06715342778730747,-0.03352007615769955,0.5449249778098338,-0.21680296415038888,-0.5118980953829163,0.8505317485662419,-0.40583972495671383,-0.16278112867447064
0,0.9369798148717504,0.8273772438659699,3.1548090514635256,0.7676298785983874,0.14522889558323893,0.5446511676720712,0.96425644365423,-1.5315413136505371,2.717001301042934,0.9369798148717504,0.8273772438659699,3.1548090514635256,0.7676298785983874,0.14522889558323893,0.5446511676720712,0.96425644365423,-1.5315413136505371,2.717001301042934,0.8732070904698056,1.4134505533513793,4.386538719794465,1.1860407445029448,0.4517982524822271,1.1811629995698982,1.5515123235004522,-1.0679505131647973,3.534200128612784,0.8635041745453002,3.364042462134573,0.9889639986931354,1.2861505910409892,0.7925352191037062,1.3577269342345568,-1.3511866656994136,3.1465381286954575,2.2709141360544107,1.7349819139643663,1.652747762288681,3.3009460692730155,4.226472700943698,-0.3694246287326534,2.7475812480845243,0.07498045644575013,0.25907383362231745,0.9624460102277982,1.4694387837410756,-0.2943754514063852,1.1118782284385929,-0.11321073729278662,0.9008140925976245,0.880637927627216,-0.5019144239909011,0.6916288566560583,0.5449215208897721,1.1227307914744915,-1.107608862589304,2.8930715351340255,0.9989187709831968,-1.086381470456385,3.6391381257763586,-1.0507990843927357,-0.855906515359889,2.6221854613035673,-0.7376951317802901,0.7376951317802901,-0.4820426798824101,-0.3075623426146228,0.6158384251930635,-0.13085598064755344,-0.2359813632291101,-0.2662958158485814,-0.19611613513818404,-0.19300937626135234,-0.12168146174384352,-0.06715342778730747,-0.03352007615769955,0.5449249778098338,-0.21680296415038888,-0.5118980953829163,0.8505317485662419,-0.40583972495671383,-0.16278112867447064,-1.2316448970959013,-0.1699069165076462,4.804277373453898,-0.6981970580620328,-0.7376951317802901,0.7376951317802901,-0.7376951317802901,0.7376951317802901,-0.7376951317802901,0.7376951317802901,-0.7376951317802901,0.7376951317802901,-0.4820426798824101,-0.3075623426146228,0.6158384251930635,-0.4820426798824101,-0.3075623426146228,0.6158384251930635,-0.4820426798824101,-0.3075623426146228,0.6158384251930635,-0.13085598064755344,-0.2359813632291101,-0.2662958158485814,-0.19611613513818404,-0.19300937626135234,-0.12168146174384352,-0.06715342778730747,-0.03352007615769955,0.5449249778098338,-0.13085598064755344,-0.2359813632291101,-0.2662958158485814,-0.19611613513818404,-0.19300937626135234,-0.12168146174384352,-0.06715342778730747,-0.03352007615769955,0.5449249778098338,-0.21680296415038888,-0.5118980953829163,0.8505317485662419,-0.40583972495671383,-0.16278112867447064
0,0.9408676979210109,0.8273772438659699,-0.47454519624983954,-0.4736736092984604,-0.438556019316467,0.5446511676720712,0.96425644365423,-1.1867703913507321,-0.6244040257055189,0.9408676979210109,0.8273772438659699,-0.47454519624983954,-0.4736736092984604,-0.438556019316467,0.5446511676720712,0.96425644365423,-1.1867703913507321,-0.6244040257055189,0.8790102853841474,1.4175321355853425,-0.3760014818308347,-0.3895323082701867,-0.2705495454667491,1.1846451936371438,1.5554667135421993,-0.7018568644067602,-0.23322725015327753,0.8635041745453002,-0.4030649954631285,-0.4194008220350217,-0.3972069776910602,0.7925352191037062,1.3577269342345568,-0.9243700789097029,-0.3576753639798948,-0.2328872501475753,-0.28708333828187355,-0.32078666523533045,-0.39610534423349997,-0.38113017778990566,-0.3694246287326534,-0.2751579580367754,-0.2900883232983121,-0.2955781683826058,-0.3888554871521795,-0.41265547100857053,-0.2943754514063852,-0.3658086479243954,-0.19541373081489902,-0.21653936547058308,-0.2933983373193865,-0.46959369607734697,-0.39990848754372704,0.5449215208897721,1.1227307914744915,-0.7634324030510985,-0.337529114616601,0.9989187709831968,-0.7152983355245868,-0.22342026433344614,-1.0134650870965427,-0.7566855024551713,-0.4271559153457235,-0.7376951317802901,0.7376951317802901,-0.4820426798824101,-0.3075623426146228,0.6158384251930635,-0.13085598064755344,-0.2359813632291101,-0.2662958158485814,-0.19611613513818404,-0.19300937626135234,-0.12168146174384352,-0.06715342778730747,-0.03352007615769955,0.5449249778098338,-0.21680296415038888,-0.5118980953829163,0.8505317485662419,-0.40583972495671383,-0.16278112867447064,0.8119223343984152,-0.1699069165076462,-0.2081478487327801,-0.6981970580620328,-0.7376951317802901,0.7376951317802901,-0.7376951317802901,0.7376951317802901,-0.7376951317802901,0.7376951317802901,-0.7376951317802901,0.7376951317802901,-0.4820426798824101,-0.3075623426146228,0.6158384251930635,-0.4820426798824101,-0.3075623426146228,0.6158384251930635,-0.4820426798824101,-0.3075623426146228,0.6158384251930635,-0.13085598064755344,-0.2359813632291101,-0.2662958158485814,-0.19611613513818404,-0.19300937626135234,-0.12168146174384352,-0.06715342778730747,-0.03352007615769955,0.5449249778098338,-0.13085598064755344,-0.2359813632291101,-0.2662958158485814,-0.19611613513818404,-0.19300937626135234,-0.12168146174384352,-0.06715342778730747,-0.03352007615769955,0.5449249778098338,-0.21680296415038888,-0.5118980953829163,0.8505317485662419,-0.40583972495671383,-0.16278112867447064
0,0.9447555809702712,0.8273772438659699,-0.47454519624983954,-0.4736736092984604,-0.4989475622371262,0.5446511676720712,0.96425644365423,-1.1867703913507321,-0.6244040257055189,0.9447555809702712,0.8273772438659699,-0.47454519624983954,-0.4736736092984604,-0.4989475622371262,0.5446511676720712,0.96425644365423,-1.1867703913507321,-0.6244040257055189,0.8848219213092738,1.4216137178193058,-0.3760014818308347,-0.3895323082701867,-0.3451676050449665,1.1881273877043894,1.5594211035839465,-0.7013247515451932,-0.2323130479259623,0.8635041745453002,-0.4030649954631285,-0.4194008220350217,-0.571347415835755,0.7925352191037062,1.3577269342345568,-0.9243700789097029,-0.3576753639798948,-0.2328872501475753,-0.28708333828187355,-0.32078666523533045,-0.39610534423349997,-0.38113017778990566,-0.3694246287326534,-0.2751579580367754,-0.2900883232983121,-0.2955781683826058,-0.3888554871521795,-0.41265547100857053,-0.2943754514063852,-0.3658086479243954,-0.19836401418550262,-0.33212765423625973,-0.41485036472765574,-0.4792899144514132,-0.4123594838653976,0.5449215208897721,1.1227307914744915,-0.7634324030510985,-0.337529114616601,0.9989187709831968,-0.7152983355245868,-0.22342026433344614,-1.0134650870965427,-0.7566855024551713,-0.4271559153457235,-0.7376951317802901,0.7376951317802901,-0.4820426798824101,-0.3075623426146228,0.6158384251930635,-0.13085598064755344,-0.2359813632291101,-0.2662958158485814,-0.19611613513818404,-0.19300937626135234,-0.12168146174384352,-0.06715342778730747,-0.03352007615769955,0.5449249778098338,-0.21680296415038888,-0.5118980953829163,0.8505317485662419,-0.40583972495671383,-0.16278112867447064,0.8119223343984152,-0.1699069165076462,-0.2081478487327801,-0.6981970580620328,-0.7376951317802901,0.7376951317802901,-0.7376951317802901,0.7376951317802901,-0.7376951317802901,0.7376951317802901,-0.7376951317802901,0.7376951317802901,-0.4820426798824101,-0.3075623426146228,0.6158384251930635,-0.4820426798824101,-0.3075623426146228,0.6158384251930635,-0.4820426798824101,-0.3075623426146228,0.6158384251930635,-0.13085598064755344,-0.2359813632291101,-0.2662958158485814,-0.19611613513818404,-0.19300937626135234,-0.12168146174384352,-0.06715342778730747,-0.03352007615769955,0.5449249778098338,-0.13085598064755344,-0.2359813632291101,-0.2662958158485814,-0.19611613513818404,-0.19300937626135234,-0.12168146174384352,-0.06715342778730747,-0.03352007615769955,0.5449249778098338,-0.21680296415038888,-0.5118980953829163,0.8505317485662419,-0.40583972495671383,-0.16278112867447064
1,0.9486434640195316,-1.5661069258891576,-0.47454519624983954,0.7676298785983874,3.607677356367702,-1.8194778495589943,-0.5095104222433947,-1.5315413136505371,1.0462986376687076,0.9486434640195316,-1.5661069258891576,-0.47454519624983954,0.7676298785983874,3.607677356367702,-1.8194778495589943,-0.5095104222433947,-1.5315413136505371,1.0462986376687076,0.8906419982451846,-0.45183252756985,-0.3760014818308347,1.1929209761744433,4.761181637855828,-1.0570842024227103,0.11808719104810608,-1.0679505131647973,1.6609997648438783,-1.4609134070857044,-0.4030649954631285,0.0500541182076973,3.1049507227744684,-1.6548120390977903,-0.9942108085507874,-1.3511866656994136,-0.1629968366090419,-0.2328872501475753,-0.28708333828187355,-0.32078666523533045,-0.39610534423349997,-0.38113017778990566,-0.3694246287326534,-0.2751579580367754,0.07498045644575013,2.7052313809260817,-0.30223359629448865,0.4725028221561908,-0.2943754514063852,0.4785838528544551,2.3742830849808465,-0.08069842781861267,3.3191659000845255,-0.5019144239909011,3.061468489880688,-1.83504312030046,-1.1998205817747205,-1.107608862589304,-0.7379026994147555,-0.7538678336953983,-1.086381470456385,0.3438736244226488,-1.0507990843927357,-0.855906515359889,0.52576326485718,1.3555735383351193,-1.3555735383351195,-0.4820426798824101,-0.3075623426146228,0.6158384251930635,-0.13085598064755344,4.237622777986573,-0.2662958158485814,-0.19611613513818404,-0.19300937626135234,-0.12168146174384352,-0.06715342778730747,-0.03352007615769955,-1.8351149988007645,-0.21680296415038888,1.9535138126504805,-1.175735064194511,-0.40583972495671383,-0.16278112867447064,-1.2316448970959013,-0.1699069165076462,-0.2081478487327801,1.4322604033532795,1.3555735383351193,-1.3555735383351195,1.3555735383351193,-1.3555735383351195,1.3555735383351193,-1.3555735383351195,1.3555735383351193,-1.3555735383351195,-0.4820426798824101,-0.3075623426146228,0.6158384251930635,-0.4820426798824101,-0.3075623426146228,0.6158384251930635,-0.4820426798824101,-0.3075623426146228,0.6158384251930635,-0.13085598064755344,4.237622777986573,-0.2662958158485814,-0.19611613513818404,-0.19300937626135234,-0.12168146174384352,-0.06715342778730747,-0.03352007615769955,-1.8351149988007645,-0.13085598064755344,4.237622777986573,-0.2662958158485814,-0.19611613513818404,-0.19300937626135234,-0.12168146174384352,-0.06715342778730747,-0.03352007615769955,-1.8351149988007645,-0.21680296415038888,1.9535138126504805,-1.175735064194511,-0.40583972495671383,-0.16278112867447064
1,0.952531347068792,-1.5661069258891576,0.4327933656785018,-0.4736736092984604,0.5075781531071943,-1.8194778495589943,0.96425644365423,0.19231329784848822,-0.0675031379141101,0.952531347068792,-1.5661069258891576,0.4327933656785018,-0.4736736092984604,0.5075781531071943,-1.8194778495589943,0.96425644365423,0.19231329784848822,-0.0675031379141101,0.8964705161918801,-0.4504720001585289,0.8215659415036203,-0.3895323082701867,0.9086479570656353,-1.0568609848542971,1.567329883667441,0.7704994235488921,0.4012290956034919,-1.4609134070857044,-0.0891393739966534,-0.4194008220350217,0.12521433674302407,-1.6548120390977903,-0.5017365349980186,-0.6398256877165623,-0.5523538913507477,-0.07639966350995119,-0.28708333828187355,0.40031245251382763,-0.3368577254273058,0.770770541893495,0.6923732557860374,-0.05924801474239681,-0.2900883232983121,-0.2955781683826058,-0.3888554871521795,-0.41265547100857053,-0.2943754514063852,-0.3658086479243954,-0.01324819485351133,-0.4610530532441298,1.6093500920768316,0.41922632154539413,0.03172605160751893,-1.83504312030046,-1.1185073825585012,-0.9972958947885971,-0.8069326278282305,0.9989187709831968,0.7690342042026062,0.42033946735152133,-0.1174491519879112,0.13630361368728913,-0.23657207930514282,-0.7376951317802901,0.7376951317802901,-0.4820426798824101,-0.3075623426146228,0.6158384251930635,-0.13085598064755344,4.237622777986573,-0.2662958158485814,-0.19611613513818404,-0.19300937626135234,-0.12168146174384352,-0.06715342778730747,-0.03352007615769955,-1.8351149988007645,-0.21680296415038888,-0.5118980953829163,0.8505317485662419,-0.40583972495671383,-0.16278112867447064,-1.2316448970959013,-0.1699069165076462,-0.2081478487327801,1.4322604033532795,-0.7376951317802901,0.7376951317802901,-0.7376951317802901,0.7376951317802901,-0.7376951317802901,0.7376951317802901,-0.7376951317802901,0.7376951317802901,-0.4820426798824101,-0.3075623426146228,0.6158384251930635,-0.4820426798824101,-0.3075623426146228,0.6158384251930635,-0.4820426798824101,-0.3075623426146228,0.6158384251930635,-0.13085598064755344,4.237622777986573,-0.2662958158485814,-0.19611613513818404,-0.19300937626135234,-0.12168146174384352,-0.06715342778730747,-0.03352007615769955,-1.8351149988007645,-0.13085598064755344,4.237622777986573,-0.2662958158485814,-0.19611613513818404,-0.19300937626135234,-0.12168146174384352,-0.06715342778730747,-0.03352007615769955,-1.8351149988007645,-0.21680296415038888,-0.5118980953829163,0.8505317485662419,-0.40583972495671383,-0.16278112867447064
1,0.9564192301180523,0.8273772438659699,-0.47454519624983954,0.7676298785983874,-0.37816447639580775,0.5446511676720712,-1.3133832581875537,-1.5315413136505371,-0.0675031379141101,0.9564192301180523,0.8273772438659699,-0.47454519624983954,0.7676298785983874,-0.37816447639580775,0.5446511676720712,-1.3133832581875537,-1.5315413136505371,-0.0675031379141101,0.9023074751493599,1.4338584645211958,-0.3760014818308347,1.1975077972887755,-0.19379124985784868,1.198573969906126,-0.6688173852529649,-1.0679505131647973,0.40305750005812235,0.8635041745453002,-0.4030649954631285,0.9889639986931354,-0.2230665395463655,0.7925352191037062,-0.9255628795100984,-1.3511866656994136,0.2263602181326639,-0.2328872501475753,-0.28708333828187355,-0.32078666523533045,-0.39610534423349997,-0.38113017778990566,-0.3694246287326534,-0.2751579580367754,0.07498045644575013,-0.11069416771429805,0.9624460102277982,-0.07128042961738269,-0.2943754514063852,0.056387602465029836,-0.19142217096055295,-0.10095107670490644,-0.6027793445375619,-0.5019144239909011,-0.33350317382815076,0.5449215208897721,-0.8376565205383595,-1.107608862589304,0.20090432700850336,-1.177626087863427,-1.086381470456385,-0.6336491784248299,-1.0507990843927357,-0.855906515359889,-0.23657207930514282,1.3555735383351193,-1.3555735383351195,2.0745051044939435,-0.3075623426146228,-1.6238025415294657,-0.13085598064755344,-0.2359813632291101,-0.2662958158485814,-0.19611613513818404,-0.19300937626135234,-0.12168146174384352,-0.06715342778730747,-0.03352007615769955,0.5449249778098338,-0.21680296415038888,1.9535138126504805,-1.175735064194511,-0.40583972495671383,-0.16278112867447064,-1.2316448970959013,-0.1699069165076462,-0.2081478487327801,1.4322604033532795,1.3555735383351193,-1.3555735383351195,1.3555735383351193,-1.3555735383351195,1.3555735383351193,-1.3555735383351195,1.3555735383351193,-1.3555735383351195,2.0745051044939435,-0.3075623426146228,-1.6238025415294657,2.0745051044939435,-0.3075623426146228,-1.6238025415294657,2.0745051044939435,-0.3075623426146228,-1.6238025415294657,-0.13085598064755344,-0.2359813632291101,-0.2662958158485814,-0.19611613513818404,-0.19300937626135234,-0.12168146174384352,-0.06715342778730747,-0.03352007615769955,0.5449249778098338,-0.13085598064755344,-0.2359813632291101,-0.2662958158485814,-0.19611613513818404,-0.19300937626135234,-0.12168146174384352,-0.06715342778730747,-0.03352007615769955,0.5449249778098338,-0.21680296415038888,1.9535138126504805,-1.175735064194511,-0.40583972495671383,-0.16278112867447064
1,0.9603071131673128,0.8273772438659699,-0.47454519624983954,-0.4736736092984604,0.4874476388003079,0.5446511676720712,0.96425644365423,-0.841999469050927,3.2739021888343425,0.9603071131673128,0.8273772438659699,-0.47454519624983954,-0.4736736092984604,0.4874476388003079,0.5446511676720712,0.96425644365423,-0.841999469050927,3.2739021888343425,0.9081528751176243,1.437940046755159,-0.3760014818308347,-0.3895323082701867,0.8876446238153738,1.2020561639733716,1.5752386637509352,-0.3304420870330539,4.206138765689478,0.8635041745453002,-0.4030649954631285,-0.4194008220350217,2.2729464071942593,0.7925352191037062,1.3577269342345568,-0.4975534921199921,3.730573710808016,-0.2328872501475753,-0.28708333828187355,-0.32078666523533045,-0.39610534423349997,-0.38113017778990566,-0.3694246287326534,-0.2751579580367754,-0.2900883232983121,-0.2955781683826058,-0.3888554871521795,-0.41265547100857053,-0.2943754514063852,-0.3658086479243954,-0.019785097223672273,1.5558143956031254,1.5688660829407417,-0.1399222713590939,1.4179369754201743,0.5449215208897721,1.1227307914744915,-0.41925594351289297,3.43150497675913,0.9989187709831968,-0.34421520059278854,4.282897857461326,-0.9014630952079639,0.7316296911155961,3.575104641506471,-0.7376951317802901,0.7376951317802901,-0.4820426798824101,-0.3075623426146228,0.6158384251930635,-0.13085598064755344,-0.2359813632291101,-0.2662958158485814,-0.19611613513818404,-0.19300937626135234,-0.12168146174384352,-0.06715342778730747,-0.03352007615769955,0.5449249778098338,-0.21680296415038888,-0.5118980953829163,0.8505317485662419,-0.40583972495671383,-0.16278112867447064,0.8119223343984152,-0.1699069165076462,-0.2081478487327801,-0.6981970580620328,-0.7376951317802901,0.7376951317802901,-0.7376951317802901,0.7376951317802901,-0.7376951317802901,0.7376951317802901,-0.7376951317802901,0.7376951317802901,-0.4820426798824101,-0.3075623426146228,0.6158384251930635,-0.4820426798824101,-0.3075623426146228,0.6158384251930635,-0.4820426798824101,-0.3075623426146228,0.6158384251930635,-0.13085598064755344,-0.2359813632291101,-0.2662958158485814,-0.19611613513818404,-0.19300937626135234,-0.12168146174384352,-0.06715342778730747,-0.03352007615769955,0.5449249778098338,-0.13085598064755344,-0.2359813632291101,-0.2662958158485814,-0.19611613513818404,-0.19300937626135234,-0.12168146174384352,-0.06715342778730747,-0.03352007615769955,0.5449249778098338,-0.21680296415038888,-0.5118980953829163,0.8505317485662419,-0.40583972495671383,-0.16278112867447064
0,0.9641949962165731,0.8273772438659699,-0.47454519624983954,-0.4736736092984604,-0.4989475622371262,0.5446511676720712,-1.1168810094012038,-0.497228546751122,-0.6244040257055189,0.9641949962165731,0.8273772438659699,-0.47454519624983954,-0.4736736092984604,-0.4989475622371262,0.5446511676720712,-1.1168810094012038,-0.497228546751122,-0.6244040257055189,0.9140067160966732,1.4420216289891223,-0.3760014818308347,-0.3895323082701867,-0.34389797350134105,1.2055383580406172,-0.4735606493553287,0.03990846461751858,-0.22774203678938615,0.8635041745453002,-0.4030649954631285,-0.4194008220350217,-0.571347415835755,0.7925352191037062,-0.7285731700889909,-0.07073690533028135,-0.3576753639798948,-0.2328872501475753,-0.28708333828187355,-0.32078666523533045,-0.39610534423349997,-0.38113017778990566,-0.3694246287326534,-0.2751579580367754,-0.2900883232983121,-0.2955781683826058,-0.3888554871521795,-0.41265547100857053,-0.2943754514063852,-0.3658086479243954,-0.19836401418550262,-0.33212765423625973,-0.626822817058193,-0.4340408953724373,-0.4123594838653976,0.5449215208897721,-0.6685250661686233,-0.07507948397468743,-0.337529114616601,-1.1087392780725651,-0.805835472779215,-0.7049484103449949,-0.714793108726999,-0.5582434766457356,-0.4271559153457235,-0.7376951317802901,0.7376951317802901,2.0745051044939435,-0.3075623426146228,-1.6238025415294657,-0.13085598064755344,-0.2359813632291101,-0.2662958158485814,-0.19611613513818404,-0.19300937626135234,-0.12168146174384352,-0.06715342778730747,-0.03352007615769955,0.5449249778098338,-0.21680296415038888,-0.5118980953829163,0.8505317485662419,-0.40583972495671383,-0.16278112867447064,0.8119223343984152,-0.1699069165076462,-0.2081478487327801,-0.6981970580620328,-0.7376951317802901,0.7376951317802901,-0.7376951317802901,0.7376951317802901,-0.7376951317802901,0.7376951317802901,-0.7376951317802901,0.7376951317802901,2.0745051044939435,-0.3075623426146228,-1.6238025415294657,2.0745051044939435,-0.3075623426146228,-1.6238025415294657,2.0745051044939435,-0.3075623426146228,-1.6238025415294657,-0.13085598064755344,-0.2359813632291101,-0.2662958158485814,-0.19611613513818404,-0.19300937626135234,-0.12168146174384352,-0.06715342778730747,-0.03352007615769955,0.5449249778098338,-0.13085598064755344,-0.2359813632291101,-0.2662958158485814,-0.19611613513818404,-0.19300937626135234,-0.12168146174384352,-0.06715342778730747,-0.03352007615769955,0.5449249778098338,-0.21680296415038888,-0.5118980953829163,0.8505317485662419,-0.40583972495671383,-0.16278112867447064
0,0.9680828792658335,-1.5661069258891576,-0.47454519624983954,-0.4736736092984604,-0.11646779040628442,0.5446511676720712,0.96425644365423,1.5713969870477085,-0.6244040257055189,0.9680828792658335,-1.5661069258891576,-0.47454519624983954,-0.4736736092984604,-0.11646779040628442,0.5446511676720712,0.96425644365423,1.5713969870477085,-0.6244040257055189,0.9198689980865066,-0.4450298905132445,-0.3760014818308347,-0.3895323082701867,0.13536979662379695,1.2090205521078627,1.5831474438344297,2.2604154359362525,-0.22682783456207092,-1.4609134070857044,-0.4030649954631285,-0.4194008220350217,-0.4746027279775913,-0.8746533061339944,-0.5017365349980186,-0.07073690533028135,-0.7470324187216006,-0.2328872501475753,-0.28708333828187355,-0.32078666523533045,-0.39610534423349997,-0.38113017778990566,-0.3694246287326534,-0.2751579580367754,-0.2900883232983121,-0.2955781683826058,-0.3888554871521795,-0.41265547100857053,-0.2943754514063852,-0.3658086479243954,-0.16209288333514058,0.399931507946359,0.35434580885804934,0.2543906091862676,-0.33350317382815076,0.5449215208897721,1.1227307914744915,1.9899792732545456,-0.337529114616601,0.9989187709831968,2.2533667439297993,-0.22342026433344614,1.973254696598896,0.0370826007825713,-0.4271559153457235,-0.7376951317802901,0.7376951317802901,-0.4820426798824101,-0.3075623426146228,0.6158384251930635,-0.13085598064755344,-0.2359813632291101,-0.2662958158485814,-0.19611613513818404,-0.19300937626135234,-0.12168146174384352,-0.06715342778730747,-0.03352007615769955,0.5449249778098338,-0.21680296415038888,-0.5118980953829163,-1.175735064194511,-0.40583972495671383,6.1432182473669785,0.8119223343984152,-0.1699069165076462,-0.2081478487327801,-0.6981970580620328,-0.7376951317802901,0.7376951317802901,-0.7376951317802901,0.7376951317802901,-0.7376951317802901,0.7376951317802901,-0.7376951317802901,0.7376951317802901,-0.4820426798824101,-0.3075623426146228,0.6158384251930635,-0.4820426798824101,-0.3075623426146228,0.6158384251930635,-0.4820426798824101,-0.3075623426146228,0.6158384251930635,-0.13085598064755344,-0.2359813632291101,-0.2662958158485814,-0.19611613513818404,-0.19300937626135234,-0.12168146174384352,-0.06715342778730747,-0.03352007615769955,0.5449249778098338,-0.13085598064755344,-0.2359813632291101,-0.2662958158485814,-0.19611613513818404,-0.19300937626135234,-0.12168146174384352,-0.06715342778730747,-0.03352007615769955,0.5449249778098338,-0.21680296415038888,-0.5118980953829163,-1.175735064194511,-0.40583972495671383,6.1432182473669785
0,0.9719707623150938,-0.3693648410115938,-0.47454519624983954,-0.4736736092984604,-0.37816447639580775,0.5446511676720712,0.96425644365423,1.5713969870477085,-0.6244040257055189,0.9719707623150938,-0.3693648410115938,-0.47454519624983954,-0.4736736092984604,-0.37816447639580775,0.5446511676720712,0.96425644365423,1.5713969870477085,-0.6244040257055189,0.9257397210871244,0.5032577151775629,-0.3760014818308347,-0.3895323082701867,-0.19190494013589082,1.2125027461751083,1.5871018338761769,2.265204451690355,-0.2259136323347557,-0.5892568139740777,-0.4030649954631285,-0.4194008220350217,-0.4746027279775913,-0.04105904351514409,0.42799519961826915,1.209712855038851,-0.5523538913507477,-0.2328872501475753,-0.28708333828187355,-0.32078666523533045,-0.39610534423349997,-0.38113017778990566,-0.3694246287326534,-0.2751579580367754,-0.2900883232983121,-0.2955781683826058,-0.3888554871521795,-0.41265547100857053,-0.2943754514063852,-0.3658086479243954,-0.19142217096055295,-0.10095107670490644,-0.17194630991111728,-0.1237619074023168,-0.38745749122205647,0.5449215208897721,1.1227307914744915,1.9899792732545456,-0.337529114616601,0.9989187709831968,2.2533667439297993,-0.22342026433344614,1.973254696598896,0.0370826007825713,-0.4271559153457235,-0.7376951317802901,0.7376951317802901,-0.4820426798824101,-0.3075623426146228,0.6158384251930635,-0.13085598064755344,-0.2359813632291101,-0.2662958158485814,-0.19611613513818404,-0.19300937626135234,-0.12168146174384352,-0.06715342778730747,-0.03352007615769955,0.5449249778098338,-0.21680296415038888,-0.5118980953829163,0.8505317485662419,-0.40583972495671383,-0.16278112867447064,0.8119223343984152,-0.1699069165076462,-0.2081478487327801,-0.6981970580620328,-0.7376951317802901,0.7376951317802901,-0.7376951317802901,0.7376951317802901,-0.7376951317802901,0.7376951317802901,-0.7376951317802901,0.7376951317802901,-0.4820426798824101,-0.3075623426146228,0.6158384251930635,-0.4820426798824101,-0.3075623426146228,0.6158384251930635,-0.4820426798824101,-0.3075623426146228,0.6158384251930635,-0.13085598064755344,-0.2359813632291101,-0.2662958158485814,-0.19611613513818404,-0.19300937626135234,-0.12168146174384352,-0.06715342778730747,-0.03352007615769955,0.5449249778098338,-0.13085598064755344,-0.2359813632291101,-0.2662958158485814,-0.19611613513818404,-0.19300937626135234,-0.12168146174384352,-0.06715342778730747,-0.03352007615769955,0.5449249778098338,-0.21680296415038888,-0.5118980953829163,0.8505317485662419,-0.40583972495671383,-0.16278112867447064
0,0.9758586453643542,0.8273772438659699,-0.47454519624983954,-0.4736736092984604,-0.4788170479302398,0.5446511676720712,0.96425644365423,1.2266260647479035,-0.6244040257055189,0.9758586453643542,0.8273772438659699,-0.47454519624983954,-0.4736736092984604,-0.4788170479302398,0.5446511676720712,0.96425644365423,1.2266260647479035,-0.6244040257055189,0.9316188850985267,1.4542663756910121,-0.3760014818308347,-0.3895323082701867,-0.31785238926353837,1.215984940242354,1.591056223917924,1.8991108029323178,-0.22499943010744047,0.8635041745453002,-0.4030649954631285,-0.4194008220350217,-0.5133006031208568,0.7925352191037062,1.3577269342345568,2.0633460286182723,-0.3576753639798948,-0.2328872501475753,-0.28708333828187355,-0.32078666523533045,-0.39610534423349997,-0.38113017778990566,-0.3694246287326534,-0.2751579580367754,-0.2900883232983121,-0.2955781683826058,-0.3888554871521795,-0.41265547100857053,-0.2943754514063852,-0.3658086479243954,-0.1974962837823839,-0.29359822464770086,-0.374366355591566,-0.2950617653441542,-0.40820915175817407,0.5449215208897721,1.1227307914744915,1.64580281371634,-0.337529114616601,0.9989187709831968,1.8822836089980008,-0.22342026433344614,1.3385767425636153,-0.06213841212214652,-0.4271559153457235,-0.7376951317802901,0.7376951317802901,-0.4820426798824101,-0.3075623426146228,0.6158384251930635,-0.13085598064755344,-0.2359813632291101,-0.2662958158485814,-0.19611613513818404,-0.19300937626135234,-0.12168146174384352,-0.06715342778730747,-0.03352007615769955,0.5449249778098338,-0.21680296415038888,-0.5118980953829163,0.8505317485662419,-0.40583972495671383,-0.16278112867447064,0.8119223343984152,-0.1699069165076462,-0.2081478487327801,-0.6981970580620328,-0.7376951317802901,0.7376951317802901,-0.7376951317802901,0.7376951317802901,-0.7376951317802901,0.7376951317802901,-0.7376951317802901,0.7376951317802901,-0.4820426798824101,-0.3075623426146228,0.6158384251930635,-0.4820426798824101,-0.3075623426146228,0.6158384251930635,-0.4820426798824101,-0.3075623426146228,0.6158384251930635,-0.13085598064755344,-0.2359813632291101,-0.2662958158485814,-0.19611613513818404,-0.19300937626135234,-0.12168146174384352,-0.06715342778730747,-0.03352007615769955,0.5449249778098338,-0.13085598064755344,-0.2359813632291101,-0.2662958158485814,-0.19611613513818404,-0.19300937626135234,-0.12168146174384352,-0.06715342778730747,-0.03352007615769955,0.5449249778098338,-0.21680296415038888,-0.5118980953829163,0.8505317485662419,-0.40583972495671383,-0.16278112867447064
1,0.9797465284136146,0.8273772438659699,-0.47454519624983954,-0.4736736092984604,-0.4989475622371262,0.5446511676720712,-1.5500791487711116,0.19231329784848822,-0.6244040257055189,0.9797465284136146,0.8273772438659699,-0.47454519624983954,-0.4736736092984604,-0.4989475622371262,0.5446511676720712,-1.5500791487711116,0.19231329784848822,-0.6244040257055189,0.9375064901207136,1.4583479579249756,-0.3760014818308347,-0.3895323082701867,-0.34288226826644064,1.2194671343095995,-0.899327222742678,0.7891233737037342,-0.22408522788012522,0.8635041745453002,-0.4030649954631285,-0.4194008220350217,-0.571347415835755,0.7925352191037062,-1.1628459385855234,0.7828962682491402,-0.3576753639798948,-0.2328872501475753,-0.28708333828187355,-0.32078666523533045,-0.39610534423349997,-0.38113017778990566,-0.3694246287326534,-0.2751579580367754,-0.2900883232983121,-0.2955781683826058,-0.3888554871521795,-0.41265547100857053,-0.2943754514063852,-0.3658086479243954,-0.19836401418550262,-0.33212765423625973,-0.6709458382514594,-0.3887918762934614,-0.4123594838653976,0.5449215208897721,-1.0413830451200872,0.6132734351017236,-0.337529114616601,-1.2307930204368625,-0.9076897521906716,-0.8051806639139224,-0.1174491519879112,-0.3598014508363,-0.4271559153457235,1.3555735383351193,-1.3555735383351195,-0.4820426798824101,3.2513733362117265,-1.6238025415294657,-0.13085598064755344,-0.2359813632291101,-0.2662958158485814,-0.19611613513818404,-0.19300937626135234,-0.12168146174384352,-0.06715342778730747,-0.03352007615769955,0.5449249778098338,-0.21680296415038888,1.9535138126504805,-1.175735064194511,-0.40583972495671383,-0.16278112867447064,0.8119223343984152,-0.1699069165076462,-0.2081478487327801,-0.6981970580620328,1.3555735383351193,-1.3555735383351195,1.3555735383351193,-1.3555735383351195,1.3555735383351193,-1.3555735383351195,1.3555735383351193,-1.3555735383351195,-0.4820426798824101,3.2513733362117265,-1.6238025415294657,-0.4820426798824101,3.2513733362117265,-1.6238025415294657,-0.4820426798824101,3.2513733362117265,-1.6238025415294657,-0.13085598064755344,-0.2359813632291101,-0.2662958158485814,-0.19611613513818404,-0.19300937626135234,-0.12168146174384352,-0.06715342778730747,-0.03352007615769955,0.5449249778098338,-0.13085598064755344,-0.2359813632291101,-0.2662958158485814,-0.19611613513818404,-0.19300937626135234,-0.12168146174384352,-0.06715342778730747,-0.03352007615769955,0.5449249778098338,-0.21680296415038888,1.9535138126504805,-1.175735064194511,-0.40583972495671383,-0.16278112867447064
0,0.983634411462875,-1.5661069258891576,0.4327933656785018,0.7676298785983874,1.574495411372174,-1.747233654090395,-1.1168810094012038,1.5713969870477085,1.0462986376687076,0.983634411462875,-1.5661069258891576,0.4327933656785018,0.7676298785983874,1.574495411372174,-1.747233654090395,-1.1168810094012038,1.5713969870477085,1.0462986376687076,0.943402536153685,-0.4395877808679601,0.8354306873598802,1.2135616711889383,2.2690762936538165,-0.9854622700100146,-0.46857799095601643,2.2795714989526616,1.6939110450272266,-1.4609134070857044,-0.0891393739966534,0.0500541182076973,1.1507080280395598,-1.6309715720209197,-1.1971699031058678,-0.07073690533028135,-0.1629968366090419,-0.07639966350995119,0.2184329747796864,1.0708081234033957,-0.31042417242146536,-0.09084380059842266,1.5418115634009901,0.15666192855198174,0.07498045644575013,1.268824914195383,-0.2635869065272112,0.061644365260601956,1.6310705068544655,0.4785838528544551,0.4987705916800683,-0.20893987245508824,0.4240068968097158,2.6978376394509667,1.384734318562386,-1.8243260033503432,-1.2160718491425495,-0.8204557217911562,-0.6763067632919626,-1.1087392780725651,-0.24474347742487473,-0.21825365332473853,1.973254696598896,2.7160499492099524,0.52576326485718,-0.7376951317802901,0.7376951317802901,2.0745051044939435,-0.3075623426146228,-1.6238025415294657,-0.13085598064755344,-0.2359813632291101,3.755222352305419,-0.19611613513818404,-0.19300937626135234,-0.12168146174384352,-0.06715342778730747,-0.03352007615769955,-1.8351149988007645,-0.21680296415038888,-0.5118980953829163,0.8505317485662419,-0.40583972495671383,-0.16278112867447064,-1.2316448970959013,-0.1699069165076462,-0.2081478487327801,1.4322604033532795,-0.7376951317802901,0.7376951317802901,-0.7376951317802901,0.7376951317802901,-0.7376951317802901,0.7376951317802901,-0.7376951317802901,0.7376951317802901,2.0745051044939435,-0.3075623426146228,-1.6238025415294657,2.0745051044939435,-0.3075623426146228,-1.6238025415294657,2.0745051044939435,-0.3075623426146228,-1.6238025415294657,-0.13085598064755344,-0.2359813632291101,3.755222352305419,-0.19611613513818404,-0.19300937626135234,-0.12168146174384352,-0.06715342778730747,-0.03352007615769955,-1.8351149988007645,-0.13085598064755344,-0.2359813632291101,3.755222352305419,-0.19611613513818404,-0.19300937626135234,-0.12168146174384352,-0.06715342778730747,-0.03352007615769955,-1.8351149988007645,-0.21680296415038888,-0.5118980953829163,0.8505317485662419,-0.40583972495671383,-0.16278112867447064
0,0.9875222945121354,0.8273772438659699,-0.47454519624983954,-0.4736736092984604,-0.4989475622371262,-1.9290897323389384,0.96425644365423,1.2266260647479035,-0.6244040257055189,0.9875222945121354,0.8273772438659699,-0.47454519624983954,-0.4736736092984604,-0.4989475622371262,-1.9290897323389384,0.96425644365423,1.2266260647479035,-0.6244040257055189,0.9493070231974408,1.4665111223929022,-0.3760014818308347,-0.3895323082701867,-0.34237441564899046,-1.160622813002053,1.6029193940431656,1.9118815116099237,-0.22225682342549477,0.8635041745453002,-0.4030649954631285,-0.4194008220350217,-0.571347415835755,-1.6564562092410227,1.3577269342345568,2.0633460286182723,-0.3576753639798948,-0.2328872501475753,-0.28708333828187355,-0.32078666523533045,-0.39610534423349997,-0.38113017778990566,-0.3694246287326534,-0.2751579580367754,-0.2900883232983121,-0.2955781683826058,-0.3888554871521795,-0.41265547100857053,-0.2943754514063852,-0.3658086479243954,-0.19836401418550262,-0.5962480339897832,-0.41485036472765574,-0.32091834767499755,-0.4123594838653976,-1.8438380824646854,-1.2224214812491774,-1.0505855438492462,-0.8648115678056826,0.9989187709831968,1.8822836089980008,-0.22342026433344614,1.3385767425636153,-0.06213841212214652,-0.4271559153457235,-0.7376951317802901,0.7376951317802901,-0.4820426798824101,-0.3075623426146228,0.6158384251930635,-0.13085598064755344,-0.2359813632291101,-0.2662958158485814,-0.19611613513818404,-0.19300937626135234,8.218178723930356,-0.06715342778730747,-0.03352007615769955,-1.8351149988007645,-0.21680296415038888,-0.5118980953829163,0.8505317485662419,-0.40583972495671383,-0.16278112867447064,0.8119223343984152,-0.1699069165076462,-0.2081478487327801,-0.6981970580620328,-0.7376951317802901,0.7376951317802901,-0.7376951317802901,0.7376951317802901,-0.7376951317802901,0.7376951317802901,-0.7376951317802901,0.7376951317802901,-0.4820426798824101,-0.3075623426146228,0.6158384251930635,-0.4820426798824101,-0.3075623426146228,0.6158384251930635,-0.4820426798824101,-0.3075623426146228,0.6158384251930635,-0.13085598064755344,-0.2359813632291101,-0.2662958158485814,-0.19611613513818404,-0.19300937626135234,8.218178723930356,-0.06715342778730747,-0.03352007615769955,-1.8351149988007645,-0.13085598064755344,-0.2359813632291101,-0.2662958158485814,-0.19611613513818404,-0.19300937626135234,8.218178723930356,-0.06715342778730747,-0.03352007615769955,-1.8351149988007645,-0.21680296415038888,-0.5118980953829163,0.8505317485662419,-0.40583972495671383,-0.16278112867447064
1,0.9914101775613957,-1.5661069258891576,0.4327933656785018,-0.4736736092984604,3.9297655852778846,-1.747233654090395,-1.3133832581875537,-1.1867703913507321,1.6031995254601163,0.9914101775613957,-1.5661069258891576,0.4327933656785018,-0.4736736092984604,3.9297655852778846,-1.747233654090395,-1.3133832581875537,-1.1867703913507321,1.6031995254601163,0.9552199512519811,-0.4368667260453179,0.8388968738239452,-0.3895323082701867,5.2522388437432035,-0.9848166561198349,-0.6623621450082507,-0.6949393972063903,2.3420804241937243,-1.4609134070857044,-0.0891393739966534,-0.4194008220350217,3.4145337239205924,-1.6309715720209197,-1.2628331395795704,-1.2089144701028434,0.031681690761811,-0.07639966350995119,-0.28708333828187355,2.550958944046404,-0.31042417242146536,-0.17219794452469814,-0.15706505182891523,0.264616900199171,-0.2900883232983121,-0.2955781683826058,-0.3888554871521795,-0.41265547100857053,-0.2943754514063852,-0.3658086479243954,2.7796867293179073,0.20895624846697347,0.9686240405810932,0.23176609964677963,4.2692151330827315,-1.8243260033503432,-1.2317507019144973,-1.0757029580561766,-0.6263928150545268,-1.177626087863427,-1.0190742565762996,-0.2833529520344544,-1.0134650870965427,-0.3598014508363,1.097514772978922,1.3555735383351193,-1.3555735383351195,2.0745051044939435,-0.3075623426146228,-1.6238025415294657,-0.13085598064755344,-0.2359813632291101,3.755222352305419,-0.19611613513818404,-0.19300937626135234,-0.12168146174384352,-0.06715342778730747,-0.03352007615769955,-1.8351149988007645,-0.21680296415038888,-0.5118980953829163,-1.175735064194511,2.4640269015229057,-0.16278112867447064,-1.2316448970959013,-0.1699069165076462,-0.2081478487327801,1.4322604033532795,1.3555735383351193,-1.3555735383351195,1.3555735383351193,-1.3555735383351195,1.3555735383351193,-1.3555735383351195,1.3555735383351193,-1.3555735383351195,2.0745051044939435,-0.3075623426146228,-1.6238025415294657,2.0745051044939435,-0.3075623426146228,-1.6238025415294657,2.0745051044939435,-0.3075623426146228,-1.6238025415294657,-0.13085598064755344,-0.2359813632291101,3.755222352305419,-0.19611613513818404,-0.19300937626135234,-0.12168146174384352,-0.06715342778730747,-0.03352007615769955,-1.8351149988007645,-0.13085598064755344,-0.2359813632291101,3.755222352305419,-0.19611613513818404,-0.19300937626135234,-0.12168146174384352,-0.06715342778730747,-0.03352007615769955,-1.8351149988007645,-0.21680296415038888,-0.5118980953829163,-1.175735064194511,2.4640269015229057,-0.16278112867447064
1,0.9952980606106561,-1.5661069258891576,-0.47454519624983954,-0.4736736092984604,-0.11646779040628442,-1.8792661492571456,0.96425644365423,0.5370842201482933,-0.6244040257055189,0.9952980606106561,-1.5661069258891576,-0.47454519624983954,-0.4736736092984604,-0.11646779040628442,-1.8792661492571456,0.96425644365423,0.5370842201482933,-0.6244040257055189,0.961141320317306,-0.43550619863399676,-0.3760014818308347,-0.3895323082701867,0.14197188065064945,-1.1122635853344476,1.6108281741266601,1.1733088597550465,-0.22042841897086432,-1.4609134070857044,-0.4030649954631285,-0.4194008220350217,-0.4746027279775913,-1.6745420808165796,-0.5017365349980186,-0.4975534921199921,-0.7470324187216006,-0.2328872501475753,-0.28708333828187355,-0.32078666523533045,-0.39610534423349997,-0.38113017778990566,-0.3694246287326534,-0.2751579580367754,-0.2900883232983121,-0.2955781683826058,-0.3888554871521795,-0.41265547100857053,-0.2943754514063852,-0.3658086479243954,-0.16209288333514058,-0.5613283635835844,0.35434580885804934,0.002288931460544671,-0.33350317382815076,-1.8409560124108695,-1.1751878000261426,-1.0241104315770766,-0.8541915788189941,0.9989187709831968,1.1401173391344044,-0.22342026433344614,0.29322481827021163,-0.26058043793158214,-0.4271559153457235,-0.7376951317802901,0.7376951317802901,-0.4820426798824101,-0.3075623426146228,0.6158384251930635,-0.13085598064755344,-0.2359813632291101,-0.2662958158485814,-0.19611613513818404,5.181095444015676,-0.12168146174384352,-0.06715342778730747,-0.03352007615769955,-1.8351149988007645,-0.21680296415038888,-0.5118980953829163,0.8505317485662419,-0.40583972495671383,-0.16278112867447064,0.8119223343984152,-0.1699069165076462,-0.2081478487327801,-0.6981970580620328,-0.7376951317802901,0.7376951317802901,-0.7376951317802901,0.7376951317802901,-0.7376951317802901,0.7376951317802901,-0.7376951317802901,0.7376951317802901,-0.4820426798824101,-0.3075623426146228,0.6158384251930635,-0.4820426798824101,-0.3075623426146228,0.6158384251930635,-0.4820426798824101,-0.3075623426146228,0.6158384251930635,-0.13085598064755344,-0.2359813632291101,-0.2662958158485814,-0.19611613513818404,5.181095444015676,-0.12168146174384352,-0.06715342778730747,-0.03352007615769955,-1.8351149988007645,-0.13085598064755344,-0.2359813632291101,-0.2662958158485814,-0.19611613513818404,5.181095444015676,-0.12168146174384352,-0.06715342778730747,-0.03352007615769955,-1.8351149988007645,-0.21680296415038888,-0.5118980953829163,0.8505317485662419,-0.40583972495671383,-0.16278112867447064
0,0.9991859436599165,0.8273772438659699,-0.47454519624983954,0.7676298785983874,-0.35803396208892135,0.5446511676720712,-1.3133832581875537,-1.1867703913507321,-0.0675031379141101,0.9991859436599165,0.8273772438659699,-0.47454519624983954,0.7676298785983874,-0.35803396208892135,0.5446511676720712,-1.3133832581875537,-1.1867703913507321,-0.0675031379141101,0.9670711303934153,1.478755869094792,-0.3760014818308347,1.2227353134176029,-0.1631024416890728,1.2368781046458273,-0.660927647176092,-0.6938751714832565,0.4231699490590574,0.8635041745453002,-0.4030649954631285,0.9889639986931354,-0.16501972683146723,0.7925352191037062,-0.9255628795100984,-0.9243700789097029,0.2263602181326639,-0.2328872501475753,-0.28708333828187355,-0.32078666523533045,-0.39610534423349997,-0.38113017778990566,-0.3694246287326534,-0.2751579580367754,0.07498045644575013,-0.0964723215090436,0.9624460102277982,-0.07128042961738269,-0.080437011599624,0.056387602465029836,-0.18986025623493927,-0.06242164711634756,-0.5954363380650448,-0.45666540491192525,-0.32520250961370367,0.5449215208897721,-0.8376565205383595,-0.7634324030510985,0.20090432700850336,-1.177626087863427,-1.0190742565762996,-0.6336491784248299,-1.0134650870965427,-0.6574644895504534,-0.23657207930514282,1.3555735383351193,-1.3555735383351195,2.0745051044939435,-0.3075623426146228,-1.6238025415294657,-0.13085598064755344,-0.2359813632291101,-0.2662958158485814,-0.19611613513818404,-0.19300937626135234,-0.12168146174384352,-0.06715342778730747,-0.03352007615769955,0.5449249778098338,-0.21680296415038888,1.9535138126504805,-1.175735064194511,-0.40583972495671383,-0.16278112867447064,-1.2316448970959013,-0.1699069165076462,-0.2081478487327801,1.4322604033532795,1.3555735383351193,-1.3555735383351195,1.3555735383351193,-1.3555735383351195,1.3555735383351193,-1.3555735383351195,1.3555735383351193,-1.3555735383351195,2.0745051044939435,-0.3075623426146228,-1.6238025415294657,2.0745051044939435,-0.3075623426146228,-1.6238025415294657,2.0745051044939435,-0.3075623426146228,-1.6238025415294657,-0.13085598064755344,-0.2359813632291101,-0.2662958158485814,-0.19611613513818404,-0.19300937626135234,-0.12168146174384352,-0.06715342778730747,-0.03352007615769955,0.5449249778098338,-0.13085598064755344,-0.2359813632291101,-0.2662958158485814,-0.19611613513818404,-0.19300937626135234,-0.12168146174384352,-0.06715342778730747,-0.03352007615769955,0.5449249778098338,-0.21680296415038888,1.9535138126504805,-1.175735064194511,-0.40583972495671383,-0.16278112867447064
0,1.0030738267091768,0.8273772438659699,-0.47454519624983954,-0.4736736092984604,-0.4989475622371262,0.5446511676720712,-1.5366812681720423,-0.497228546751122,-0.6244040257055189,1.0030738267091768,0.8273772438659699,-0.47454519624983954,-0.4736736092984604,-0.4989475622371262,0.5446511676720712,-1.5366812681720423,-0.497228546751122,-0.6244040257055189,0.9730093814803091,1.4828374513287554,-0.3760014818308347,-0.3895323082701867,-0.3413587104140901,1.2403602987130729,-0.8836366092864997,0.05587185046452602,-0.21860001451623384,0.8635041745453002,-0.4030649954631285,-0.4194008220350217,-0.571347415835755,0.7925352191037062,-1.1494148220340843,-0.07073690533028135,-0.3576753639798948,-0.2328872501475753,-0.28708333828187355,-0.32078666523533045,-0.39610534423349997,-0.38113017778990566,-0.3694246287326534,-0.2751579580367754,-0.2900883232983121,-0.2955781683826058,-0.3888554871521795,-0.41265547100857053,-0.2943754514063852,-0.3658086479243954,-0.19836401418550262,-0.33212765423625973,-0.6695812087300181,-0.4340408953724373,-0.4123594838653976,0.5449215208897721,-1.0298513550494233,-0.07507948397468743,-0.337529114616601,-1.2286533543751765,-0.9738056879489856,-0.8020806973086978,-0.714793108726999,-0.5582434766457356,-0.4271559153457235,-0.7376951317802901,0.7376951317802901,-0.4820426798824101,3.2513733362117265,-1.6238025415294657,-0.13085598064755344,-0.2359813632291101,-0.2662958158485814,-0.19611613513818404,-0.19300937626135234,-0.12168146174384352,-0.06715342778730747,-0.03352007615769955,0.5449249778098338,-0.21680296415038888,-0.5118980953829163,0.8505317485662419,-0.40583972495671383,-0.16278112867447064,0.8119223343984152,-0.1699069165076462,-0.2081478487327801,-0.6981970580620328,-0.7376951317802901,0.7376951317802901,-0.7376951317802901,0.7376951317802901,-0.7376951317802901,0.7376951317802901,-0.7376951317802901,0.7376951317802901,-0.4820426798824101,3.2513733362117265,-1.6238025415294657,-0.4820426798824101,3.2513733362117265,-1.6238025415294657,-0.4820426798824101,3.2513733362117265,-1.6238025415294657,-0.13085598064755344,-0.2359813632291101,-0.2662958158485814,-0.19611613513818404,-0.19300937626135234,-0.12168146174384352,-0.06715342778730747,-0.03352007615769955,0.5449249778098338,-0.13085598064755344,-0.2359813632291101,-0.2662958158485814,-0.19611613513818404,-0.19300937626135234,-0.12168146174384352,-0.06715342778730747,-0.03352007615769955,0.5449249778098338,-0.21680296415038888,-0.5118980953829163,0.8505317485662419,-0.40583972495671383,-0.16278112867447064
0,1.0069617097584371,0.8273772438659699,0.4327933656785018,-0.4736736092984604,-0.4989475622371262,0.5446511676720712,0.96425644365423,-0.1524576244513169,-0.6244040257055189,1.0069617097584371,0.8273772438659699,0.4327933656785018,-0.4736736092984604,-0.4989475622371262,0.5446511676720712,0.96425644365423,-0.1524576244513169,-0.6244040257055189,0.9789560735779875,1.4869190335627187,0.8458292467520752,-0.3895323082701867,-0.341104784105365,1.2438424927803184,1.6226913442519018,0.4326077564539015,-0.21768581228891862,0.8635041745453002,0.5387118689362969,-0.4194008220350217,-0.571347415835755,0.7925352191037062,1.3577269342345568,0.3560796814594294,-0.3576753639798948,-0.07639966350995119,-0.28708333828187355,-0.2322306332310479,0.5281575091431288,0.770770541893495,0.48001367888229923,-0.16720298638958608,-0.2900883232983121,-0.2955781683826058,-0.3888554871521795,-0.41265547100857053,-0.2943754514063852,-0.3658086479243954,-0.19836401418550262,-0.33212765423625973,-0.41485036472765574,-0.41141638583294937,-0.4123594838653976,0.5449215208897721,1.1227307914744915,0.2690969755635181,-0.337529114616601,0.9989187709831968,0.3979510692708079,-0.22342026433344614,-0.45345512765364804,-0.4590224637410178,-0.4271559153457235,-0.7376951317802901,0.7376951317802901,-0.4820426798824101,-0.3075623426146228,0.6158384251930635,-0.13085598064755344,-0.2359813632291101,-0.2662958158485814,-0.19611613513818404,-0.19300937626135234,-0.12168146174384352,-0.06715342778730747,-0.03352007615769955,0.5449249778098338,-0.21680296415038888,-0.5118980953829163,0.8505317485662419,-0.40583972495671383,-0.16278112867447064,-1.2316448970959013,-0.1699069165076462,-0.2081478487327801,1.4322604033532795,-0.7376951317802901,0.7376951317802901,-0.7376951317802901,0.7376951317802901,-0.7376951317802901,0.7376951317802901,-0.7376951317802901,0.7376951317802901,-0.4820426798824101,-0.3075623426146228,0.6158384251930635,-0.4820426798824101,-0.3075623426146228,0.6158384251930635,-0.4820426798824101,-0.3075623426146228,0.6158384251930635,-0.13085598064755344,-0.2359813632291101,-0.2662958158485814,-0.19611613513818404,-0.19300937626135234,-0.12168146174384352,-0.06715342778730747,-0.03352007615769955,0.5449249778098338,-0.13085598064755344,-0.2359813632291101,-0.2662958158485814,-0.19611613513818404,-0.19300937626135234,-0.12168146174384352,-0.06715342778730747,-0.03352007615769955,0.5449249778098338,-0.21680296415038888,-0.5118980953829163,0.8505317485662419,-0.40583972495671383,-0.16278112867447064
0,1.0108495928076977,-0.3693648410115938,-0.47454519624983954,-0.4736736092984604,-0.11646779040628442,0.5446511676720712,0.96425644365423,0.8818551424480984,-0.0675031379141101,1.0108495928076977,-0.3693648410115938,-0.47454519624983954,-0.4736736092984604,-0.11646779040628442,0.5446511676720712,0.96425644365423,0.8818551424480984,-0.0675031379141101,0.9849112066864504,0.5304682634039849,-0.3760014818308347,-0.3895323082701867,0.14574450009456516,1.2473246868475638,1.626645734293649,1.561751248698894,0.42865516242294877,-0.5892568139740777,-0.4030649954631285,-0.4194008220350217,0.028469648884860296,-0.04105904351514409,0.42799519961826915,0.6406240726525699,-0.1629968366090419,-0.2328872501475753,-0.28708333828187355,-0.32078666523533045,-0.39610534423349997,-0.38113017778990566,-0.3694246287326534,-0.2751579580367754,-0.2900883232983121,-0.2955781683826058,-0.3888554871521795,-0.41265547100857053,-0.2943754514063852,-0.3658086479243954,-0.16209288333514058,0.399931507946359,0.35434580885804934,0.08632282403578564,-0.22559453904033924,0.5449215208897721,1.1227307914744915,1.3016263541781348,0.20090432700850336,0.9989187709831968,1.5112004740662026,0.42033946735152133,0.7785667831207204,0.5331876653061604,-0.23657207930514282,-0.7376951317802901,0.7376951317802901,-0.4820426798824101,-0.3075623426146228,0.6158384251930635,-0.13085598064755344,-0.2359813632291101,-0.2662958158485814,-0.19611613513818404,-0.19300937626135234,-0.12168146174384352,-0.06715342778730747,-0.03352007615769955,0.5449249778098338,-0.21680296415038888,-0.5118980953829163,0.8505317485662419,-0.40583972495671383,-0.16278112867447064,0.8119223343984152,-0.1699069165076462,-0.2081478487327801,-0.6981970580620328,-0.7376951317802901,0.7376951317802901,-0.7376951317802901,0.7376951317802901,-0.7376951317802901,0.7376951317802901,-0.7376951317802901,0.7376951317802901,-0.4820426798824101,-0.3075623426146228,0.6158384251930635,-0.4820426798824101,-0.3075623426146228,0.6158384251930635,-0.4820426798824101,-0.3075623426146228,0.6158384251930635,-0.13085598064755344,-0.2359813632291101,-0.2662958158485814,-0.19611613513818404,-0.19300937626135234,-0.12168146174384352,-0.06715342778730747,-0.03352007615769955,0.5449249778098338,-0.13085598064755344,-0.2359813632291101,-0.2662958158485814,-0.19611613513818404,-0.19300937626135234,-0.12168146174384352,-0.06715342778730747,-0.03352007615769955,0.5449249778098338,-0.21680296415038888,-0.5118980953829163,0.8505317485662419,-0.40583972495671383,-0.16278112867447064
1,1.014737475856958,-0.3693648410115938,-0.47454519624983954,-0.4736736092984604,-0.37816447639580775,0.5446511676720712,-0.5095104222433947,1.2266260647479035,-0.6244040257055189,1.014737475856958,-0.3693648410115938,-0.47454519624983954,-0.4736736092984604,-0.37816447639580775,0.5446511676720712,-0.5095104222433947,1.2266260647479035,-0.6244040257055189,0.9908747808056977,0.5331893182266271,-0.3760014818308347,-0.3895323082701867,-0.18671758840050673,1.2508068809148094,0.1497032693754621,1.941679831857671,-0.21585740783428817,-0.5892568139740777,-0.4030649954631285,-0.4194008220350217,-0.4746027279775913,-0.04105904351514409,-0.5569533474872684,0.9251684638457104,-0.5523538913507477,-0.2328872501475753,-0.28708333828187355,-0.32078666523533045,-0.39610534423349997,-0.38113017778990566,-0.3694246287326534,-0.2751579580367754,-0.2900883232983121,-0.2955781683826058,-0.3888554871521795,-0.41265547100857053,-0.2943754514063852,-0.3658086479243954,-0.19142217096055295,-0.10095107670490644,-0.45072062643411087,-0.16577885368993728,-0.38745749122205647,0.5449215208897721,-0.14575511629852972,1.64580281371634,-0.337529114616601,-0.7538678336953983,0.3097964882597226,-0.564416590908148,1.3385767425636153,-0.06213841212214652,-0.4271559153457235,1.3555735383351193,-1.3555735383351195,-0.4820426798824101,-0.3075623426146228,0.6158384251930635,-0.13085598064755344,-0.2359813632291101,-0.2662958158485814,-0.19611613513818404,-0.19300937626135234,-0.12168146174384352,-0.06715342778730747,-0.03352007615769955,0.5449249778098338,-0.21680296415038888,-0.5118980953829163,-1.175735064194511,2.4640269015229057,-0.16278112867447064,0.8119223343984152,-0.1699069165076462,-0.2081478487327801,-0.6981970580620328,1.3555735383351193,-1.3555735383351195,1.3555735383351193,-1.3555735383351195,1.3555735383351193,-1.3555735383351195,1.3555735383351193,-1.3555735383351195,-0.4820426798824101,-0.3075623426146228,0.6158384251930635,-0.4820426798824101,-0.3075623426146228,0.6158384251930635,-0.4820426798824101,-0.3075623426146228,0.6158384251930635,-0.13085598064755344,-0.2359813632291101,-0.2662958158485814,-0.19611613513818404,-0.19300937626135234,-0.12168146174384352,-0.06715342778730747,-0.03352007615769955,0.5449249778098338,-0.13085598064755344,-0.2359813632291101,-0.2662958158485814,-0.19611613513818404,-0.19300937626135234,-0.12168146174384352,-0.06715342778730747,-0.03352007615769955,0.5449249778098338,-0.21680296415038888,-0.5118980953829163,-1.175735064194511,2.4640269015229057,-0.16278112867447064
1,1.0186253589062184,-1.5661069258891576,-0.47454519624983954,-0.4736736092984604,-0.11646779040628442,-1.8792661492571456,0.96425644365423,1.2266260647479035,-0.6244040257055189,1.0186253589062184,-1.5661069258891576,-0.47454519624983954,-0.4736736092984604,-0.11646779040628442,-1.8792661492571456,0.96425644365423,1.2266260647479035,-0.6244040257055189,0.9968467959357294,-0.42734303416607017,-0.3760014818308347,-0.3895323082701867,0.14763080981652302,-1.1114187926909147,1.6345545143771432,1.9459367347502063,-0.21494320560697294,-1.4609134070857044,-0.4030649954631285,-0.4194008220350217,-0.4746027279775913,-1.6745420808165796,-0.5017365349980186,-0.2130091009268516,-0.7470324187216006,-0.2328872501475753,-0.28708333828187355,-0.32078666523533045,-0.39610534423349997,-0.38113017778990566,-0.3694246287326534,-0.2751579580367754,-0.2900883232983121,-0.2955781683826058,-0.3888554871521795,-0.41265547100857053,-0.2943754514063852,-0.3658086479243954,-0.16209288333514058,-0.5613283635835844,0.35434580885804934,0.1703567166110266,-0.33350317382815076,-1.8409560124108695,-1.1751878000261426,-0.9962776212396675,-0.8541915788189941,0.9989187709831968,1.8822836089980008,-0.22342026433344614,1.3385767425636153,-0.06213841212214652,-0.4271559153457235,-0.7376951317802901,0.7376951317802901,-0.4820426798824101,-0.3075623426146228,0.6158384251930635,-0.13085598064755344,-0.2359813632291101,-0.2662958158485814,-0.19611613513818404,5.181095444015676,-0.12168146174384352,-0.06715342778730747,-0.03352007615769955,-1.8351149988007645,-0.21680296415038888,-0.5118980953829163,0.8505317485662419,-0.40583972495671383,-0.16278112867447064,0.8119223343984152,-0.1699069165076462,-0.2081478487327801,-0.6981970580620328,-0.7376951317802901,0.7376951317802901,-0.7376951317802901,0.7376951317802901,-0.7376951317802901,0.7376951317802901,-0.7376951317802901,0.7376951317802901,-0.4820426798824101,-0.3075623426146228,0.6158384251930635,-0.4820426798824101,-0.3075623426146228,0.6158384251930635,-0.4820426798824101,-0.3075623426146228,0.6158384251930635,-0.13085598064755344,-0.2359813632291101,-0.2662958158485814,-0.19611613513818404,5.181095444015676,-0.12168146174384352,-0.06715342778730747,-0.03352007615769955,-1.8351149988007645,-0.13085598064755344,-0.2359813632291101,-0.2662958158485814,-0.19611613513818404,5.181095444015676,-0.12168146174384352,-0.06715342778730747,-0.03352007615769955,-1.8351149988007645,-0.21680296415038888,-0.5118980953829163,0.8505317485662419,-0.40583972495671383,-0.16278112867447064
1,1.0225132419554788,-1.5661069258891576,-0.47454519624983954,-0.4736736092984604,2.399846497954517,0.5446511676720712,-0.5095104222433947,-0.841999469050927,2.160100413251525,1.0225132419554788,-1.5661069258891576,-0.47454519624983954,-0.4736736092984604,2.399846497954517,0.5446511676720712,-0.5095104222433947,-0.841999469050927,2.160100413251525,1.0028272520765458,-0.4259825067547491,-0.3760014818308347,-0.3895323082701867,3.3634624090720187,1.2577712690493006,0.15342280800220987,-0.3134144754629126,3.0268178924528315,-1.4609134070857044,-0.4030649954631285,-0.4194008220350217,1.9440144684765028,-0.8746533061339944,-0.9942108085507874,-1.0666422745062731,0.2263602181326639,-0.2328872501475753,-0.28708333828187355,-0.32078666523533045,-0.39610534423349997,-0.38113017778990566,-0.3694246287326534,-0.2751579580367754,-0.2900883232983121,-0.2955781683826058,-0.3888554871521795,-0.41265547100857053,-0.2943754514063852,-0.3658086479243954,1.1178094612649554,5.21611020651622,2.1767760435637267,0.47417155899843627,3.3187890805285463,0.5449215208897721,-0.14575511629852972,-0.41925594351289297,2.354638093508921,-0.7538678336953983,-0.7373369807773581,0.94940043464318,-0.9014630952079639,0.33474563949672476,1.7963221717943845,1.3555735383351193,-1.3555735383351195,-0.4820426798824101,-0.3075623426146228,0.6158384251930635,-0.13085598064755344,-0.2359813632291101,-0.2662958158485814,-0.19611613513818404,-0.19300937626135234,-0.12168146174384352,-0.06715342778730747,-0.03352007615769955,0.5449249778098338,-0.21680296415038888,1.9535138126504805,-1.175735064194511,-0.40583972495671383,-0.16278112867447064,0.8119223343984152,-0.1699069165076462,-0.2081478487327801,-0.6981970580620328,1.3555735383351193,-1.3555735383351195,1.3555735383351193,-1.3555735383351195,1.3555735383351193,-1.3555735383351195,1.3555735383351193,-1.3555735383351195,-0.4820426798824101,-0.3075623426146228,0.6158384251930635,-0.4820426798824101,-0.3075623426146228,0.6158384251930635,-0.4820426798824101,-0.3075623426146228,0.6158384251930635,-0.13085598064755344,-0.2359813632291101,-0.2662958158485814,-0.19611613513818404,-0.19300937626135234,-0.12168146174384352,-0.06715342778730747,-0.03352007615769955,0.5449249778098338,-0.13085598064755344,-0.2359813632291101,-0.2662958158485814,-0.19611613513818404,-0.19300937626135234,-0.12168146174384352,-0.06715342778730747,-0.03352007615769955,0.5449249778098338,-0.21680296415038888,1.9535138126504805,-1.175735064194511,-0.40583972495671383,-0.16278112867447064
1,1.0264011250047391,0.8273772438659699,0.4327933656785018,0.7676298785983874,-0.33790344778203496,0.5446511676720712,-1.1168810094012038,-0.497228546751122,0.48939774987729867,1.0264011250047391,0.8273772438659699,0.4327933656785018,0.7676298785983874,-0.33790344778203496,0.5446511676720712,-1.1168810094012038,-0.497228546751122,0.48939774987729867,1.0088161492281467,1.5073269447325353,0.8544947129122377,1.2387891873177659,-0.1337920906248046,1.2612534631165462,-0.4576161424775294,0.06544988197273048,1.0850523616352836,0.8635041745453002,0.5387118689362969,0.9889639986931354,-0.10697291411656897,0.7925352191037062,-0.7285731700889909,-0.07073690533028135,0.8103958002452226,-0.07639966350995119,0.2184329747796864,-0.1310237395118678,0.5281575091431288,-0.09084380059842266,0.2676541019785611,0.048706956904792466,0.07498045644575013,-0.08225047530378916,0.9624460102277982,0.061644365260601956,0.34743986801389837,0.26748572765974243,-0.1881826441222431,-0.023892217527788678,-0.5452049752043748,-0.3564711483799072,-0.2546468637909039,0.5449215208897721,-0.6685250661686233,-0.07507948397468743,0.7393377686336078,-1.1087392780725651,-0.805835472779215,-0.38048523899815734,-0.714793108726999,0.0370826007825713,0.08106764742915833,-0.7376951317802901,0.7376951317802901,2.0745051044939435,-0.3075623426146228,-1.6238025415294657,-0.13085598064755344,-0.2359813632291101,-0.2662958158485814,-0.19611613513818404,-0.19300937626135234,-0.12168146174384352,-0.06715342778730747,-0.03352007615769955,0.5449249778098338,4.612483062299524,-0.5118980953829163,-1.175735064194511,-0.40583972495671383,-0.16278112867447064,-1.2316448970959013,-0.1699069165076462,-0.2081478487327801,1.4322604033532795,-0.7376951317802901,0.7376951317802901,-0.7376951317802901,0.7376951317802901,-0.7376951317802901,0.7376951317802901,-0.7376951317802901,0.7376951317802901,2.0745051044939435,-0.3075623426146228,-1.6238025415294657,2.0745051044939435,-0.3075623426146228,-1.6238025415294657,2.0745051044939435,-0.3075623426146228,-1.6238025415294657,-0.13085598064755344,-0.2359813632291101,-0.2662958158485814,-0.19611613513818404,-0.19300937626135234,-0.12168146174384352,-0.06715342778730747,-0.03352007615769955,0.5449249778098338,-0.13085598064755344,-0.2359813632291101,-0.2662958158485814,-0.19611613513818404,-0.19300937626135234,-0.12168146174384352,-0.06715342778730747,-0.03352007615769955,0.5449249778098338,4.612483062299524,-0.5118980953829163,-1.175735064194511,-0.40583972495671383,-0.16278112867447064
1,1.0302890080539995,-1.5661069258891576,-0.47454519624983954,-0.4736736092984604,0.346534038652103,-1.747233654090395,-1.3133832581875537,-0.497228546751122,-0.6244040257055189,1.0302890080539995,-1.5661069258891576,-0.47454519624983954,-0.4736736092984604,0.346534038652103,-1.747233654090395,-1.3133832581875537,-0.497228546751122,-0.6244040257055189,1.014813487390532,-0.42326145193210685,-0.3760014818308347,-0.3895323082701867,0.7436684067682444,-0.9815885866689367,-0.6551896558474573,0.06704622055743123,-0.21220059892502724,-1.4609134070857044,-0.4030649954631285,-0.4194008220350217,-0.02957716383003796,-1.6309715720209197,-1.2628331395795704,-0.9243700789097029,-0.7470324187216006,-0.2328872501475753,-0.28708333828187355,-0.32078666523533045,-0.39610534423349997,-0.38113017778990566,-0.3694246287326534,-0.2751579580367754,-0.2900883232983121,-0.2955781683826058,-0.3888554871521795,-0.41265547100857053,-0.2943754514063852,-0.3658086479243954,-0.062303886976489024,-0.4268173372093256,-0.338431111526947,-0.02679972366165413,-0.23804553536200979,-1.8243260033503432,-1.2317507019144973,-1.0118911489899214,-0.8260486080042697,-1.177626087863427,-0.8844598288161288,-0.7504145872216218,-0.714793108726999,-0.5582434766457356,-0.4271559153457235,1.3555735383351193,-1.3555735383351195,2.0745051044939435,-0.3075623426146228,-1.6238025415294657,-0.13085598064755344,-0.2359813632291101,3.755222352305419,-0.19611613513818404,-0.19300937626135234,-0.12168146174384352,-0.06715342778730747,-0.03352007615769955,-1.8351149988007645,-0.21680296415038888,1.9535138126504805,-1.175735064194511,-0.40583972495671383,-0.16278112867447064,0.8119223343984152,-0.1699069165076462,-0.2081478487327801,-0.6981970580620328,1.3555735383351193,-1.3555735383351195,1.3555735383351193,-1.3555735383351195,1.3555735383351193,-1.3555735383351195,1.3555735383351193,-1.3555735383351195,2.0745051044939435,-0.3075623426146228,-1.6238025415294657,2.0745051044939435,-0.3075623426146228,-1.6238025415294657,2.0745051044939435,-0.3075623426146228,-1.6238025415294657,-0.13085598064755344,-0.2359813632291101,3.755222352305419,-0.19611613513818404,-0.19300937626135234,-0.12168146174384352,-0.06715342778730747,-0.03352007615769955,-1.8351149988007645,-0.13085598064755344,-0.2359813632291101,3.755222352305419,-0.19611613513818404,-0.19300937626135234,-0.12168146174384352,-0.06715342778730747,-0.03352007615769955,-1.8351149988007645,-0.21680296415038888,1.9535138126504805,-1.175735064194511,-0.40583972495671383,-0.16278112867447064
0,1.0341768911032598,-1.5661069258891576,-0.47454519624983954,-0.4736736092984604,-0.11646779040628442,-1.747233654090395,0.96425644365423,-0.841999469050927,-0.6244040257055189,1.0341768911032598,-1.5661069258891576,-0.47454519624983954,-0.4736736092984604,-0.11646779040628442,-1.747233654090395,0.96425644365423,-0.841999469050927,-0.6244040257055189,1.0208192665637017,-0.42190092452078576,-0.3760014818308347,-0.3895323082701867,0.15140342926043873,-0.9812657797238469,1.6503720745441322,-0.31022179829351115,-0.21128639669771201,-1.4609134070857044,-0.4030649954631285,-0.4194008220350217,-0.4746027279775913,-1.6309715720209197,-0.5017365349980186,-1.0666422745062731,-0.7470324187216006,-0.2328872501475753,-0.28708333828187355,-0.32078666523533045,-0.39610534423349997,-0.38113017778990566,-0.3694246287326534,-0.2751579580367754,-0.2900883232983121,-0.2955781683826058,-0.3888554871521795,-0.41265547100857053,-0.2943754514063852,-0.3658086479243954,-0.16209288333514058,-0.5089678567068249,0.35434580885804934,-0.3338466388404192,-0.33350317382815076,-1.8243260033503432,-1.050018544785101,-1.043797053523049,-0.8260486080042697,0.9989187709831968,-0.34421520059278854,-0.22342026433344614,-0.9014630952079639,-0.6574644895504534,-0.4271559153457235,-0.7376951317802901,0.7376951317802901,-0.4820426798824101,-0.3075623426146228,0.6158384251930635,-0.13085598064755344,-0.2359813632291101,3.755222352305419,-0.19611613513818404,-0.19300937626135234,-0.12168146174384352,-0.06715342778730747,-0.03352007615769955,-1.8351149988007645,-0.21680296415038888,-0.5118980953829163,0.8505317485662419,-0.40583972495671383,-0.16278112867447064,0.8119223343984152,-0.1699069165076462,-0.2081478487327801,-0.6981970580620328,-0.7376951317802901,0.7376951317802901,-0.7376951317802901,0.7376951317802901,-0.7376951317802901,0.7376951317802901,-0.7376951317802901,0.7376951317802901,-0.4820426798824101,-0.3075623426146228,0.6158384251930635,-0.4820426798824101,-0.3075623426146228,0.6158384251930635,-0.4820426798824101,-0.3075623426146228,0.6158384251930635,-0.13085598064755344,-0.2359813632291101,3.755222352305419,-0.19611613513818404,-0.19300937626135234,-0.12168146174384352,-0.06715342778730747,-0.03352007615769955,-1.8351149988007645,-0.13085598064755344,-0.2359813632291101,3.755222352305419,-0.19611613513818404,-0.19300937626135234,-0.12168146174384352,-0.06715342778730747,-0.03352007615769955,-1.8351149988007645,-0.21680296415038888,-0.5118980953829163,0.8505317485662419,-0.40583972495671383,-0.16278112867447064
1,1.0380647741525202,-1.5661069258891576,0.4327933656785018,-0.4736736092984604,0.40692558157276226,-1.747233654090395,0.96425644365423,1.5713969870477085,-0.0675031379141101,1.0380647741525202,-1.5661069258891576,0.4327933656785018,-0.4736736092984604,0.40692558157276226,-1.747233654090395,0.96425644365423,1.5713969870477085,-0.0675031379141101,1.026833486747656,-0.42054039710946467,0.8596939926083351,-0.3895323082701867,0.8248159999993929,-0.9809429727787571,1.6543264645858793,2.346617719510093,0.441453993605362,-1.4609134070857044,-0.0891393739966534,-0.4194008220350217,0.028469648884860296,-1.6309715720209197,-0.5017365349980186,-0.07073690533028135,-0.5523538913507477,-0.07639966350995119,-0.28708333828187355,0.3370581439393401,-0.31042417242146536,0.770770541893495,1.5418115634009901,-0.05924801474239681,-0.2900883232983121,-0.2955781683826058,-0.3888554871521795,-0.41265547100857053,-0.2943754514063852,-0.3658086479243954,-0.044775732833491094,-0.4161020520574778,1.4069300463963827,1.0106956423634363,-0.009777269464716258,-1.8243260033503432,-1.050018544785101,-0.8204557217911562,-0.7761346597668339,0.9989187709831968,2.2533667439297993,0.42033946735152133,1.973254696598896,0.9300717169250317,-0.23657207930514282,-0.7376951317802901,0.7376951317802901,-0.4820426798824101,-0.3075623426146228,0.6158384251930635,-0.13085598064755344,-0.2359813632291101,3.755222352305419,-0.19611613513818404,-0.19300937626135234,-0.12168146174384352,-0.06715342778730747,-0.03352007615769955,-1.8351149988007645,-0.21680296415038888,-0.5118980953829163,0.8505317485662419,-0.40583972495671383,-0.16278112867447064,-1.2316448970959013,-0.1699069165076462,-0.2081478487327801,1.4322604033532795,-0.7376951317802901,0.7376951317802901,-0.7376951317802901,0.7376951317802901,-0.7376951317802901,0.7376951317802901,-0.7376951317802901,0.7376951317802901,-0.4820426798824101,-0.3075623426146228,0.6158384251930635,-0.4820426798824101,-0.3075623426146228,0.6158384251930635,-0.4820426798824101,-0.3075623426146228,0.6158384251930635,-0.13085598064755344,-0.2359813632291101,3.755222352305419,-0.19611613513818404,-0.19300937626135234,-0.12168146174384352,-0.06715342778730747,-0.03352007615769955,-1.8351149988007645,-0.13085598064755344,-0.2359813632291101,3.755222352305419,-0.19611613513818404,-0.19300937626135234,-0.12168146174384352,-0.06715342778730747,-0.03352007615769955,-1.8351149988007645,-0.21680296415038888,-0.5118980953829163,0.8505317485662419,-0.40583972495671383,-0.16278112867447064
0,1.0419526572017805,0.8273772438659699,-0.47454519624983954,-0.4736736092984604,-0.45868653362335343,0.5446511676720712,0.96425644365423,0.19231329784848822,-0.6244040257055189,1.0419526572017805,0.8273772438659699,-0.47454519624983954,-0.4736736092984604,-0.45868653362335343,0.5446511676720712,0.96425644365423,0.19231329784848822,-0.6244040257055189,1.032856147942395,1.5236532736683883,-0.3760014818308347,-0.3895323082701867,-0.28701848034691957,1.2751822393855283,1.6582808546276264,0.8316924026290873,-0.20945799224308156,0.8635041745453002,-0.4030649954631285,-0.4194008220350217,-0.4552537904059585,0.7925352191037062,1.3577269342345568,0.7828962682491402,-0.3576753639798948,-0.2328872501475753,-0.28708333828187355,-0.32078666523533045,-0.39610534423349997,-0.38113017778990566,-0.3694246287326534,-0.2751579580367754,-0.2900883232983121,-0.2955781683826058,-0.3888554871521795,-0.41265547100857053,-0.2943754514063852,-0.3658086479243954,-0.1965128559921827,-0.255068795059142,-0.33388234645547626,-0.3564711483799072,-0.40405881965095053,0.5449215208897721,1.1227307914744915,0.6132734351017236,-0.337529114616601,0.9989187709831968,0.7690342042026062,-0.22342026433344614,-0.1174491519879112,-0.3598014508363,-0.4271559153457235,-0.7376951317802901,0.7376951317802901,-0.4820426798824101,-0.3075623426146228,0.6158384251930635,-0.13085598064755344,-0.2359813632291101,-0.2662958158485814,-0.19611613513818404,-0.19300937626135234,-0.12168146174384352,-0.06715342778730747,-0.03352007615769955,0.5449249778098338,-0.21680296415038888,-0.5118980953829163,0.8505317485662419,-0.40583972495671383,-0.16278112867447064,0.8119223343984152,-0.1699069165076462,-0.2081478487327801,-0.6981970580620328,-0.7376951317802901,0.7376951317802901,-0.7376951317802901,0.7376951317802901,-0.7376951317802901,0.7376951317802901,-0.7376951317802901,0.7376951317802901,-0.4820426798824101,-0.3075623426146228,0.6158384251930635,-0.4820426798824101,-0.3075623426146228,0.6158384251930635,-0.4820426798824101,-0.3075623426146228,0.6158384251930635,-0.13085598064755344,-0.2359813632291101,-0.2662958158485814,-0.19611613513818404,-0.19300937626135234,-0.12168146174384352,-0.06715342778730747,-0.03352007615769955,0.5449249778098338,-0.13085598064755344,-0.2359813632291101,-0.2662958158485814,-0.19611613513818404,-0.19300937626135234,-0.12168146174384352,-0.06715342778730747,-0.03352007615769955,0.5449249778098338,-0.21680296415038888,-0.5118980953829163,0.8505317485662419,-0.40583972495671383,-0.16278112867447064
0,1.045840540251041,-0.3693648410115938,-0.47454519624983954,-0.4736736092984604,-0.37816447639580775,0.5446511676720712,0.96425644365423,1.5713969870477085,-0.0675031379141101,1.045840540251041,-0.3693648410115938,-0.47454519624983954,-0.4736736092984604,-0.37816447639580775,0.5446511676720712,0.96425644365423,1.5713969870477085,-0.0675031379141101,1.0388872501479183,0.5549577568077647,-0.3760014818308347,-0.3895323082701867,-0.18294496895659101,1.278664433452774,1.6622352446693736,2.3561957510182974,0.4451108025146229,-0.5892568139740777,-0.4030649954631285,-0.4194008220350217,-0.4746027279775913,-0.04105904351514409,0.42799519961826915,1.209712855038851,-0.1629968366090419,-0.2328872501475753,-0.28708333828187355,-0.32078666523533045,-0.39610534423349997,-0.38113017778990566,-0.3694246287326534,-0.2751579580367754,-0.2900883232983121,-0.2955781683826058,-0.3888554871521795,-0.41265547100857053,-0.2943754514063852,-0.3658086479243954,-0.19142217096055295,-0.10095107670490644,-0.17194630991111728,-0.1237619074023168,-0.33350317382815076,0.5449215208897721,1.1227307914744915,1.9899792732545456,0.20090432700850336,0.9989187709831968,2.2533667439297993,0.42033946735152133,1.973254696598896,0.9300717169250317,-0.23657207930514282,-0.7376951317802901,0.7376951317802901,-0.4820426798824101,-0.3075623426146228,0.6158384251930635,-0.13085598064755344,-0.2359813632291101,-0.2662958158485814,-0.19611613513818404,-0.19300937626135234,-0.12168146174384352,-0.06715342778730747,-0.03352007615769955,0.5449249778098338,-0.21680296415038888,-0.5118980953829163,0.8505317485662419,-0.40583972495671383,-0.16278112867447064,0.8119223343984152,-0.1699069165076462,-0.2081478487327801,-0.6981970580620328,-0.7376951317802901,0.7376951317802901,-0.7376951317802901,0.7376951317802901,-0.7376951317802901,0.7376951317802901,-0.7376951317802901,0.7376951317802901,-0.4820426798824101,-0.3075623426146228,0.6158384251930635,-0.4820426798824101,-0.3075623426146228,0.6158384251930635,-0.4820426798824101,-0.3075623426146228,0.6158384251930635,-0.13085598064755344,-0.2359813632291101,-0.2662958158485814,-0.19611613513818404,-0.19300937626135234,-0.12168146174384352,-0.06715342778730747,-0.03352007615769955,0.5449249778098338,-0.13085598064755344,-0.2359813632291101,-0.2662958158485814,-0.19611613513818404,-0.19300937626135234,-0.12168146174384352,-0.06715342778730747,-0.03352007615769955,0.5449249778098338,-0.21680296415038888,-0.5118980953829163,0.8505317485662419,-0.40583972495671383,-0.16278112867447064
0,1.0497284233003012,0.8273772438659699,-0.47454519624983954,-0.4736736092984604,-0.4989475622371262,-1.9290897323389384,0.96425644365423,-1.1867703913507321,-0.6244040257055189,1.0497284233003012,0.8273772438659699,-0.47454519624983954,-0.4736736092984604,-0.4989475622371262,-1.9290897323389384,0.96425644365423,-1.1867703913507321,-0.6244040257055189,1.0449267933642261,1.531816438136315,-0.3760014818308347,-0.3895323082701867,-0.33831159470938893,-1.1594689498791788,1.6661896347111211,-0.6869577042828866,-0.2076295877884511,0.8635041745453002,-0.4030649954631285,-0.4194008220350217,-0.571347415835755,-1.6564562092410227,1.3577269342345568,-0.9243700789097029,-0.3576753639798948,-0.2328872501475753,-0.28708333828187355,-0.32078666523533045,-0.39610534423349997,-0.38113017778990566,-0.3694246287326534,-0.2751579580367754,-0.2900883232983121,-0.2955781683826058,-0.3888554871521795,-0.41265547100857053,-0.2943754514063852,-0.3658086479243954,-0.19836401418550262,-0.5962480339897832,-0.41485036472765574,-0.4792899144514132,-0.4123594838653976,-1.8438380824646854,-1.2224214812491774,-1.1004809477467967,-0.8648115678056826,0.9989187709831968,-0.7152983355245868,-0.22342026433344614,-1.0134650870965427,-0.7566855024551713,-0.4271559153457235,-0.7376951317802901,0.7376951317802901,-0.4820426798824101,-0.3075623426146228,0.6158384251930635,-0.13085598064755344,-0.2359813632291101,-0.2662958158485814,-0.19611613513818404,-0.19300937626135234,8.218178723930356,-0.06715342778730747,-0.03352007615769955,-1.8351149988007645,-0.21680296415038888,-0.5118980953829163,0.8505317485662419,-0.40583972495671383,-0.16278112867447064,0.8119223343984152,-0.1699069165076462,-0.2081478487327801,-0.6981970580620328,-0.7376951317802901,0.7376951317802901,-0.7376951317802901,0.7376951317802901,-0.7376951317802901,0.7376951317802901,-0.7376951317802901,0.7376951317802901,-0.4820426798824101,-0.3075623426146228,0.6158384251930635,-0.4820426798824101,-0.3075623426146228,0.6158384251930635,-0.4820426798824101,-0.3075623426146228,0.6158384251930635,-0.13085598064755344,-0.2359813632291101,-0.2662958158485814,-0.19611613513818404,-0.19300937626135234,8.218178723930356,-0.06715342778730747,-0.03352007615769955,-1.8351149988007645,-0.13085598064755344,-0.2359813632291101,-0.2662958158485814,-0.19611613513818404,-0.19300937626135234,8.218178723930356,-0.06715342778730747,-0.03352007615769955,-1.8351149988007645,-0.21680296415038888,-0.5118980953829163,0.8505317485662419,-0.40583972495671383,-0.16278112867447064
1,1.0536163063495618,-1.5661069258891576,-0.47454519624983954,-0.4736736092984604,3.9297655852778846,-1.747233654090395,-1.3133832581875537,0.8818551424480984,1.6031995254601163,1.0536163063495618,-1.5661069258891576,-0.47454519624983954,-0.4736736092984604,3.9297655852778846,-1.747233654090395,-1.3133832581875537,0.8818551424480984,1.6031995254601163,1.0509747775913183,-0.41509828746418026,-0.3760014818308347,-0.3895323082701867,5.383990322784567,-0.9796517449983977,-0.6508861623509812,1.6027239390395465,2.4152166023789428,-1.4609134070857044,-0.4030649954631285,-0.4194008220350217,3.4145337239205924,-1.6309715720209197,-1.2628331395795704,-0.35528129652342183,0.031681690761811,-0.2328872501475753,-0.28708333828187355,-0.32078666523533045,-0.39610534423349997,-0.38113017778990566,-0.3694246287326534,-0.2751579580367754,-0.2900883232983121,-0.2955781683826058,-0.3888554871521795,-0.41265547100857053,-0.2943754514063852,-0.3658086479243954,2.7796867293179073,0.20895624846697347,0.9686240405810932,4.6338492414728645,4.2692151330827315,-1.8243260033503432,-1.2317507019144973,-0.8842675308574113,-0.6263928150545268,-1.177626087863427,-0.6152309732957872,-0.2833529520344544,0.7785667831207204,2.6168289363052346,1.097514772978922,1.3555735383351193,-1.3555735383351195,2.0745051044939435,-0.3075623426146228,-1.6238025415294657,-0.13085598064755344,-0.2359813632291101,3.755222352305419,-0.19611613513818404,-0.19300937626135234,-0.12168146174384352,-0.06715342778730747,-0.03352007615769955,-1.8351149988007645,-0.21680296415038888,1.9535138126504805,-1.175735064194511,-0.40583972495671383,-0.16278112867447064,0.8119223343984152,-0.1699069165076462,-0.2081478487327801,-0.6981970580620328,1.3555735383351193,-1.3555735383351195,1.3555735383351193,-1.3555735383351195,1.3555735383351193,-1.3555735383351195,1.3555735383351193,-1.3555735383351195,2.0745051044939435,-0.3075623426146228,-1.6238025415294657,2.0745051044939435,-0.3075623426146228,-1.6238025415294657,2.0745051044939435,-0.3075623426146228,-1.6238025415294657,-0.13085598064755344,-0.2359813632291101,3.755222352305419,-0.19611613513818404,-0.19300937626135234,-0.12168146174384352,-0.06715342778730747,-0.03352007615769955,-1.8351149988007645,-0.13085598064755344,-0.2359813632291101,3.755222352305419,-0.19611613513818404,-0.19300937626135234,-0.12168146174384352,-0.06715342778730747,-0.03352007615769955,-1.8351149988007645,-0.21680296415038888,1.9535138126504805,-1.175735064194511,-0.40583972495671383,-0.16278112867447064
1,1.0575041893988222,-0.3693648410115938,-0.47454519624983954,-0.4736736092984604,-0.438556019316467,-1.8792661492571456,-0.5095104222433947,-0.1524576244513169,-0.6244040257055189,1.0575041893988222,-0.3693648410115938,-0.47454519624983954,-0.4736736092984604,-0.438556019316467,-1.8792661492571456,-0.5095104222433947,-0.1524576244513169,-0.6244040257055189,1.057031202829195,0.5631209212756912,-0.3760014818308347,-0.3895323082701867,-0.25966698937853067,-1.110010804951693,0.17016073182257482,0.460277625255381,-0.20580118333382064,-0.5892568139740777,-0.4030649954631285,-0.4194008220350217,-0.5906963534073878,-1.6408365928803144,-0.5569533474872684,-0.2130091009268516,-0.5523538913507477,-0.2328872501475753,-0.28708333828187355,-0.32078666523533045,-0.39610534423349997,-0.38113017778990566,-0.3694246287326534,-0.2751579580367754,-0.2900883232983121,-0.2955781683826058,-0.3888554871521795,-0.41265547100857053,-0.2943754514063852,-0.3658086479243954,-0.19541373081489902,-0.5862547006744074,-0.5078401192601508,-0.3726315123366843,-0.39990848754372704,-1.8409560124108695,-1.2264776641471424,-1.0519432419144858,-0.8541915788189941,-0.7538678336953983,-0.3882924910983312,-0.564416590908148,-0.45345512765364804,-0.4590224637410178,-0.4271559153457235,1.3555735383351193,-1.3555735383351195,-0.4820426798824101,-0.3075623426146228,0.6158384251930635,-0.13085598064755344,-0.2359813632291101,-0.2662958158485814,-0.19611613513818404,5.181095444015676,-0.12168146174384352,-0.06715342778730747,-0.03352007615769955,-1.8351149988007645,-0.21680296415038888,1.9535138126504805,-1.175735064194511,-0.40583972495671383,-0.16278112867447064,0.8119223343984152,-0.1699069165076462,-0.2081478487327801,-0.6981970580620328,1.3555735383351193,-1.3555735383351195,1.3555735383351193,-1.3555735383351195,1.3555735383351193,-1.3555735383351195,1.3555735383351193,-1.3555735383351195,-0.4820426798824101,-0.3075623426146228,0.6158384251930635,-0.4820426798824101,-0.3075623426146228,0.6158384251930635,-0.4820426798824101,-0.3075623426146228,0.6158384251930635,-0.13085598064755344,-0.2359813632291101,-0.2662958158485814,-0.19611613513818404,5.181095444015676,-0.12168146174384352,-0.06715342778730747,-0.03352007615769955,-1.8351149988007645,-0.13085598064755344,-0.2359813632291101,-0.2662958158485814,-0.19611613513818404,5.181095444015676,-0.12168146174384352,-0.06715342778730747,-0.03352007615769955,-1.8351149988007645,-0.21680296415038888,1.9535138126504805,-1.175735064194511,-0.40583972495671383,-0.16278112867447064
0,1.0613920724480825,0.8273772438659699,-0.47454519624983954,-0.4736736092984604,-0.33790344778203496,0.5446511676720712,-1.5366812681720423,0.8818551424480984,-0.0675031379141101,1.0613920724480825,0.8273772438659699,-0.47454519624983954,-0.4736736092984604,-0.33790344778203496,0.5446511676720712,-1.5366812681720423,0.8818551424480984,-0.0675031379141101,1.0630960690778564,1.5440611848382049,-0.3760014818308347,-0.3895323082701867,-0.12889494038510635,1.2925932097217563,-0.8776383772007034,1.6101735191014832,0.4524244203331448,0.8635041745453002,-0.4030649954631285,-0.4194008220350217,-0.10697291411656897,0.7925352191037062,-1.1494148220340843,1.6365294418285616,0.2263602181326639,-0.2328872501475753,-0.28708333828187355,-0.32078666523533045,-0.39610534423349997,-0.38113017778990566,-0.3694246287326534,-0.2751579580367754,-0.2900883232983121,-0.2955781683826058,-0.3888554871521795,-0.41265547100857053,-0.2943754514063852,-0.3658086479243954,-0.1881826441222431,-0.023892217527788678,-0.6368301002154287,-0.16254678089858185,-0.31690184539925664,0.5449215208897721,-1.0298513550494233,1.3016263541781348,0.20090432700850336,-1.2286533543751765,-0.8237046446057863,-0.736981398598982,0.7785667831207204,0.5331876653061604,-0.23657207930514282,-0.7376951317802901,0.7376951317802901,-0.4820426798824101,3.2513733362117265,-1.6238025415294657,-0.13085598064755344,-0.2359813632291101,-0.2662958158485814,-0.19611613513818404,-0.19300937626135234,-0.12168146174384352,-0.06715342778730747,-0.03352007615769955,0.5449249778098338,-0.21680296415038888,-0.5118980953829163,0.8505317485662419,-0.40583972495671383,-0.16278112867447064,0.8119223343984152,-0.1699069165076462,-0.2081478487327801,-0.6981970580620328,-0.7376951317802901,0.7376951317802901,-0.7376951317802901,0.7376951317802901,-0.7376951317802901,0.7376951317802901,-0.7376951317802901,0.7376951317802901,-0.4820426798824101,3.2513733362117265,-1.6238025415294657,-0.4820426798824101,3.2513733362117265,-1.6238025415294657,-0.4820426798824101,3.2513733362117265,-1.6238025415294657,-0.13085598064755344,-0.2359813632291101,-0.2662958158485814,-0.19611613513818404,-0.19300937626135234,-0.12168146174384352,-0.06715342778730747,-0.03352007615769955,0.5449249778098338,-0.13085598064755344,-0.2359813632291101,-0.2662958158485814,-0.19611613513818404,-0.19300937626135234,-0.12168146174384352,-0.06715342778730747,-0.03352007615769955,0.5449249778098338,-0.21680296415038888,-0.5118980953829163,0.8505317485662419,-0.40583972495671383,-0.16278112867447064
0,1.065279955497343,0.8273772438659699,-0.47454519624983954,-0.4736736092984604,-0.4989475622371262,0.5446511676720712,0.96425644365423,0.5370842201482933,-0.6244040257055189,1.065279955497343,0.8273772438659699,-0.47454519624983954,-0.4736736092984604,-0.4989475622371262,0.5446511676720712,0.96425644365423,0.5370842201482933,-0.6244040257055189,1.0691693763373022,1.5481427670721681,-0.3760014818308347,-0.3895323082701867,-0.3372958894744886,1.2960754037890017,1.68200719487811,1.230777048804273,-0.2039727788791902,0.8635041745453002,-0.4030649954631285,-0.4194008220350217,-0.571347415835755,0.7925352191037062,1.3577269342345568,1.209712855038851,-0.3576753639798948,-0.2328872501475753,-0.28708333828187355,-0.32078666523533045,-0.39610534423349997,-0.38113017778990566,-0.3694246287326534,-0.2751579580367754,-0.2900883232983121,-0.2955781683826058,-0.3888554871521795,-0.41265547100857053,-0.2943754514063852,-0.3658086479243954,-0.19836401418550262,-0.33212765423625973,-0.41485036472765574,-0.36616736675397343,-0.4123594838653976,0.5449215208897721,1.1227307914744915,0.9574498946399291,-0.337529114616601,0.9989187709831968,1.1401173391344044,-0.22342026433344614,0.29322481827021163,-0.26058043793158214,-0.4271559153457235,-0.7376951317802901,0.7376951317802901,-0.4820426798824101,-0.3075623426146228,0.6158384251930635,-0.13085598064755344,-0.2359813632291101,-0.2662958158485814,-0.19611613513818404,-0.19300937626135234,-0.12168146174384352,-0.06715342778730747,-0.03352007615769955,0.5449249778098338,-0.21680296415038888,-0.5118980953829163,0.8505317485662419,-0.40583972495671383,-0.16278112867447064,0.8119223343984152,-0.1699069165076462,-0.2081478487327801,-0.6981970580620328,-0.7376951317802901,0.7376951317802901,-0.7376951317802901,0.7376951317802901,-0.7376951317802901,0.7376951317802901,-0.7376951317802901,0.7376951317802901,-0.4820426798824101,-0.3075623426146228,0.6158384251930635,-0.4820426798824101,-0.3075623426146228,0.6158384251930635,-0.4820426798824101,-0.3075623426146228,0.6158384251930635,-0.13085598064755344,-0.2359813632291101,-0.2662958158485814,-0.19611613513818404,-0.19300937626135234,-0.12168146174384352,-0.06715342778730747,-0.03352007615769955,0.5449249778098338,-0.13085598064755344,-0.2359813632291101,-0.2662958158485814,-0.19611613513818404,-0.19300937626135234,-0.12168146174384352,-0.06715342778730747,-0.03352007615769955,0.5449249778098338,-0.21680296415038888,-0.5118980953829163,0.8505317485662419,-0.40583972495671383,-0.16278112867447064
1,1.0691678385466032,-0.3693648410115938,-0.47454519624983954,0.7676298785983874,0.02444580974192045,0.5446511676720712,-0.5095104222433947,-1.5315413136505371,0.48939774987729867,1.0691678385466032,-0.3693648410115938,-0.47454519624983954,0.7676298785983874,0.02444580974192045,0.5446511676720712,-0.5095104222433947,-1.5315413136505371,0.48939774987729867,1.0752511246075325,0.5712840857436179,-0.3760014818308347,1.2640167034465932,0.3429726916000432,1.2995575978562472,0.17574003976269645,-1.0679505131647973,1.1152210351366862,-0.5892568139740777,-0.4030649954631285,0.5195090584504164,0.29935477488771883,-0.04105904351514409,-0.5569533474872684,-1.3511866656994136,0.2263602181326639,-0.2328872501475753,-0.28708333828187355,-0.32078666523533045,-0.39610534423349997,-0.38113017778990566,-0.3694246287326534,-0.2751579580367754,0.07498045644575013,0.17374275639079081,0.9624460102277982,0.4725028221561908,-0.2943754514063852,0.26748572765974243,-0.13820137290260545,0.6696375150662711,-0.06992400759384458,-0.5019144239909011,-0.030528930000833853,0.5449215208897721,-0.14575511629852972,-1.107608862589304,0.7393377686336078,-0.7538678336953983,-1.086381470456385,0.04111021931238319,-1.0507990843927357,-0.855906515359889,0.08106764742915833,1.3555735383351193,-1.3555735383351195,-0.4820426798824101,-0.3075623426146228,0.6158384251930635,-0.13085598064755344,-0.2359813632291101,-0.2662958158485814,-0.19611613513818404,-0.19300937626135234,-0.12168146174384352,-0.06715342778730747,-0.03352007615769955,0.5449249778098338,-0.21680296415038888,1.9535138126504805,-1.175735064194511,-0.40583972495671383,-0.16278112867447064,-1.2316448970959013,-0.1699069165076462,-0.2081478487327801,1.4322604033532795,1.3555735383351193,-1.3555735383351195,1.3555735383351193,-1.3555735383351195,1.3555735383351193,-1.3555735383351195,1.3555735383351193,-1.3555735383351195,-0.4820426798824101,-0.3075623426146228,0.6158384251930635,-0.4820426798824101,-0.3075623426146228,0.6158384251930635,-0.4820426798824101,-0.3075623426146228,0.6158384251930635,-0.13085598064755344,-0.2359813632291101,-0.2662958158485814,-0.19611613513818404,-0.19300937626135234,-0.12168146174384352,-0.06715342778730747,-0.03352007615769955,0.5449249778098338,-0.13085598064755344,-0.2359813632291101,-0.2662958158485814,-0.19611613513818404,-0.19300937626135234,-0.12168146174384352,-0.06715342778730747,-0.03352007615769955,0.5449249778098338,-0.21680296415038888,1.9535138126504805,-1.175735064194511,-0.40583972495671383,-0.16278112867447064
0,1.0730557215958636,0.8273772438659699,0.4327933656785018,-0.4736736092984604,-0.4989475622371262,0.5446511676720712,0.96425644365423,-1.1867703913507321,-0.6244040257055189,1.0730557215958636,0.8273772438659699,0.4327933656785018,-0.4736736092984604,-0.4989475622371262,0.5446511676720712,0.96425644365423,-1.1867703913507321,-0.6244040257055189,1.0813413138885473,1.556305931540095,0.8752918316966276,-0.3895323082701867,-0.33678803685703834,1.3030397919234928,1.6899159749616042,-0.6837650271134851,-0.2021443744245597,0.8635041745453002,0.5387118689362969,-0.4194008220350217,-0.571347415835755,0.7925352191037062,1.3577269342345568,-0.9243700789097029,-0.3576753639798948,-0.07639966350995119,-0.28708333828187355,-0.2322306332310479,0.5281575091431288,0.770770541893495,-0.15706505182891523,-0.16720298638958608,-0.2900883232983121,-0.2955781683826058,-0.3888554871521795,-0.41265547100857053,-0.2943754514063852,-0.3658086479243954,-0.19836401418550262,-0.33212765423625973,-0.41485036472765574,-0.4792899144514132,-0.4123594838653976,0.5449215208897721,1.1227307914744915,-0.7634324030510985,-0.337529114616601,0.9989187709831968,-0.7152983355245868,-0.22342026433344614,-1.0134650870965427,-0.7566855024551713,-0.4271559153457235,-0.7376951317802901,0.7376951317802901,-0.4820426798824101,-0.3075623426146228,0.6158384251930635,-0.13085598064755344,-0.2359813632291101,-0.2662958158485814,-0.19611613513818404,-0.19300937626135234,-0.12168146174384352,-0.06715342778730747,-0.03352007615769955,0.5449249778098338,-0.21680296415038888,-0.5118980953829163,0.8505317485662419,-0.40583972495671383,-0.16278112867447064,-1.2316448970959013,-0.1699069165076462,-0.2081478487327801,1.4322604033532795,-0.7376951317802901,0.7376951317802901,-0.7376951317802901,0.7376951317802901,-0.7376951317802901,0.7376951317802901,-0.7376951317802901,0.7376951317802901,-0.4820426798824101,-0.3075623426146228,0.6158384251930635,-0.4820426798824101,-0.3075623426146228,0.6158384251930635,-0.4820426798824101,-0.3075623426146228,0.6158384251930635,-0.13085598064755344,-0.2359813632291101,-0.2662958158485814,-0.19611613513818404,-0.19300937626135234,-0.12168146174384352,-0.06715342778730747,-0.03352007615769955,0.5449249778098338,-0.13085598064755344,-0.2359813632291101,-0.2662958158485814,-0.19611613513818404,-0.19300937626135234,-0.12168146174384352,-0.06715342778730747,-0.03352007615769955,0.5449249778098338,-0.21680296415038888,-0.5118980953829163,0.8505317485662419,-0.40583972495671383,-0.16278112867447064
0,1.076943604645124,-0.3693648410115938,-0.47454519624983954,-0.4736736092984604,-0.37816447639580775,0.5446511676720712,0.96425644365423,0.5370842201482933,-0.6244040257055189,1.076943604645124,-0.3693648410115938,-0.47454519624983954,-0.4736736092984604,-0.37816447639580775,0.5446511676720712,0.96425644365423,0.5370842201482933,-0.6244040257055189,1.0874399441803466,0.5767261953889024,-0.3760014818308347,-0.3895323082701867,-0.1791723495126753,1.3065219859907384,1.6938703650033515,1.2403550803124777,-0.20123017219724448,-0.5892568139740777,-0.4030649954631285,-0.4194008220350217,-0.4746027279775913,-0.04105904351514409,0.42799519961826915,0.3560796814594294,-0.5523538913507477,-0.2328872501475753,-0.28708333828187355,-0.32078666523533045,-0.39610534423349997,-0.38113017778990566,-0.3694246287326534,-0.2751579580367754,-0.2900883232983121,-0.2955781683826058,-0.3888554871521795,-0.41265547100857053,-0.2943754514063852,-0.3658086479243954,-0.19142217096055295,-0.10095107670490644,-0.17194630991111728,-0.24981274626517824,-0.38745749122205647,0.5449215208897721,1.1227307914744915,0.9574498946399291,-0.337529114616601,0.9989187709831968,1.1401173391344044,-0.22342026433344614,0.29322481827021163,-0.26058043793158214,-0.4271559153457235,-0.7376951317802901,0.7376951317802901,-0.4820426798824101,-0.3075623426146228,0.6158384251930635,-0.13085598064755344,-0.2359813632291101,-0.2662958158485814,-0.19611613513818404,-0.19300937626135234,-0.12168146174384352,-0.06715342778730747,-0.03352007615769955,0.5449249778098338,-0.21680296415038888,-0.5118980953829163,0.8505317485662419,-0.40583972495671383,-0.16278112867447064,0.8119223343984152,-0.1699069165076462,-0.2081478487327801,-0.6981970580620328,-0.7376951317802901,0.7376951317802901,-0.7376951317802901,0.7376951317802901,-0.7376951317802901,0.7376951317802901,-0.7376951317802901,0.7376951317802901,-0.4820426798824101,-0.3075623426146228,0.6158384251930635,-0.4820426798824101,-0.3075623426146228,0.6158384251930635,-0.4820426798824101,-0.3075623426146228,0.6158384251930635,-0.13085598064755344,-0.2359813632291101,-0.2662958158485814,-0.19611613513818404,-0.19300937626135234,-0.12168146174384352,-0.06715342778730747,-0.03352007615769955,0.5449249778098338,-0.13085598064755344,-0.2359813632291101,-0.2662958158485814,-0.19611613513818404,-0.19300937626135234,-0.12168146174384352,-0.06715342778730747,-0.03352007615769955,0.5449249778098338,-0.21680296415038888,-0.5118980953829163,0.8505317485662419,-0.40583972495671383,-0.16278112867447064
0,1.0808314876943843,-0.3693648410115938,-0.47454519624983954,-0.4736736092984604,-0.37816447639580775,0.5446511676720712,0.96425644365423,1.5713969870477085,-0.6244040257055189,1.0808314876943843,-0.3693648410115938,-0.47454519624983954,-0.4736736092984604,-0.37816447639580775,0.5446511676720712,0.96425644365423,1.5713969870477085,-0.6244040257055189,1.0935470154829303,0.5794472502115445,-0.3760014818308347,-0.3895323082701867,-0.17870077208218585,1.310004180057984,1.6978247550450987,2.3992968928052174,-0.20031596996992926,-0.5892568139740777,-0.4030649954631285,-0.4194008220350217,-0.4746027279775913,-0.04105904351514409,0.42799519961826915,1.209712855038851,-0.5523538913507477,-0.2328872501475753,-0.28708333828187355,-0.32078666523533045,-0.39610534423349997,-0.38113017778990566,-0.3694246287326534,-0.2751579580367754,-0.2900883232983121,-0.2955781683826058,-0.3888554871521795,-0.41265547100857053,-0.2943754514063852,-0.3658086479243954,-0.19142217096055295,-0.10095107670490644,-0.17194630991111728,-0.1237619074023168,-0.38745749122205647,0.5449215208897721,1.1227307914744915,1.9899792732545456,-0.337529114616601,0.9989187709831968,2.2533667439297993,-0.22342026433344614,1.973254696598896,0.0370826007825713,-0.4271559153457235,-0.7376951317802901,0.7376951317802901,-0.4820426798824101,-0.3075623426146228,0.6158384251930635,-0.13085598064755344,-0.2359813632291101,-0.2662958158485814,-0.19611613513818404,-0.19300937626135234,-0.12168146174384352,-0.06715342778730747,-0.03352007615769955,0.5449249778098338,-0.21680296415038888,-0.5118980953829163,0.8505317485662419,-0.40583972495671383,-0.16278112867447064,0.8119223343984152,-0.1699069165076462,-0.2081478487327801,-0.6981970580620328,-0.7376951317802901,0.7376951317802901,-0.7376951317802901,0.7376951317802901,-0.7376951317802901,0.7376951317802901,-0.7376951317802901,0.7376951317802901,-0.4820426798824101,-0.3075623426146228,0.6158384251930635,-0.4820426798824101,-0.3075623426146228,0.6158384251930635,-0.4820426798824101,-0.3075623426146228,0.6158384251930635,-0.13085598064755344,-0.2359813632291101,-0.2662958158485814,-0.19611613513818404,-0.19300937626135234,-0.12168146174384352,-0.06715342778730747,-0.03352007615769955,0.5449249778098338,-0.13085598064755344,-0.2359813632291101,-0.2662958158485814,-0.19611613513818404,-0.19300937626135234,-0.12168146174384352,-0.06715342778730747,-0.03352007615769955,0.5449249778098338,-0.21680296415038888,-0.5118980953829163,0.8505317485662419,-0.40583972495671383,-0.16278112867447064
1,1.0847193707436447,-1.5661069258891576,0.4327933656785018,-0.4736736092984604,0.42705609587964866,-1.8792661492571456,0.96425644365423,-0.1524576244513169,-0.0675031379141101,1.0847193707436447,-1.5661069258891576,0.4327933656785018,-0.4736736092984604,0.42705609587964866,-1.8792661492571456,0.96425644365423,-0.1524576244513169,-0.0675031379141101,1.0996625277962986,-0.40421406817361144,0.8804911113927251,-0.3895323082701867,0.873751227209415,-1.109025213534238,1.7017791450868458,0.4751767853792546,0.46339484706092754,-1.4609134070857044,-0.0891393739966534,-0.4194008220350217,0.04781858645649305,-1.6745420808165796,-0.5017365349980186,-0.7820978833131326,-0.5523538913507477,-0.07639966350995119,-0.28708333828187355,0.34970900565423757,-0.35873376929420825,0.770770541893495,0.48001367888229923,-0.05924801474239681,-0.2900883232983121,-0.2955781683826058,-0.3888554871521795,-0.41265547100857053,-0.2943754514063852,-0.3658086479243954,-0.03870162001166013,-0.5192651697428203,1.4474140555324726,0.1832850077764483,-0.0014766052502692205,-1.8409560124108695,-1.1751878000261426,-1.0519432419144858,-0.8324206013962827,0.9989187709831968,0.3979510692708079,0.42033946735152133,-0.45345512765364804,-0.06213841212214652,-0.23657207930514282,-0.7376951317802901,0.7376951317802901,-0.4820426798824101,-0.3075623426146228,0.6158384251930635,-0.13085598064755344,-0.2359813632291101,-0.2662958158485814,-0.19611613513818404,5.181095444015676,-0.12168146174384352,-0.06715342778730747,-0.03352007615769955,-1.8351149988007645,-0.21680296415038888,-0.5118980953829163,0.8505317485662419,-0.40583972495671383,-0.16278112867447064,-1.2316448970959013,-0.1699069165076462,-0.2081478487327801,1.4322604033532795,-0.7376951317802901,0.7376951317802901,-0.7376951317802901,0.7376951317802901,-0.7376951317802901,0.7376951317802901,-0.7376951317802901,0.7376951317802901,-0.4820426798824101,-0.3075623426146228,0.6158384251930635,-0.4820426798824101,-0.3075623426146228,0.6158384251930635,-0.4820426798824101,-0.3075623426146228,0.6158384251930635,-0.13085598064755344,-0.2359813632291101,-0.2662958158485814,-0.19611613513818404,5.181095444015676,-0.12168146174384352,-0.06715342778730747,-0.03352007615769955,-1.8351149988007645,-0.13085598064755344,-0.2359813632291101,-0.2662958158485814,-0.19611613513818404,5.181095444015676,-0.12168146174384352,-0.06715342778730747,-0.03352007615769955,-1.8351149988007645,-0.21680296415038888,-0.5118980953829163,0.8505317485662419,-0.40583972495671383,-0.16278112867447064
0,1.088607253792905,0.8273772438659699,-0.47454519624983954,-0.4736736092984604,-0.4788170479302398,0.5446511676720712,0.96425644365423,-0.841999469050927,-0.6244040257055189,1.088607253792905,0.8273772438659699,-0.47454519624983954,-0.4736736092984604,-0.4788170479302398,0.5446511676720712,0.96425644365423,-0.841999469050927,-0.6244040257055189,1.1057864811204514,1.572632260475948,-0.3760014818308347,-0.3895323082701867,-0.30943654588864944,1.3169685681924752,1.705733535128593,-0.29532263816963755,-0.1984875655152988,0.8635041745453002,-0.4030649954631285,-0.4194008220350217,-0.5133006031208568,0.7925352191037062,1.3577269342345568,-0.4975534921199921,-0.3576753639798948,-0.2328872501475753,-0.28708333828187355,-0.32078666523533045,-0.39610534423349997,-0.38113017778990566,-0.3694246287326534,-0.2751579580367754,-0.2900883232983121,-0.2955781683826058,-0.3888554871521795,-0.41265547100857053,-0.2943754514063852,-0.3658086479243954,-0.1974962837823839,-0.29359822464770086,-0.374366355591566,-0.4502012593292144,-0.40820915175817407,0.5449215208897721,1.1227307914744915,-0.41925594351289297,-0.337529114616601,0.9989187709831968,-0.34421520059278854,-0.22342026433344614,-0.9014630952079639,-0.6574644895504534,-0.4271559153457235,-0.7376951317802901,0.7376951317802901,-0.4820426798824101,-0.3075623426146228,0.6158384251930635,-0.13085598064755344,-0.2359813632291101,-0.2662958158485814,-0.19611613513818404,-0.19300937626135234,-0.12168146174384352,-0.06715342778730747,-0.03352007615769955,0.5449249778098338,-0.21680296415038888,-0.5118980953829163,0.8505317485662419,-0.40583972495671383,-0.16278112867447064,0.8119223343984152,-0.1699069165076462,-0.2081478487327801,-0.6981970580620328,-0.7376951317802901,0.7376951317802901,-0.7376951317802901,0.7376951317802901,-0.7376951317802901,0.7376951317802901,-0.7376951317802901,0.7376951317802901,-0.4820426798824101,-0.3075623426146228,0.6158384251930635,-0.4820426798824101,-0.3075623426146228,0.6158384251930635,-0.4820426798824101,-0.3075623426146228,0.6158384251930635,-0.13085598064755344,-0.2359813632291101,-0.2662958158485814,-0.19611613513818404,-0.19300937626135234,-0.12168146174384352,-0.06715342778730747,-0.03352007615769955,0.5449249778098338,-0.13085598064755344,-0.2359813632291101,-0.2662958158485814,-0.19611613513818404,-0.19300937626135234,-0.12168146174384352,-0.06715342778730747,-0.03352007615769955,0.5449249778098338,-0.21680296415038888,-0.5118980953829163,0.8505317485662419,-0.40583972495671383,-0.16278112867447064
1,1.0924951368421656,-0.3693648410115938,2.2474704895351842,-0.4736736092984604,-0.2171203619407165,0.5446511676720712,-0.5095104222433947,0.19231329784848822,-0.0675031379141101,1.0924951368421656,-0.3693648410115938,2.2474704895351842,-0.4736736092984604,-0.2171203619407165,0.5446511676720712,-0.5095104222433947,0.19231329784848822,-0.0675031379141101,1.1119188754553888,0.5876104146794711,3.4038748572320396,-0.3895323082701867,0.033690447572876446,1.3204507622597208,0.18689865564293975,0.8662797386309368,0.46705165597018844,-0.5892568139740777,1.480488733335722,-0.4194008220350217,-0.16501972683146723,-0.04105904351514409,-0.5569533474872684,0.0715352902662889,-0.1629968366090419,1.1755010295910417,-0.28708333828187355,0.4762176228032127,2.3766832158963864,1.244103742919098,2.8159690248234193,0.3725718718463603,-0.2900883232983121,-0.2955781683826058,-0.3888554871521795,-0.41265547100857053,-0.2943754514063852,-0.3658086479243954,-0.1756873263173337,0.20728436000356462,-0.29840197889800435,-0.16254678089858185,-0.2670978601125744,0.5449215208897721,-0.14575511629852972,0.6132734351017236,0.20090432700850336,-0.7538678336953983,-0.21377024625881774,-0.26165318579788244,-0.1174491519879112,0.13630361368728913,-0.23657207930514282,1.3555735383351193,-1.3555735383351195,-0.4820426798824101,-0.3075623426146228,0.6158384251930635,-0.13085598064755344,-0.2359813632291101,-0.2662958158485814,-0.19611613513818404,-0.19300937626135234,-0.12168146174384352,-0.06715342778730747,-0.03352007615769955,0.5449249778098338,-0.21680296415038888,-0.5118980953829163,-1.175735064194511,2.4640269015229057,-0.16278112867447064,-1.2316448970959013,-0.1699069165076462,-0.2081478487327801,1.4322604033532795,1.3555735383351193,-1.3555735383351195,1.3555735383351193,-1.3555735383351195,1.3555735383351193,-1.3555735383351195,1.3555735383351193,-1.3555735383351195,-0.4820426798824101,-0.3075623426146228,0.6158384251930635,-0.4820426798824101,-0.3075623426146228,0.6158384251930635,-0.4820426798824101,-0.3075623426146228,0.6158384251930635,-0.13085598064755344,-0.2359813632291101,-0.2662958158485814,-0.19611613513818404,-0.19300937626135234,-0.12168146174384352,-0.06715342778730747,-0.03352007615769955,0.5449249778098338,-0.13085598064755344,-0.2359813632291101,-0.2662958158485814,-0.19611613513818404,-0.19300937626135234,-0.12168146174384352,-0.06715342778730747,-0.03352007615769955,0.5449249778098338,-0.21680296415038888,-0.5118980953829163,-1.175735064194511,2.4640269015229057,-0.16278112867447064
1,1.096383019891426,0.8273772438659699,-0.47454519624983954,-0.4736736092984604,-0.4989475622371262,0.5446511676720712,-1.5500791487711116,-1.5315413136505371,-0.6244040257055189,1.096383019891426,0.8273772438659699,-0.47454519624983954,-0.4736736092984604,-0.4989475622371262,0.5446511676720712,-1.5500791487711116,-1.5315413136505371,-0.6244040257055189,1.1180597108011106,1.5807954249438747,-0.3760014818308347,-0.3895323082701867,-0.3352644790046878,1.3239329563269662,-0.8879020187697325,-1.0679505131647973,-0.19665916106066833,0.8635041745453002,-0.4030649954631285,-0.4194008220350217,-0.571347415835755,0.7925352191037062,-1.1628459385855234,-1.3511866656994136,-0.3576753639798948,-0.2328872501475753,-0.28708333828187355,-0.32078666523533045,-0.39610534423349997,-0.38113017778990566,-0.3694246287326534,-0.2751579580367754,-0.2900883232983121,-0.2955781683826058,-0.3888554871521795,-0.41265547100857053,-0.2943754514063852,-0.3658086479243954,-0.19836401418550262,-0.33212765423625973,-0.6709458382514594,-0.5019144239909011,-0.4123594838653976,0.5449215208897721,-1.0413830451200872,-1.107608862589304,-0.337529114616601,-1.2307930204368625,-1.086381470456385,-0.8051806639139224,-1.0507990843927357,-0.855906515359889,-0.4271559153457235,1.3555735383351193,-1.3555735383351195,-0.4820426798824101,3.2513733362117265,-1.6238025415294657,-0.13085598064755344,-0.2359813632291101,-0.2662958158485814,-0.19611613513818404,-0.19300937626135234,-0.12168146174384352,-0.06715342778730747,-0.03352007615769955,0.5449249778098338,-0.21680296415038888,1.9535138126504805,-1.175735064194511,-0.40583972495671383,-0.16278112867447064,0.8119223343984152,-0.1699069165076462,-0.2081478487327801,-0.6981970580620328,1.3555735383351193,-1.3555735383351195,1.3555735383351193,-1.3555735383351195,1.3555735383351193,-1.3555735383351195,1.3555735383351193,-1.3555735383351195,-0.4820426798824101,3.2513733362117265,-1.6238025415294657,-0.4820426798824101,3.2513733362117265,-1.6238025415294657,-0.4820426798824101,3.2513733362117265,-1.6238025415294657,-0.13085598064755344,-0.2359813632291101,-0.2662958158485814,-0.19611613513818404,-0.19300937626135234,-0.12168146174384352,-0.06715342778730747,-0.03352007615769955,0.5449249778098338,-0.13085598064755344,-0.2359813632291101,-0.2662958158485814,-0.19611613513818404,-0.19300937626135234,-0.12168146174384352,-0.06715342778730747,-0.03352007615769955,0.5449249778098338,-0.21680296415038888,1.9535138126504805,-1.175735064194511,-0.40583972495671383,-0.16278112867447064
0,1.1002709029406863,-0.3693648410115938,0.4327933656785018,-0.4736736092984604,-0.11646779040628442,0.5446511676720712,0.96425644365423,-0.497228546751122,-0.0675031379141101,1.1002709029406863,-0.3693648410115938,0.4327933656785018,-0.4736736092984604,-0.11646779040628442,0.5446511676720712,0.96425644365423,-0.497228546751122,-0.0675031379141101,1.1242089871576169,0.5930525243247555,0.8874234843208552,-0.3895323082701867,0.1674370618970805,1.3274151503942118,1.7175967052538346,0.09578031508204461,0.47070846487944934,-0.5892568139740777,0.2247862474698217,-0.4194008220350217,0.028469648884860296,-0.04105904351514409,0.42799519961826915,-0.4975534921199921,-0.1629968366090419,-0.07639966350995119,-0.28708333828187355,0.008135739352004802,0.5281575091431288,0.770770541893495,0.2676541019785611,-0.05924801474239681,-0.2900883232983121,-0.2955781683826058,-0.3888554871521795,-0.41265547100857053,-0.2943754514063852,-0.3658086479243954,-0.16209288333514058,0.399931507946359,0.35434580885804934,-0.24981274626517824,-0.22559453904033924,0.5449215208897721,1.1227307914744915,-0.07507948397468743,0.20090432700850336,0.9989187709831968,0.026867934339009688,0.42033946735152133,-0.714793108726999,-0.26058043793158214,-0.23657207930514282,-0.7376951317802901,0.7376951317802901,-0.4820426798824101,-0.3075623426146228,0.6158384251930635,-0.13085598064755344,-0.2359813632291101,-0.2662958158485814,-0.19611613513818404,-0.19300937626135234,-0.12168146174384352,-0.06715342778730747,-0.03352007615769955,0.5449249778098338,-0.21680296415038888,-0.5118980953829163,0.8505317485662419,-0.40583972495671383,-0.16278112867447064,-1.2316448970959013,-0.1699069165076462,-0.2081478487327801,1.4322604033532795,-0.7376951317802901,0.7376951317802901,-0.7376951317802901,0.7376951317802901,-0.7376951317802901,0.7376951317802901,-0.7376951317802901,0.7376951317802901,-0.4820426798824101,-0.3075623426146228,0.6158384251930635,-0.4820426798824101,-0.3075623426146228,0.6158384251930635,-0.4820426798824101,-0.3075623426146228,0.6158384251930635,-0.13085598064755344,-0.2359813632291101,-0.2662958158485814,-0.19611613513818404,-0.19300937626135234,-0.12168146174384352,-0.06715342778730747,-0.03352007615769955,0.5449249778098338,-0.13085598064755344,-0.2359813632291101,-0.2662958158485814,-0.19611613513818404,-0.19300937626135234,-0.12168146174384352,-0.06715342778730747,-0.03352007615769955,0.5449249778098338,-0.21680296415038888,-0.5118980953829163,0.8505317485662419,-0.40583972495671383,-0.16278112867447064
0,1.1041587859899467,0.8273772438659699,0.4327933656785018,-0.4736736092984604,-0.4989475622371262,0.5446511676720712,-0.5095104222433947,-0.497228546751122,-0.6244040257055189,1.1041587859899467,0.8273772438659699,0.4327933656785018,-0.4736736092984604,-0.4989475622371262,0.5446511676720712,-0.5095104222433947,-0.497228546751122,-0.6244040257055189,1.1303667045249075,1.5889585894118012,0.8891565775528877,-0.3895323082701867,-0.3347566263872376,1.3308973444614574,0.1924779635830614,0.09737665366674535,-0.19483075660603788,0.8635041745453002,0.5387118689362969,-0.4194008220350217,-0.571347415835755,0.7925352191037062,-0.11969588642374947,-0.07073690533028135,-0.3576753639798948,-0.07639966350995119,-0.28708333828187355,-0.2322306332310479,0.5281575091431288,0.16061446244642888,0.2676541019785611,-0.16720298638958608,-0.2900883232983121,-0.2955781683826058,-0.3888554871521795,-0.41265547100857053,-0.2943754514063852,-0.3658086479243954,-0.19836401418550262,-0.33212765423625973,-0.5649596120861907,-0.4340408953724373,-0.4123594838653976,0.5449215208897721,-0.14575511629852972,-0.07507948397468743,-0.337529114616601,-0.7538678336953983,-0.5628147359378447,-0.564416590908148,-0.714793108726999,-0.5582434766457356,-0.4271559153457235,1.3555735383351193,-1.3555735383351195,-0.4820426798824101,-0.3075623426146228,0.6158384251930635,-0.13085598064755344,-0.2359813632291101,-0.2662958158485814,-0.19611613513818404,-0.19300937626135234,-0.12168146174384352,-0.06715342778730747,-0.03352007615769955,0.5449249778098338,-0.21680296415038888,1.9535138126504805,-1.175735064194511,-0.40583972495671383,-0.16278112867447064,-1.2316448970959013,-0.1699069165076462,-0.2081478487327801,1.4322604033532795,1.3555735383351193,-1.3555735383351195,1.3555735383351193,-1.3555735383351195,1.3555735383351193,-1.3555735383351195,1.3555735383351193,-1.3555735383351195,-0.4820426798824101,-0.3075623426146228,0.6158384251930635,-0.4820426798824101,-0.3075623426146228,0.6158384251930635,-0.4820426798824101,-0.3075623426146228,0.6158384251930635,-0.13085598064755344,-0.2359813632291101,-0.2662958158485814,-0.19611613513818404,-0.19300937626135234,-0.12168146174384352,-0.06715342778730747,-0.03352007615769955,0.5449249778098338,-0.13085598064755344,-0.2359813632291101,-0.2662958158485814,-0.19611613513818404,-0.19300937626135234,-0.12168146174384352,-0.06715342778730747,-0.03352007615769955,0.5449249778098338,-0.21680296415038888,1.9535138126504805,-1.175735064194511,-0.40583972495671383,-0.16278112867447064
1,1.108046669039207,-1.5661069258891576,-0.47454519624983954,-0.4736736092984604,3.607677356367702,-1.8194778495589943,-0.5095104222433947,0.19231329784848822,1.0462986376687076,1.108046669039207,-1.5661069258891576,-0.47454519624983954,-0.4736736092984604,3.607677356367702,-1.8194778495589943,-0.5095104222433947,0.19231329784848822,1.0462986376687076,1.1365328629029827,-0.39605090370568485,-0.3760014818308347,-0.3895323082701867,5.074998280253086,-1.0479322821177701,0.1943377328964353,0.876921995862275,1.810928930123576,-1.4609134070857044,-0.4030649954631285,-0.4194008220350217,3.1049507227744684,-1.6548120390977903,-0.9942108085507874,-0.6398256877165623,-0.1629968366090419,-0.2328872501475753,-0.28708333828187355,-0.32078666523533045,-0.39610534423349997,-0.38113017778990566,-0.3694246287326534,-0.2751579580367754,-0.2900883232983121,-0.2955781683826058,-0.3888554871521795,-0.41265547100857053,-0.2943754514063852,-0.3658086479243954,2.3742830849808465,-0.08069842781861267,3.3191659000845255,2.907922370889069,3.061468489880688,-1.83504312030046,-1.1998205817747205,-0.9972958947885971,-0.7379026994147555,-0.7538678336953983,-0.21377024625881774,0.3438736244226488,-0.1174491519879112,1.1285137427344674,0.52576326485718,1.3555735383351193,-1.3555735383351195,-0.4820426798824101,-0.3075623426146228,0.6158384251930635,-0.13085598064755344,4.237622777986573,-0.2662958158485814,-0.19611613513818404,-0.19300937626135234,-0.12168146174384352,-0.06715342778730747,-0.03352007615769955,-1.8351149988007645,-0.21680296415038888,1.9535138126504805,-1.175735064194511,-0.40583972495671383,-0.16278112867447064,0.8119223343984152,-0.1699069165076462,-0.2081478487327801,-0.6981970580620328,1.3555735383351193,-1.3555735383351195,1.3555735383351193,-1.3555735383351195,1.3555735383351193,-1.3555735383351195,1.3555735383351193,-1.3555735383351195,-0.4820426798824101,-0.3075623426146228,0.6158384251930635,-0.4820426798824101,-0.3075623426146228,0.6158384251930635,-0.4820426798824101,-0.3075623426146228,0.6158384251930635,-0.13085598064755344,4.237622777986573,-0.2662958158485814,-0.19611613513818404,-0.19300937626135234,-0.12168146174384352,-0.06715342778730747,-0.03352007615769955,-1.8351149988007645,-0.13085598064755344,4.237622777986573,-0.2662958158485814,-0.19611613513818404,-0.19300937626135234,-0.12168146174384352,-0.06715342778730747,-0.03352007615769955,-1.8351149988007645,-0.21680296415038888,1.9535138126504805,-1.175735064194511,-0.40583972495671383,-0.16278112867447064
0,1.1119345520884674,0.8273772438659699,-0.47454519624983954,-0.4736736092984604,-0.2775119048613757,0.5446511676720712,-1.1168810094012038,-1.5315413136505371,-0.0675031379141101,1.1119345520884674,0.8273772438659699,-0.47454519624983954,-0.4736736092984604,-0.2775119048613757,0.5446511676720712,-1.1168810094012038,-1.5315413136505371,-0.0675031379141101,1.1427074622918425,1.5971217538797278,-0.3760014818308347,-0.3895323082701867,-0.04216096836200575,1.3378617325959485,-0.43569244552055536,-1.0679505131647973,0.47619367824334075,0.8635041745453002,-0.4030649954631285,-0.4194008220350217,0.0671675240281258,0.7925352191037062,-0.7285731700889909,-1.3511866656994136,0.2263602181326639,-0.2328872501475753,-0.28708333828187355,-0.32078666523533045,-0.39610534423349997,-0.38113017778990566,-0.3694246287326534,-0.2751579580367754,-0.2900883232983121,-0.2955781683826058,-0.3888554871521795,-0.41265547100857053,-0.2943754514063852,-0.3658086479243954,-0.1824556234616596,0.09169607123788796,-0.5145982845091931,-0.5019144239909011,-0.29199985275591556,0.5449215208897721,-0.6685250661686233,-1.107608862589304,0.20090432700850336,-1.1087392780725651,-1.086381470456385,-0.5427168246715761,-1.0507990843927357,-0.855906515359889,-0.23657207930514282,-0.7376951317802901,0.7376951317802901,2.0745051044939435,-0.3075623426146228,-1.6238025415294657,-0.13085598064755344,-0.2359813632291101,-0.2662958158485814,-0.19611613513818404,-0.19300937626135234,-0.12168146174384352,-0.06715342778730747,-0.03352007615769955,0.5449249778098338,-0.21680296415038888,-0.5118980953829163,0.8505317485662419,-0.40583972495671383,-0.16278112867447064,0.8119223343984152,-0.1699069165076462,-0.2081478487327801,-0.6981970580620328,-0.7376951317802901,0.7376951317802901,-0.7376951317802901,0.7376951317802901,-0.7376951317802901,0.7376951317802901,-0.7376951317802901,0.7376951317802901,2.0745051044939435,-0.3075623426146228,-1.6238025415294657,2.0745051044939435,-0.3075623426146228,-1.6238025415294657,2.0745051044939435,-0.3075623426146228,-1.6238025415294657,-0.13085598064755344,-0.2359813632291101,-0.2662958158485814,-0.19611613513818404,-0.19300937626135234,-0.12168146174384352,-0.06715342778730747,-0.03352007615769955,0.5449249778098338,-0.13085598064755344,-0.2359813632291101,-0.2662958158485814,-0.19611613513818404,-0.19300937626135234,-0.12168146174384352,-0.06715342778730747,-0.03352007615769955,0.5449249778098338,-0.21680296415038888,-0.5118980953829163,0.8505317485662419,-0.40583972495671383,-0.16278112867447064
0,1.1158224351377277,-0.3693648410115938,-0.47454519624983954,-0.4736736092984604,-0.6398611623853311,0.5446511676720712,0.96425644365423,1.2266260647479035,-0.6244040257055189,1.1158224351377277,-0.3693648410115938,-0.47454519624983954,-0.4736736092984604,-0.6398611623853311,0.5446511676720712,0.96425644365423,1.2266260647479035,-0.6244040257055189,1.1488905026914868,0.6039367436153243,-0.3760014818308347,-0.3895323082701867,-0.5201228317565575,1.3413439266631941,1.7334142654208233,2.0523593070635893,-0.1920881499240922,-0.5892568139740777,-0.4030649954631285,-0.4194008220350217,-0.9776751048400428,-0.04105904351514409,0.42799519961826915,0.9251684638457104,-0.5523538913507477,-0.2328872501475753,-0.28708333828187355,-0.32078666523533045,-0.39610534423349997,-0.38113017778990566,-0.3694246287326534,-0.2751579580367754,-0.2900883232983121,-0.2955781683826058,-0.3888554871521795,-0.41265547100857053,-0.2943754514063852,-0.3658086479243954,-0.20119860016902374,-0.6018336613561719,-0.698238428680284,-0.5019144239909011,-0.44141180861596224,0.5449215208897721,1.1227307914744915,1.64580281371634,-0.337529114616601,0.9989187709831968,1.8822836089980008,-0.22342026433344614,1.3385767425636153,-0.06213841212214652,-0.4271559153457235,-0.7376951317802901,0.7376951317802901,-0.4820426798824101,-0.3075623426146228,0.6158384251930635,-0.13085598064755344,-0.2359813632291101,-0.2662958158485814,-0.19611613513818404,-0.19300937626135234,-0.12168146174384352,-0.06715342778730747,-0.03352007615769955,0.5449249778098338,-0.21680296415038888,-0.5118980953829163,0.8505317485662419,-0.40583972495671383,-0.16278112867447064,0.8119223343984152,-0.1699069165076462,-0.2081478487327801,-0.6981970580620328,-0.7376951317802901,0.7376951317802901,-0.7376951317802901,0.7376951317802901,-0.7376951317802901,0.7376951317802901,-0.7376951317802901,0.7376951317802901,-0.4820426798824101,-0.3075623426146228,0.6158384251930635,-0.4820426798824101,-0.3075623426146228,0.6158384251930635,-0.4820426798824101,-0.3075623426146228,0.6158384251930635,-0.13085598064755344,-0.2359813632291101,-0.2662958158485814,-0.19611613513818404,-0.19300937626135234,-0.12168146174384352,-0.06715342778730747,-0.03352007615769955,0.5449249778098338,-0.13085598064755344,-0.2359813632291101,-0.2662958158485814,-0.19611613513818404,-0.19300937626135234,-0.12168146174384352,-0.06715342778730747,-0.03352007615769955,0.5449249778098338,-0.21680296415038888,-0.5118980953829163,0.8505317485662419,-0.40583972495671383,-0.16278112867447064
0,1.119710318186988,-0.3693648410115938,-0.47454519624983954,-0.4736736092984604,-0.37816447639580775,0.5446511676720712,0.96425644365423,-0.497228546751122,-0.6244040257055189,1.119710318186988,-0.3693648410115938,-0.47454519624983954,-0.4736736092984604,-0.37816447639580775,0.5446511676720712,0.96425644365423,-0.497228546751122,-0.6244040257055189,1.1550819841019155,0.6066577984379665,-0.3760014818308347,-0.3895323082701867,-0.1739849977772912,1.3448261207304397,1.7373686554625707,0.10376200800554833,-0.19117394769677695,-0.5892568139740777,-0.4030649954631285,-0.4194008220350217,-0.4746027279775913,-0.04105904351514409,0.42799519961826915,-0.4975534921199921,-0.5523538913507477,-0.2328872501475753,-0.28708333828187355,-0.32078666523533045,-0.39610534423349997,-0.38113017778990566,-0.3694246287326534,-0.2751579580367754,-0.2900883232983121,-0.2955781683826058,-0.3888554871521795,-0.41265547100857053,-0.2943754514063852,-0.3658086479243954,-0.19142217096055295,-0.10095107670490644,-0.17194630991111728,-0.3758635851280397,-0.38745749122205647,0.5449215208897721,1.1227307914744915,-0.07507948397468743,-0.337529114616601,0.9989187709831968,0.026867934339009688,-0.22342026433344614,-0.714793108726999,-0.5582434766457356,-0.4271559153457235,-0.7376951317802901,0.7376951317802901,-0.4820426798824101,-0.3075623426146228,0.6158384251930635,-0.13085598064755344,-0.2359813632291101,-0.2662958158485814,-0.19611613513818404,-0.19300937626135234,-0.12168146174384352,-0.06715342778730747,-0.03352007615769955,0.5449249778098338,-0.21680296415038888,-0.5118980953829163,0.8505317485662419,-0.40583972495671383,-0.16278112867447064,0.8119223343984152,-0.1699069165076462,-0.2081478487327801,-0.6981970580620328,-0.7376951317802901,0.7376951317802901,-0.7376951317802901,0.7376951317802901,-0.7376951317802901,0.7376951317802901,-0.7376951317802901,0.7376951317802901,-0.4820426798824101,-0.3075623426146228,0.6158384251930635,-0.4820426798824101,-0.3075623426146228,0.6158384251930635,-0.4820426798824101,-0.3075623426146228,0.6158384251930635,-0.13085598064755344,-0.2359813632291101,-0.2662958158485814,-0.19611613513818404,-0.19300937626135234,-0.12168146174384352,-0.06715342778730747,-0.03352007615769955,0.5449249778098338,-0.13085598064755344,-0.2359813632291101,-0.2662958158485814,-0.19611613513818404,-0.19300937626135234,-0.12168146174384352,-0.06715342778730747,-0.03352007615769955,0.5449249778098338,-0.21680296415038888,-0.5118980953829163,0.8505317485662419,-0.40583972495671383,-0.16278112867447064
0,1.1235982012362484,-0.3693648410115938,-0.47454519624983954,-0.4736736092984604,-0.37816447639580775,0.5446511676720712,0.96425644365423,-0.497228546751122,-0.6244040257055189,1.1235982012362484,-0.3693648410115938,-0.47454519624983954,-0.4736736092984604,-0.37816447639580775,0.5446511676720712,0.96425644365423,-0.497228546751122,-0.6244040257055189,1.1612819065231288,0.6093788532606087,-0.3760014818308347,-0.3895323082701867,-0.17351342034680176,1.348308314797685,1.7413230455043178,0.10535834659024906,-0.19025974546946173,-0.5892568139740777,-0.4030649954631285,-0.4194008220350217,-0.4746027279775913,-0.04105904351514409,0.42799519961826915,-0.4975534921199921,-0.5523538913507477,-0.2328872501475753,-0.28708333828187355,-0.32078666523533045,-0.39610534423349997,-0.38113017778990566,-0.3694246287326534,-0.2751579580367754,-0.2900883232983121,-0.2955781683826058,-0.3888554871521795,-0.41265547100857053,-0.2943754514063852,-0.3658086479243954,-0.19142217096055295,-0.10095107670490644,-0.17194630991111728,-0.3758635851280397,-0.38745749122205647,0.5449215208897721,1.1227307914744915,-0.07507948397468743,-0.337529114616601,0.9989187709831968,0.026867934339009688,-0.22342026433344614,-0.714793108726999,-0.5582434766457356,-0.4271559153457235,-0.7376951317802901,0.7376951317802901,-0.4820426798824101,-0.3075623426146228,0.6158384251930635,-0.13085598064755344,-0.2359813632291101,-0.2662958158485814,-0.19611613513818404,-0.19300937626135234,-0.12168146174384352,-0.06715342778730747,-0.03352007615769955,0.5449249778098338,-0.21680296415038888,-0.5118980953829163,0.8505317485662419,-0.40583972495671383,-0.16278112867447064,0.8119223343984152,-0.1699069165076462,-0.2081478487327801,-0.6981970580620328,-0.7376951317802901,0.7376951317802901,-0.7376951317802901,0.7376951317802901,-0.7376951317802901,0.7376951317802901,-0.7376951317802901,0.7376951317802901,-0.4820426798824101,-0.3075623426146228,0.6158384251930635,-0.4820426798824101,-0.3075623426146228,0.6158384251930635,-0.4820426798824101,-0.3075623426146228,0.6158384251930635,-0.13085598064755344,-0.2359813632291101,-0.2662958158485814,-0.19611613513818404,-0.19300937626135234,-0.12168146174384352,-0.06715342778730747,-0.03352007615769955,0.5449249778098338,-0.13085598064755344,-0.2359813632291101,-0.2662958158485814,-0.19611613513818404,-0.19300937626135234,-0.12168146174384352,-0.06715342778730747,-0.03352007615769955,0.5449249778098338,-0.21680296415038888,-0.5118980953829163,0.8505317485662419,-0.40583972495671383,-0.16278112867447064
0,1.1274860842855088,0.8273772438659699,-0.47454519624983954,-0.4736736092984604,-0.3177729334751485,0.5446511676720712,0.96425644365423,-0.1524576244513169,-0.0675031379141101,1.1274860842855088,0.8273772438659699,-0.47454519624983954,-0.4736736092984604,-0.3177729334751485,0.5446511676720712,0.96425644365423,-0.1524576244513169,-0.0675031379141101,1.1674902699551266,1.613448082815581,-0.3760014818308347,-0.3895323082701867,-0.09294623010702491,1.3517905088649307,1.745277435546065,0.4985897512881989,0.4835072960618626,0.8635041745453002,-0.4030649954631285,-0.4194008220350217,-0.04892610140167071,0.7925352191037062,1.3577269342345568,0.3560796814594294,0.2263602181326639,-0.2328872501475753,-0.28708333828187355,-0.32078666523533045,-0.39610534423349997,-0.38113017778990566,-0.3694246287326534,-0.2751579580367754,-0.2900883232983121,-0.2955781683826058,-0.3888554871521795,-0.41265547100857053,-0.2943754514063852,-0.3658086479243954,-0.18638933462246443,0.014637212060770205,-0.05049428250284806,-0.2950617653441542,-0.3086011811848096,0.5449215208897721,1.1227307914744915,0.2690969755635181,0.20090432700850336,0.9989187709831968,0.3979510692708079,0.42033946735152133,-0.45345512765364804,-0.06213841212214652,-0.23657207930514282,-0.7376951317802901,0.7376951317802901,-0.4820426798824101,-0.3075623426146228,0.6158384251930635,-0.13085598064755344,-0.2359813632291101,-0.2662958158485814,-0.19611613513818404,-0.19300937626135234,-0.12168146174384352,-0.06715342778730747,-0.03352007615769955,0.5449249778098338,-0.21680296415038888,-0.5118980953829163,0.8505317485662419,-0.40583972495671383,-0.16278112867447064,0.8119223343984152,-0.1699069165076462,-0.2081478487327801,-0.6981970580620328,-0.7376951317802901,0.7376951317802901,-0.7376951317802901,0.7376951317802901,-0.7376951317802901,0.7376951317802901,-0.7376951317802901,0.7376951317802901,-0.4820426798824101,-0.3075623426146228,0.6158384251930635,-0.4820426798824101,-0.3075623426146228,0.6158384251930635,-0.4820426798824101,-0.3075623426146228,0.6158384251930635,-0.13085598064755344,-0.2359813632291101,-0.2662958158485814,-0.19611613513818404,-0.19300937626135234,-0.12168146174384352,-0.06715342778730747,-0.03352007615769955,0.5449249778098338,-0.13085598064755344,-0.2359813632291101,-0.2662958158485814,-0.19611613513818404,-0.19300937626135234,-0.12168146174384352,-0.06715342778730747,-0.03352007615769955,0.5449249778098338,-0.21680296415038888,-0.5118980953829163,0.8505317485662419,-0.40583972495671383,-0.16278112867447064
0,1.1313739673347691,0.8273772438659699,0.4327933656785018,3.250236854392083,0.04457632404880686,0.5446511676720712,-0.5095104222433947,1.5713969870477085,1.6031995254601163,1.1313739673347691,0.8273772438659699,0.4327933656785018,3.250236854392083,0.04457632404880686,0.5446511676720712,-0.5095104222433947,1.5713969870477085,1.6031995254601163,1.1737070743979088,1.6175296650495443,0.9012882301771151,4.681198433624128,0.38886080310536403,1.3552727029321763,0.20549634877667858,2.461554097608546,2.506636825110466,0.8635041745453002,0.5387118689362969,3.8056936401494497,0.995916527466498,0.7925352191037062,-0.11969588642374947,2.490162615407983,1.9784669644703399,-0.07639966350995119,1.2294656009028064,0.10934263307118489,0.5281575091431288,0.16061446244642888,1.5418115634009901,0.264616900199171,2.995530694398248,1.1550501445533474,3.665049004987753,2.2428194084857136,5.481962423376167,2.8006632299962937,-0.13432551043534188,0.70816694465483,-0.050884176651831266,0.487099850163858,0.264144649612036,0.5449215208897721,-0.14575511629852972,1.9899792732545456,1.8162046518838164,-0.7538678336953983,0.48431873309923607,0.6466370295329145,1.973254696598896,3.6090390653524125,1.097514772978922,1.3555735383351193,-1.3555735383351195,-0.4820426798824101,-0.3075623426146228,0.6158384251930635,-0.13085598064755344,-0.2359813632291101,-0.2662958158485814,-0.19611613513818404,-0.19300937626135234,-0.12168146174384352,-0.06715342778730747,-0.03352007615769955,0.5449249778098338,-0.21680296415038888,-0.5118980953829163,-1.175735064194511,2.4640269015229057,-0.16278112867447064,-1.2316448970959013,-0.1699069165076462,4.804277373453898,-0.6981970580620328,1.3555735383351193,-1.3555735383351195,1.3555735383351193,-1.3555735383351195,1.3555735383351193,-1.3555735383351195,1.3555735383351193,-1.3555735383351195,-0.4820426798824101,-0.3075623426146228,0.6158384251930635,-0.4820426798824101,-0.3075623426146228,0.6158384251930635,-0.4820426798824101,-0.3075623426146228,0.6158384251930635,-0.13085598064755344,-0.2359813632291101,-0.2662958158485814,-0.19611613513818404,-0.19300937626135234,-0.12168146174384352,-0.06715342778730747,-0.03352007615769955,0.5449249778098338,-0.13085598064755344,-0.2359813632291101,-0.2662958158485814,-0.19611613513818404,-0.19300937626135234,-0.12168146174384352,-0.06715342778730747,-0.03352007615769955,0.5449249778098338,-0.21680296415038888,-0.5118980953829163,-1.175735064194511,2.4640269015229057,-0.16278112867447064
1,1.1352618503840297,-1.5661069258891576,-0.47454519624983954,-0.4736736092984604,9.666962162740512,-1.8194778495589943,-1.1168810094012038,0.5370842201482933,1.0462986376687076,1.1352618503840297,-1.5661069258891576,-0.47454519624983954,-0.4736736092984604,9.666962162740512,-1.8194778495589943,-1.1168810094012038,0.5370842201482933,1.0462986376687076,1.1799323198514755,-0.3865272118264371,-0.3760014818308347,-0.3895323082701867,13.186674212476273,-1.0463697591388779,-0.4297132554413806,1.2882452378534999,1.8365265924884024,-1.4609134070857044,-0.4030649954631285,-0.4194008220350217,8.928980931835927,-1.6548120390977903,-1.1971699031058678,-0.4975534921199921,-0.1629968366090419,-0.2328872501475753,-0.28708333828187355,-0.32078666523533045,-0.39610534423349997,-0.38113017778990566,-0.3694246287326534,-0.2751579580367754,-0.2900883232983121,-0.2955781683826058,-0.3888554871521795,-0.41265547100857053,-0.2943754514063852,-0.3658086479243954,14.963489319507703,0.6627219764221708,4.5253034499640785,9.427013191052955,8.058468346977804,-1.83504312030046,-1.2333314759971623,-0.9752333012284558,-0.7379026994147555,-1.1087392780725651,-0.5252894751020448,-0.21825365332473853,0.29322481827021163,1.5253977943533386,0.52576326485718,-0.7376951317802901,0.7376951317802901,2.0745051044939435,-0.3075623426146228,-1.6238025415294657,-0.13085598064755344,4.237622777986573,-0.2662958158485814,-0.19611613513818404,-0.19300937626135234,-0.12168146174384352,-0.06715342778730747,-0.03352007615769955,-1.8351149988007645,-0.21680296415038888,-0.5118980953829163,0.8505317485662419,-0.40583972495671383,-0.16278112867447064,0.8119223343984152,-0.1699069165076462,-0.2081478487327801,-0.6981970580620328,-0.7376951317802901,0.7376951317802901,-0.7376951317802901,0.7376951317802901,-0.7376951317802901,0.7376951317802901,-0.7376951317802901,0.7376951317802901,2.0745051044939435,-0.3075623426146228,-1.6238025415294657,2.0745051044939435,-0.3075623426146228,-1.6238025415294657,2.0745051044939435,-0.3075623426146228,-1.6238025415294657,-0.13085598064755344,4.237622777986573,-0.2662958158485814,-0.19611613513818404,-0.19300937626135234,-0.12168146174384352,-0.06715342778730747,-0.03352007615769955,-1.8351149988007645,-0.13085598064755344,4.237622777986573,-0.2662958158485814,-0.19611613513818404,-0.19300937626135234,-0.12168146174384352,-0.06715342778730747,-0.03352007615769955,-1.8351149988007645,-0.21680296415038888,-0.5118980953829163,0.8505317485662419,-0.40583972495671383,-0.16278112867447064
0,1.13914973343329,0.8273772438659699,-0.47454519624983954,-0.4736736092984604,-0.4989475622371262,0.5446511676720712,0.96425644365423,0.8818551424480984,-0.6244040257055189,1.13914973343329,0.8273772438659699,-0.47454519624983954,-0.4736736092984604,-0.4989475622371262,0.5446511676720712,0.96425644365423,0.8818551424480984,-0.6244040257055189,1.1861660063158268,1.625692829517471,-0.3760014818308347,-0.3895323082701867,-0.33247128960871175,1.3622370910666675,1.7571406056713066,1.6846693197208513,-0.18660293656020083,0.8635041745453002,-0.4030649954631285,-0.4194008220350217,-0.571347415835755,0.7925352191037062,1.3577269342345568,1.6365294418285616,-0.3576753639798948,-0.2328872501475753,-0.28708333828187355,-0.32078666523533045,-0.39610534423349997,-0.38113017778990566,-0.3694246287326534,-0.2751579580367754,-0.2900883232983121,-0.2955781683826058,-0.3888554871521795,-0.41265547100857053,-0.2943754514063852,-0.3658086479243954,-0.19836401418550262,-0.33212765423625973,-0.41485036472765574,-0.34354285721448546,-0.4123594838653976,0.5449215208897721,1.1227307914744915,1.3016263541781348,-0.337529114616601,0.9989187709831968,1.5112004740662026,-0.22342026433344614,0.7785667831207204,-0.16135942502686434,-0.4271559153457235,-0.7376951317802901,0.7376951317802901,-0.4820426798824101,-0.3075623426146228,0.6158384251930635,-0.13085598064755344,-0.2359813632291101,-0.2662958158485814,-0.19611613513818404,-0.19300937626135234,-0.12168146174384352,-0.06715342778730747,-0.03352007615769955,0.5449249778098338,-0.21680296415038888,-0.5118980953829163,0.8505317485662419,-0.40583972495671383,-0.16278112867447064,0.8119223343984152,-0.1699069165076462,-0.2081478487327801,-0.6981970580620328,-0.7376951317802901,0.7376951317802901,-0.7376951317802901,0.7376951317802901,-0.7376951317802901,0.7376951317802901,-0.7376951317802901,0.7376951317802901,-0.4820426798824101,-0.3075623426146228,0.6158384251930635,-0.4820426798824101,-0.3075623426146228,0.6158384251930635,-0.4820426798824101,-0.3075623426146228,0.6158384251930635,-0.13085598064755344,-0.2359813632291101,-0.2662958158485814,-0.19611613513818404,-0.19300937626135234,-0.12168146174384352,-0.06715342778730747,-0.03352007615769955,0.5449249778098338,-0.13085598064755344,-0.2359813632291101,-0.2662958158485814,-0.19611613513818404,-0.19300937626135234,-0.12168146174384352,-0.06715342778730747,-0.03352007615769955,0.5449249778098338,-0.21680296415038888,-0.5118980953829163,0.8505317485662419,-0.40583972495671383,-0.16278112867447064
0,1.1430376164825504,0.8273772438659699,-0.47454519624983954,-0.4736736092984604,-0.4989475622371262,0.5446511676720712,0.96425644365423,0.8818551424480984,-0.6244040257055189,1.1430376164825504,0.8273772438659699,-0.47454519624983954,-0.4736736092984604,-0.4989475622371262,0.5446511676720712,0.96425644365423,0.8818551424480984,-0.6244040257055189,1.1924081337909624,1.6297744117514343,-0.3760014818308347,-0.3895323082701867,-0.33221736329998663,1.365719285133913,1.7610949957130537,1.6883941097518196,-0.18568873433288557,0.8635041745453002,-0.4030649954631285,-0.4194008220350217,-0.571347415835755,0.7925352191037062,1.3577269342345568,1.6365294418285616,-0.3576753639798948,-0.2328872501475753,-0.28708333828187355,-0.32078666523533045,-0.39610534423349997,-0.38113017778990566,-0.3694246287326534,-0.2751579580367754,-0.2900883232983121,-0.2955781683826058,-0.3888554871521795,-0.41265547100857053,-0.2943754514063852,-0.3658086479243954,-0.19836401418550262,-0.33212765423625973,-0.41485036472765574,-0.34354285721448546,-0.4123594838653976,0.5449215208897721,1.1227307914744915,1.3016263541781348,-0.337529114616601,0.9989187709831968,1.5112004740662026,-0.22342026433344614,0.7785667831207204,-0.16135942502686434,-0.4271559153457235,-0.7376951317802901,0.7376951317802901,-0.4820426798824101,-0.3075623426146228,0.6158384251930635,-0.13085598064755344,-0.2359813632291101,-0.2662958158485814,-0.19611613513818404,-0.19300937626135234,-0.12168146174384352,-0.06715342778730747,-0.03352007615769955,0.5449249778098338,-0.21680296415038888,-0.5118980953829163,0.8505317485662419,-0.40583972495671383,-0.16278112867447064,0.8119223343984152,-0.1699069165076462,-0.2081478487327801,-0.6981970580620328,-0.7376951317802901,0.7376951317802901,-0.7376951317802901,0.7376951317802901,-0.7376951317802901,0.7376951317802901,-0.7376951317802901,0.7376951317802901,-0.4820426798824101,-0.3075623426146228,0.6158384251930635,-0.4820426798824101,-0.3075623426146228,0.6158384251930635,-0.4820426798824101,-0.3075623426146228,0.6158384251930635,-0.13085598064755344,-0.2359813632291101,-0.2662958158485814,-0.19611613513818404,-0.19300937626135234,-0.12168146174384352,-0.06715342778730747,-0.03352007615769955,0.5449249778098338,-0.13085598064755344,-0.2359813632291101,-0.2662958158485814,-0.19611613513818404,-0.19300937626135234,-0.12168146174384352,-0.06715342778730747,-0.03352007615769955,0.5449249778098338,-0.21680296415038888,-0.5118980953829163,0.8505317485662419,-0.40583972495671383,-0.16278112867447064
1,1.1469254995318108,-1.5661069258891576,-0.47454519624983954,-0.4736736092984604,-0.03594573317873878,-1.8668102534866975,0.96425644365423,1.2266260647479035,-0.6244040257055189,1.1469254995318108,-1.5661069258891576,-0.47454519624983954,-0.4736736092984604,-0.03594573317873878,-1.8668102534866975,0.96425644365423,1.2266260647479035,-0.6244040257055189,1.1986587022768829,-0.38244562959247386,-0.3760014818308347,-0.3895323082701867,0.2862745743804253,-1.0940490317519325,1.765049385754801,2.0864145302038715,-0.18477453210557035,-1.4609134070857044,-0.4030649954631285,-0.4194008220350217,-0.3972069776910602,-1.6704316554584984,-0.5017365349980186,-0.2130091009268516,-0.7470324187216006,-0.2328872501475753,-0.28708333828187355,-0.32078666523533045,-0.39610534423349997,-0.38113017778990566,-0.3694246287326534,-0.2751579580367754,-0.2900883232983121,-0.2955781683826058,-0.3888554871521795,-0.41265547100857053,-0.2943754514063852,-0.3658086479243954,-0.1491347759819012,-0.5493971595492575,0.5162818454024083,0.2737830459344001,-0.31690184539925664,-1.8399449636419904,-1.163379379720384,-0.9827006405872728,-0.8515365815723219,0.9989187709831968,1.8822836089980008,-0.22342026433344614,1.3385767425636153,-0.06213841212214652,-0.4271559153457235,-0.7376951317802901,0.7376951317802901,-0.4820426798824101,-0.3075623426146228,0.6158384251930635,-0.13085598064755344,-0.2359813632291101,-0.2662958158485814,5.099019513592785,-0.19300937626135234,-0.12168146174384352,-0.06715342778730747,-0.03352007615769955,-1.8351149988007645,-0.21680296415038888,-0.5118980953829163,0.8505317485662419,-0.40583972495671383,-0.16278112867447064,0.8119223343984152,-0.1699069165076462,-0.2081478487327801,-0.6981970580620328,-0.7376951317802901,0.7376951317802901,-0.7376951317802901,0.7376951317802901,-0.7376951317802901,0.7376951317802901,-0.7376951317802901,0.7376951317802901,-0.4820426798824101,-0.3075623426146228,0.6158384251930635,-0.4820426798824101,-0.3075623426146228,0.6158384251930635,-0.4820426798824101,-0.3075623426146228,0.6158384251930635,-0.13085598064755344,-0.2359813632291101,-0.2662958158485814,5.099019513592785,-0.19300937626135234,-0.12168146174384352,-0.06715342778730747,-0.03352007615769955,-1.8351149988007645,-0.13085598064755344,-0.2359813632291101,-0.2662958158485814,5.099019513592785,-0.19300937626135234,-0.12168146174384352,-0.06715342778730747,-0.03352007615769955,-1.8351149988007645,-0.21680296415038888,-0.5118980953829163,0.8505317485662419,-0.40583972495671383,-0.16278112867447064
0,1.1508133825810711,-1.5661069258891576,0.4327933656785018,-0.4736736092984604,0.9303189535518089,-1.747233654090395,0.96425644365423,0.8818551424480984,0.48939774987729867,1.1508133825810711,-1.5661069258891576,0.4327933656785018,-0.4736736092984604,0.9303189535518089,-1.747233654090395,0.96425644365423,0.8818551424480984,0.48939774987729867,1.2049177117735874,-0.3810851021811527,0.9099536963372776,-0.3895323082701867,1.5793398887825347,-0.9715815713711521,1.7690037757965482,1.6958436898137563,1.1728157754575457,-1.4609134070857044,-0.0891393739966534,-0.4194008220350217,0.5315420257473119,-1.6309715720209197,-0.5017365349980186,-0.35528129652342183,-0.3576753639798948,-0.07639966350995119,-0.28708333828187355,0.6659805485266753,-0.31042417242146536,0.770770541893495,1.1170924095935137,0.048706956904792466,-0.2900883232983121,-0.2955781683826058,-0.3888554871521795,-0.41265547100857053,-0.2943754514063852,-0.3658086479243954,0.1507528513359247,-0.3232362474081308,2.459514283934716,1.2627973200891593,0.5297659044743412,-1.8243260033503432,-1.050018544785101,-0.8842675308574113,-0.7262207115293983,0.9989187709831968,1.5112004740662026,1.0640991990364888,0.7785667831207204,1.227734755639185,0.08106764742915833,-0.7376951317802901,0.7376951317802901,-0.4820426798824101,-0.3075623426146228,0.6158384251930635,-0.13085598064755344,-0.2359813632291101,3.755222352305419,-0.19611613513818404,-0.19300937626135234,-0.12168146174384352,-0.06715342778730747,-0.03352007615769955,-1.8351149988007645,-0.21680296415038888,-0.5118980953829163,0.8505317485662419,-0.40583972495671383,-0.16278112867447064,-1.2316448970959013,-0.1699069165076462,-0.2081478487327801,1.4322604033532795,-0.7376951317802901,0.7376951317802901,-0.7376951317802901,0.7376951317802901,-0.7376951317802901,0.7376951317802901,-0.7376951317802901,0.7376951317802901,-0.4820426798824101,-0.3075623426146228,0.6158384251930635,-0.4820426798824101,-0.3075623426146228,0.6158384251930635,-0.4820426798824101,-0.3075623426146228,0.6158384251930635,-0.13085598064755344,-0.2359813632291101,3.755222352305419,-0.19611613513818404,-0.19300937626135234,-0.12168146174384352,-0.06715342778730747,-0.03352007615769955,-1.8351149988007645,-0.13085598064755344,-0.2359813632291101,3.755222352305419,-0.19611613513818404,-0.19300937626135234,-0.12168146174384352,-0.06715342778730747,-0.03352007615769955,-1.8351149988007645,-0.21680296415038888,-0.5118980953829163,0.8505317485662419,-0.40583972495671383,-0.16278112867447064
1,1.1547012656303315,-1.5661069258891576,1.340131927606843,2.0089333664952354,4.634333586018909,-1.8194778495589943,-1.3133832581875537,-0.841999469050927,2.717001301042934,1.1547012656303315,-1.5661069258891576,1.340131927606843,2.0089333664952354,4.634333586018909,-1.8194778495589943,-1.3133832581875537,-0.841999469050927,2.717001301042934,1.2111851622810768,-0.3797245747698316,2.1993750609694547,3.0184757796786834,6.5414227131405145,-1.045253671296812,-0.6322376905329181,-0.2772308008763624,3.892567401720354,-1.4609134070857044,0.2247862474698217,0.5195090584504164,4.0917465389277385,-1.6548120390977903,-1.2628331395795704,-1.0666422745062731,0.42103874550351683,0.39306309640292114,1.7349819139643663,6.308264873370964,-0.27761010662111163,0.036734288740509366,0.48001367888229923,1.2362116450238745,1.1701867956779368,7.156669243170723,-0.21561170543679775,0.27009461177380517,0.5613783078206596,2.589565104801581,3.7697671192763544,0.04526316891321444,1.225629267119191,1.19169171867934,7.170297276031971,-1.83504312030046,-1.2441732358926583,-1.0634836754690213,-0.6343578067945431,-1.177626087863427,-0.9517670426962143,-0.04982213444087064,-0.9014630952079639,0.5331876653061604,2.6221854613035673,1.3555735383351193,-1.3555735383351195,2.0745051044939435,-0.3075623426146228,-1.6238025415294657,-0.13085598064755344,4.237622777986573,-0.2662958158485814,-0.19611613513818404,-0.19300937626135234,-0.12168146174384352,-0.06715342778730747,-0.03352007615769955,-1.8351149988007645,-0.21680296415038888,1.9535138126504805,-1.175735064194511,-0.40583972495671383,-0.16278112867447064,-1.2316448970959013,-0.1699069165076462,4.804277373453898,-0.6981970580620328,1.3555735383351193,-1.3555735383351195,1.3555735383351193,-1.3555735383351195,1.3555735383351193,-1.3555735383351195,1.3555735383351193,-1.3555735383351195,2.0745051044939435,-0.3075623426146228,-1.6238025415294657,2.0745051044939435,-0.3075623426146228,-1.6238025415294657,2.0745051044939435,-0.3075623426146228,-1.6238025415294657,-0.13085598064755344,4.237622777986573,-0.2662958158485814,-0.19611613513818404,-0.19300937626135234,-0.12168146174384352,-0.06715342778730747,-0.03352007615769955,-1.8351149988007645,-0.13085598064755344,4.237622777986573,-0.2662958158485814,-0.19611613513818404,-0.19300937626135234,-0.12168146174384352,-0.06715342778730747,-0.03352007615769955,-1.8351149988007645,-0.21680296415038888,1.9535138126504805,-1.175735064194511,-0.40583972495671383,-0.16278112867447064
0,1.1585891486795918,0.8273772438659699,0.4327933656785018,-0.4736736092984604,-0.3177729334751485,0.5446511676720712,0.96425644365423,-0.497228546751122,-0.0675031379141101,1.1585891486795918,0.8273772438659699,0.4327933656785018,-0.4736736092984604,-0.3177729334751485,0.5446511676720712,0.96425644365423,-0.497228546751122,-0.0675031379141101,1.2174610537993504,1.6461007406872874,0.9134198828013427,-0.3895323082701867,-0.08830300617605173,1.3796480614028952,1.7769125558800427,0.11972539385255576,0.49813453169890626,0.8635041745453002,0.5387118689362969,-0.4194008220350217,-0.04892610140167071,0.7925352191037062,1.3577269342345568,-0.07073690533028135,0.2263602181326639,-0.07639966350995119,-0.28708333828187355,-0.1183728777969703,0.5281575091431288,0.770770541893495,0.2676541019785611,-0.05924801474239681,-0.2900883232983121,-0.2955781683826058,-0.3888554871521795,-0.41265547100857053,-0.2943754514063852,-0.3658086479243954,-0.18638933462246443,0.014637212060770205,-0.05049428250284806,-0.3467749300058409,-0.3086011811848096,0.5449215208897721,1.1227307914744915,-0.07507948397468743,0.20090432700850336,0.9989187709831968,0.026867934339009688,0.42033946735152133,-0.714793108726999,-0.26058043793158214,-0.23657207930514282,-0.7376951317802901,0.7376951317802901,-0.4820426798824101,-0.3075623426146228,0.6158384251930635,-0.13085598064755344,-0.2359813632291101,-0.2662958158485814,-0.19611613513818404,-0.19300937626135234,-0.12168146174384352,-0.06715342778730747,-0.03352007615769955,0.5449249778098338,-0.21680296415038888,-0.5118980953829163,0.8505317485662419,-0.40583972495671383,-0.16278112867447064,-1.2316448970959013,-0.1699069165076462,-0.2081478487327801,1.4322604033532795,-0.7376951317802901,0.7376951317802901,-0.7376951317802901,0.7376951317802901,-0.7376951317802901,0.7376951317802901,-0.7376951317802901,0.7376951317802901,-0.4820426798824101,-0.3075623426146228,0.6158384251930635,-0.4820426798824101,-0.3075623426146228,0.6158384251930635,-0.4820426798824101,-0.3075623426146228,0.6158384251930635,-0.13085598064755344,-0.2359813632291101,-0.2662958158485814,-0.19611613513818404,-0.19300937626135234,-0.12168146174384352,-0.06715342778730747,-0.03352007615769955,0.5449249778098338,-0.13085598064755344,-0.2359813632291101,-0.2662958158485814,-0.19611613513818404,-0.19300937626135234,-0.12168146174384352,-0.06715342778730747,-0.03352007615769955,0.5449249778098338,-0.21680296415038888,-0.5118980953829163,0.8505317485662419,-0.40583972495671383,-0.16278112867447064
1,1.1624770317288522,0.8273772438659699,-0.47454519624983954,-0.4736736092984604,-0.4989475622371262,0.5446511676720712,0.96425644365423,0.19231329784848822,-0.6244040257055189,1.1624770317288522,0.8273772438659699,-0.47454519624983954,-0.4736736092984604,-0.4989475622371262,0.5446511676720712,0.96425644365423,0.19231329784848822,-0.6244040257055189,1.2237453863284087,1.6501823229212509,-0.3760014818308347,-0.3895323082701867,-0.33094773175636116,1.3831302554701408,1.7808669459217898,0.9141698961719591,-0.18111772319630945,0.8635041745453002,-0.4030649954631285,-0.4194008220350217,-0.571347415835755,0.7925352191037062,1.3577269342345568,0.7828962682491402,-0.3576753639798948,-0.2328872501475753,-0.28708333828187355,-0.32078666523533045,-0.39610534423349997,-0.38113017778990566,-0.3694246287326534,-0.2751579580367754,-0.2900883232983121,-0.2955781683826058,-0.3888554871521795,-0.41265547100857053,-0.2943754514063852,-0.3658086479243954,-0.19836401418550262,-0.33212765423625973,-0.41485036472765574,-0.3887918762934614,-0.4123594838653976,0.5449215208897721,1.1227307914744915,0.6132734351017236,-0.337529114616601,0.9989187709831968,0.7690342042026062,-0.22342026433344614,-0.1174491519879112,-0.3598014508363,-0.4271559153457235,-0.7376951317802901,0.7376951317802901,-0.4820426798824101,-0.3075623426146228,0.6158384251930635,-0.13085598064755344,-0.2359813632291101,-0.2662958158485814,-0.19611613513818404,-0.19300937626135234,-0.12168146174384352,-0.06715342778730747,-0.03352007615769955,0.5449249778098338,-0.21680296415038888,-0.5118980953829163,0.8505317485662419,-0.40583972495671383,-0.16278112867447064,0.8119223343984152,-0.1699069165076462,-0.2081478487327801,-0.6981970580620328,-0.7376951317802901,0.7376951317802901,-0.7376951317802901,0.7376951317802901,-0.7376951317802901,0.7376951317802901,-0.7376951317802901,0.7376951317802901,-0.4820426798824101,-0.3075623426146228,0.6158384251930635,-0.4820426798824101,-0.3075623426146228,0.6158384251930635,-0.4820426798824101,-0.3075623426146228,0.6158384251930635,-0.13085598064755344,-0.2359813632291101,-0.2662958158485814,-0.19611613513818404,-0.19300937626135234,-0.12168146174384352,-0.06715342778730747,-0.03352007615769955,0.5449249778098338,-0.13085598064755344,-0.2359813632291101,-0.2662958158485814,-0.19611613513818404,-0.19300937626135234,-0.12168146174384352,-0.06715342778730747,-0.03352007615769955,0.5449249778098338,-0.21680296415038888,-0.5118980953829163,0.8505317485662419,-0.40583972495671383,-0.16278112867447064
0,1.1663649147781125,-1.5661069258891576,0.4327933656785018,0.7676298785983874,0.7894053534036041,-1.8194778495589943,0.96425644365423,1.5713969870477085,-0.0675031379141101,1.1663649147781125,-1.5661069258891576,0.4327933656785018,0.7676298785983874,0.7894053534036041,-1.8194778495589943,0.96425644365423,1.5713969870477085,-0.0675031379141101,1.2300381598682515,-0.37564299253586836,0.9168860692654076,1.3213519673757466,1.4012287208053604,-1.0445840185915725,1.784821335963537,2.5046552393954666,0.5017913406081672,-1.4609134070857044,-0.0891393739966534,0.0500541182076973,0.3960994627458826,-1.6548120390977903,-0.5017365349980186,-0.07073690533028135,-0.5523538913507477,-0.07639966350995119,0.2184329747796864,0.5774245165223928,-0.3368577254273058,0.770770541893495,1.5418115634009901,-0.05924801474239681,0.07498045644575013,0.7141729121904596,-0.30223359629448865,1.4694387837410756,1.6310705068544655,0.056387602465029836,0.09041666397240379,-0.4264753600236283,2.1761262199820877,1.5633800896852135,0.14793535060977747,-1.83504312030046,-1.1185073825585012,-0.9090455205480316,-0.8069326278282305,0.9989187709831968,2.2533667439297993,0.42033946735152133,1.973254696598896,0.9300717169250317,-0.23657207930514282,-0.7376951317802901,0.7376951317802901,-0.4820426798824101,-0.3075623426146228,0.6158384251930635,-0.13085598064755344,4.237622777986573,-0.2662958158485814,-0.19611613513818404,-0.19300937626135234,-0.12168146174384352,-0.06715342778730747,-0.03352007615769955,-1.8351149988007645,-0.21680296415038888,-0.5118980953829163,-1.175735064194511,-0.40583972495671383,6.1432182473669785,-1.2316448970959013,-0.1699069165076462,-0.2081478487327801,1.4322604033532795,-0.7376951317802901,0.7376951317802901,-0.7376951317802901,0.7376951317802901,-0.7376951317802901,0.7376951317802901,-0.7376951317802901,0.7376951317802901,-0.4820426798824101,-0.3075623426146228,0.6158384251930635,-0.4820426798824101,-0.3075623426146228,0.6158384251930635,-0.4820426798824101,-0.3075623426146228,0.6158384251930635,-0.13085598064755344,4.237622777986573,-0.2662958158485814,-0.19611613513818404,-0.19300937626135234,-0.12168146174384352,-0.06715342778730747,-0.03352007615769955,-1.8351149988007645,-0.13085598064755344,4.237622777986573,-0.2662958158485814,-0.19611613513818404,-0.19300937626135234,-0.12168146174384352,-0.06715342778730747,-0.03352007615769955,-1.8351149988007645,-0.21680296415038888,-0.5118980953829163,-1.175735064194511,-0.40583972495671383,6.1432182473669785
0,1.170252797827373,0.8273772438659699,0.4327933656785018,0.7676298785983874,-0.23725087624760288,0.5446511676720712,0.96425644365423,-1.1867703913507321,0.48939774987729867,1.170252797827373,0.8273772438659699,0.4327933656785018,0.7676298785983874,-0.23725087624760288,0.5446511676720712,0.96425644365423,-1.1867703913507321,0.48939774987729867,1.2363393744188786,1.6583454873891774,0.9186191624974401,1.3236453779329127,0.021828461436718398,1.390094643604632,1.7887757260052841,-0.6704622055743122,1.186528808867274,0.8635041745453002,0.5387118689362969,0.9889639986931354,0.18326114945792232,0.7925352191037062,1.3577269342345568,-0.9243700789097029,0.8103958002452226,-0.07639966350995119,0.2184329747796864,-0.06776943093738026,0.5281575091431288,0.770770541893495,-0.15706505182891523,0.048706956904792466,0.07498045644575013,-0.011141244277516945,0.9624460102277982,1.4694387837410756,-0.080437011599624,0.26748572765974243,-0.17805912275252483,0.16875493041500572,0.11144175404151091,-0.43727296816379274,-0.1923918821825511,0.5449215208897721,1.1227307914744915,-0.7634324030510985,0.7393377686336078,0.9989187709831968,-0.7152983355245868,1.0640991990364888,-1.0134650870965427,-0.5582434766457356,0.08106764742915833,-0.7376951317802901,0.7376951317802901,-0.4820426798824101,-0.3075623426146228,0.6158384251930635,-0.13085598064755344,-0.2359813632291101,-0.2662958158485814,-0.19611613513818404,-0.19300937626135234,-0.12168146174384352,-0.06715342778730747,-0.03352007615769955,0.5449249778098338,-0.21680296415038888,-0.5118980953829163,0.8505317485662419,-0.40583972495671383,-0.16278112867447064,-1.2316448970959013,-0.1699069165076462,-0.2081478487327801,1.4322604033532795,-0.7376951317802901,0.7376951317802901,-0.7376951317802901,0.7376951317802901,-0.7376951317802901,0.7376951317802901,-0.7376951317802901,0.7376951317802901,-0.4820426798824101,-0.3075623426146228,0.6158384251930635,-0.4820426798824101,-0.3075623426146228,0.6158384251930635,-0.4820426798824101,-0.3075623426146228,0.6158384251930635,-0.13085598064755344,-0.2359813632291101,-0.2662958158485814,-0.19611613513818404,-0.19300937626135234,-0.12168146174384352,-0.06715342778730747,-0.03352007615769955,0.5449249778098338,-0.13085598064755344,-0.2359813632291101,-0.2662958158485814,-0.19611613513818404,-0.19300937626135234,-0.12168146174384352,-0.06715342778730747,-0.03352007615769955,0.5449249778098338,-0.21680296415038888,-0.5118980953829163,0.8505317485662419,-0.40583972495671383,-0.16278112867447064
1,1.1741406808766333,-0.3693648410115938,-0.47454519624983954,-0.4736736092984604,-0.37816447639580775,0.5446511676720712,-0.5095104222433947,0.19231329784848822,-0.6244040257055189,1.1741406808766333,-0.3693648410115938,-0.47454519624983954,-0.4736736092984604,-0.37816447639580775,0.5446511676720712,-0.5095104222433947,0.19231329784848822,-0.6244040257055189,1.2426490299802904,0.6447525659549573,-0.3760014818308347,-0.3895323082701867,-0.1673829137504387,1.3935768376718776,0.2259538112237913,0.9221515890954628,-0.17837511651436375,-0.5892568139740777,-0.4030649954631285,-0.4194008220350217,-0.4746027279775913,-0.04105904351514409,-0.5569533474872684,0.0715352902662889,-0.5523538913507477,-0.2328872501475753,-0.28708333828187355,-0.32078666523533045,-0.39610534423349997,-0.38113017778990566,-0.3694246287326534,-0.2751579580367754,-0.2900883232983121,-0.2955781683826058,-0.3888554871521795,-0.41265547100857053,-0.2943754514063852,-0.3658086479243954,-0.19142217096055295,-0.10095107670490644,-0.45072062643411087,-0.2918296925527987,-0.38745749122205647,0.5449215208897721,-0.14575511629852972,0.6132734351017236,-0.337529114616601,-0.7538678336953983,-0.21377024625881774,-0.564416590908148,-0.1174491519879112,-0.3598014508363,-0.4271559153457235,1.3555735383351193,-1.3555735383351195,-0.4820426798824101,-0.3075623426146228,0.6158384251930635,-0.13085598064755344,-0.2359813632291101,-0.2662958158485814,-0.19611613513818404,-0.19300937626135234,-0.12168146174384352,-0.06715342778730747,-0.03352007615769955,0.5449249778098338,-0.21680296415038888,1.9535138126504805,-1.175735064194511,-0.40583972495671383,-0.16278112867447064,0.8119223343984152,-0.1699069165076462,-0.2081478487327801,-0.6981970580620328,1.3555735383351193,-1.3555735383351195,1.3555735383351193,-1.3555735383351195,1.3555735383351193,-1.3555735383351195,1.3555735383351193,-1.3555735383351195,-0.4820426798824101,-0.3075623426146228,0.6158384251930635,-0.4820426798824101,-0.3075623426146228,0.6158384251930635,-0.4820426798824101,-0.3075623426146228,0.6158384251930635,-0.13085598064755344,-0.2359813632291101,-0.2662958158485814,-0.19611613513818404,-0.19300937626135234,-0.12168146174384352,-0.06715342778730747,-0.03352007615769955,0.5449249778098338,-0.13085598064755344,-0.2359813632291101,-0.2662958158485814,-0.19611613513818404,-0.19300937626135234,-0.12168146174384352,-0.06715342778730747,-0.03352007615769955,0.5449249778098338,-0.21680296415038888,1.9535138126504805,-1.175735064194511,-0.40583972495671383,-0.16278112867447064
0,1.1780285639258938,-1.5661069258891576,0.4327933656785018,-0.4736736092984604,0.42705609587964866,-1.8668102534866975,0.96425644365423,-1.1867703913507321,-0.0675031379141101,1.1780285639258938,-1.5661069258891576,0.4327933656785018,-0.4736736092984604,0.42705609587964866,-1.8668102534866975,0.96425644365423,-1.1867703913507321,-0.0675031379141101,1.2489671265524867,-0.37156141030190504,0.9220853489615051,-0.3895323082701867,0.9198932650234609,-1.0927852769030701,1.7966845060887786,-0.6693979798511784,0.5072765539720585,-1.4609134070857044,-0.0891393739966534,-0.4194008220350217,0.04781858645649305,-1.6704316554584984,-0.5017365349980186,-1.2089144701028434,-0.5523538913507477,-0.07639966350995119,-0.28708333828187355,0.34970900565423757,-0.35417626015527026,0.770770541893495,-0.15706505182891523,-0.05924801474239681,-0.2900883232983121,-0.2955781683826058,-0.3888554871521795,-0.41265547100857053,-0.2943754514063852,-0.3658086479243954,-0.03870162001166013,-0.5091958414972897,1.4474140555324726,-0.3306145660490638,-0.0014766052502692205,-1.8399449636419904,-1.163379379720384,-1.09199533483905,-0.8271106069029386,0.9989187709831968,-0.7152983355245868,0.42033946735152133,-1.0134650870965427,-0.6574644895504534,-0.23657207930514282,-0.7376951317802901,0.7376951317802901,-0.4820426798824101,-0.3075623426146228,0.6158384251930635,-0.13085598064755344,-0.2359813632291101,-0.2662958158485814,5.099019513592785,-0.19300937626135234,-0.12168146174384352,-0.06715342778730747,-0.03352007615769955,-1.8351149988007645,-0.21680296415038888,-0.5118980953829163,0.8505317485662419,-0.40583972495671383,-0.16278112867447064,-1.2316448970959013,-0.1699069165076462,-0.2081478487327801,1.4322604033532795,-0.7376951317802901,0.7376951317802901,-0.7376951317802901,0.7376951317802901,-0.7376951317802901,0.7376951317802901,-0.7376951317802901,0.7376951317802901,-0.4820426798824101,-0.3075623426146228,0.6158384251930635,-0.4820426798824101,-0.3075623426146228,0.6158384251930635,-0.4820426798824101,-0.3075623426146228,0.6158384251930635,-0.13085598064755344,-0.2359813632291101,-0.2662958158485814,5.099019513592785,-0.19300937626135234,-0.12168146174384352,-0.06715342778730747,-0.03352007615769955,-1.8351149988007645,-0.13085598064755344,-0.2359813632291101,-0.2662958158485814,5.099019513592785,-0.19300937626135234,-0.12168146174384352,-0.06715342778730747,-0.03352007615769955,-1.8351149988007645,-0.21680296415038888,-0.5118980953829163,0.8505317485662419,-0.40583972495671383,-0.16278112867447064
0,1.1819164469751542,0.8273772438659699,-0.47454519624983954,-0.4736736092984604,-0.4989475622371262,0.5446511676720712,-1.5366812681720423,0.19231329784848822,-0.6244040257055189,1.1819164469751542,0.8273772438659699,-0.47454519624983954,-0.4736736092984604,-0.4989475622371262,0.5446511676720712,-1.5366812681720423,0.19231329784848822,-0.6244040257055189,1.2552936641354673,1.6705902340910672,-0.3760014818308347,-0.3895323082701867,-0.3296781002127357,1.4005412258063685,-0.8652420308900576,0.9274727177111319,-0.1765467120597333,0.8635041745453002,-0.4030649954631285,-0.4194008220350217,-0.571347415835755,0.7925352191037062,-1.1494148220340843,0.7828962682491402,-0.3576753639798948,-0.2328872501475753,-0.28708333828187355,-0.32078666523533045,-0.39610534423349997,-0.38113017778990566,-0.3694246287326534,-0.2751579580367754,-0.2900883232983121,-0.2955781683826058,-0.3888554871521795,-0.41265547100857053,-0.2943754514063852,-0.3658086479243954,-0.19836401418550262,-0.33212765423625973,-0.6695812087300181,-0.3887918762934614,-0.4123594838653976,0.5449215208897721,-1.0298513550494233,0.6132734351017236,-0.337529114616601,-1.2286533543751765,-0.8987551662773859,-0.8020806973086978,-0.1174491519879112,-0.3598014508363,-0.4271559153457235,-0.7376951317802901,0.7376951317802901,-0.4820426798824101,3.2513733362117265,-1.6238025415294657,-0.13085598064755344,-0.2359813632291101,-0.2662958158485814,-0.19611613513818404,-0.19300937626135234,-0.12168146174384352,-0.06715342778730747,-0.03352007615769955,0.5449249778098338,-0.21680296415038888,-0.5118980953829163,0.8505317485662419,-0.40583972495671383,-0.16278112867447064,0.8119223343984152,-0.1699069165076462,-0.2081478487327801,-0.6981970580620328,-0.7376951317802901,0.7376951317802901,-0.7376951317802901,0.7376951317802901,-0.7376951317802901,0.7376951317802901,-0.7376951317802901,0.7376951317802901,-0.4820426798824101,3.2513733362117265,-1.6238025415294657,-0.4820426798824101,3.2513733362117265,-1.6238025415294657,-0.4820426798824101,3.2513733362117265,-1.6238025415294657,-0.13085598064755344,-0.2359813632291101,-0.2662958158485814,-0.19611613513818404,-0.19300937626135234,-0.12168146174384352,-0.06715342778730747,-0.03352007615769955,0.5449249778098338,-0.13085598064755344,-0.2359813632291101,-0.2662958158485814,-0.19611613513818404,-0.19300937626135234,-0.12168146174384352,-0.06715342778730747,-0.03352007615769955,0.5449249778098338,-0.21680296415038888,-0.5118980953829163,0.8505317485662419,-0.40583972495671383,-0.16278112867447064
1,1.1858043300244145,-0.3693648410115938,0.4327933656785018,0.7676298785983874,-0.17685933332694367,0.5446511676720712,-0.5095104222433947,-1.5315413136505371,0.48939774987729867,1.1858043300244145,-0.3693648410115938,0.4327933656785018,0.7676298785983874,-0.17685933332694367,0.5446511676720712,-0.5095104222433947,-1.5315413136505371,0.48939774987729867,1.2616286427292325,0.652915730422884,0.9255515354255701,1.332819020161577,0.10645847261609677,1.4040234198736141,0.23153311916391295,-1.0679505131647973,1.1974992355950569,-0.5892568139740777,0.2247862474698217,0.5195090584504164,-0.08762397654493621,-0.04105904351514409,-0.5569533474872684,-1.3511866656994136,0.2263602181326639,-0.07639966350995119,0.2184329747796864,-0.029816845792687726,0.5281575091431288,0.16061446244642888,-0.3694246287326534,0.048706956904792466,0.07498045644575013,0.031524294338246384,0.9624460102277982,0.4725028221561908,-0.2943754514063852,0.26748572765974243,-0.17059664128570393,0.2843432191806824,-0.26032231701397773,-0.5019144239909011,-0.15503889321753941,0.5449215208897721,-0.14575511629852972,-1.107608862589304,0.7393377686336078,-0.7538678336953983,-1.086381470456385,0.04111021931238319,-1.0507990843927357,-0.855906515359889,0.08106764742915833,1.3555735383351193,-1.3555735383351195,-0.4820426798824101,-0.3075623426146228,0.6158384251930635,-0.13085598064755344,-0.2359813632291101,-0.2662958158485814,-0.19611613513818404,-0.19300937626135234,-0.12168146174384352,-0.06715342778730747,-0.03352007615769955,0.5449249778098338,-0.21680296415038888,1.9535138126504805,-1.175735064194511,-0.40583972495671383,-0.16278112867447064,-1.2316448970959013,-0.1699069165076462,-0.2081478487327801,1.4322604033532795,1.3555735383351193,-1.3555735383351195,1.3555735383351193,-1.3555735383351195,1.3555735383351193,-1.3555735383351195,1.3555735383351193,-1.3555735383351195,-0.4820426798824101,-0.3075623426146228,0.6158384251930635,-0.4820426798824101,-0.3075623426146228,0.6158384251930635,-0.4820426798824101,-0.3075623426146228,0.6158384251930635,-0.13085598064755344,-0.2359813632291101,-0.2662958158485814,-0.19611613513818404,-0.19300937626135234,-0.12168146174384352,-0.06715342778730747,-0.03352007615769955,0.5449249778098338,-0.13085598064755344,-0.2359813632291101,-0.2662958158485814,-0.19611613513818404,-0.19300937626135234,-0.12168146174384352,-0.06715342778730747,-0.03352007615769955,0.5449249778098338,-0.21680296415038888,1.9535138126504805,-1.175735064194511,-0.40583972495671383,-0.16278112867447064
1,1.189692213073675,0.8273772438659699,-0.47454519624983954,0.7676298785983874,-0.3982949907026942,-1.8792661492571456,0.96425644365423,-1.5315413136505371,-0.0675031379141101,1.189692213073675,0.8273772438659699,-0.47454519624983954,0.7676298785983874,-0.3982949907026942,-1.8792661492571456,0.96425644365423,-1.5315413136505371,-0.0675031379141101,1.2679720623337822,1.678753398558994,-0.3760014818308347,1.3351124307187432,-0.1927755446229483,-1.1052236466383398,1.8085476762140202,-1.0679505131647973,0.5127617673359499,0.8635041745453002,-0.4030649954631285,0.9889639986931354,-0.2811133522612637,-1.6071311049440493,1.3577269342345568,-1.3511866656994136,0.2263602181326639,-0.2328872501475753,-0.28708333828187355,-0.32078666523533045,-0.39610534423349997,-0.38113017778990566,-0.3694246287326534,-0.2751579580367754,0.07498045644575013,-0.1249160139195525,-0.33421706368809756,1.4694387837410756,-0.2943754514063852,0.056387602465029836,-0.19286838829908412,-0.5831389085380546,-0.21243031904720702,-0.5019144239909011,-0.3418038380425978,-1.8409560124108695,-1.1751878000261426,-1.107608862589304,-0.8324206013962827,0.9989187709831968,-1.086381470456385,0.42033946735152133,-1.0507990843927357,-0.855906515359889,-0.23657207930514282,-0.7376951317802901,0.7376951317802901,-0.4820426798824101,-0.3075623426146228,0.6158384251930635,-0.13085598064755344,-0.2359813632291101,-0.2662958158485814,-0.19611613513818404,5.181095444015676,-0.12168146174384352,-0.06715342778730747,-0.03352007615769955,-1.8351149988007645,4.612483062299524,-0.5118980953829163,-1.175735064194511,-0.40583972495671383,-0.16278112867447064,-1.2316448970959013,-0.1699069165076462,-0.2081478487327801,1.4322604033532795,-0.7376951317802901,0.7376951317802901,-0.7376951317802901,0.7376951317802901,-0.7376951317802901,0.7376951317802901,-0.7376951317802901,0.7376951317802901,-0.4820426798824101,-0.3075623426146228,0.6158384251930635,-0.4820426798824101,-0.3075623426146228,0.6158384251930635,-0.4820426798824101,-0.3075623426146228,0.6158384251930635,-0.13085598064755344,-0.2359813632291101,-0.2662958158485814,-0.19611613513818404,5.181095444015676,-0.12168146174384352,-0.06715342778730747,-0.03352007615769955,-1.8351149988007645,-0.13085598064755344,-0.2359813632291101,-0.2662958158485814,-0.19611613513818404,5.181095444015676,-0.12168146174384352,-0.06715342778730747,-0.03352007615769955,-1.8351149988007645,4.612483062299524,-0.5118980953829163,-1.175735064194511,-0.40583972495671383,-0.16278112867447064
0,1.1935800961229353,0.8273772438659699,-0.47454519624983954,-0.4736736092984604,-0.45868653362335343,0.5446511676720712,0.96425644365423,0.5370842201482933,-0.6244040257055189,1.1935800961229353,0.8273772438659699,-0.47454519624983954,-0.4736736092984604,-0.45868653362335343,0.5446511676720712,0.96425644365423,0.5370842201482933,-0.6244040257055189,1.2743239229491163,1.6828349807929572,-0.3760014818308347,-0.3895323082701867,-0.27428588972370405,1.4109878080081053,1.8125020662557674,1.3361353953945223,-0.1738041053777876,0.8635041745453002,-0.4030649954631285,-0.4194008220350217,-0.4552537904059585,0.7925352191037062,1.3577269342345568,1.209712855038851,-0.3576753639798948,-0.2328872501475753,-0.28708333828187355,-0.32078666523533045,-0.39610534423349997,-0.38113017778990566,-0.3694246287326534,-0.2751579580367754,-0.2900883232983121,-0.2955781683826058,-0.3888554871521795,-0.41265547100857053,-0.2943754514063852,-0.3658086479243954,-0.1965128559921827,-0.255068795059142,-0.33388234645547626,-0.32738249325770835,-0.40405881965095053,0.5449215208897721,1.1227307914744915,0.9574498946399291,-0.337529114616601,0.9989187709831968,1.1401173391344044,-0.22342026433344614,0.29322481827021163,-0.26058043793158214,-0.4271559153457235,-0.7376951317802901,0.7376951317802901,-0.4820426798824101,-0.3075623426146228,0.6158384251930635,-0.13085598064755344,-0.2359813632291101,-0.2662958158485814,-0.19611613513818404,-0.19300937626135234,-0.12168146174384352,-0.06715342778730747,-0.03352007615769955,0.5449249778098338,-0.21680296415038888,-0.5118980953829163,0.8505317485662419,-0.40583972495671383,-0.16278112867447064,0.8119223343984152,-0.1699069165076462,-0.2081478487327801,-0.6981970580620328,-0.7376951317802901,0.7376951317802901,-0.7376951317802901,0.7376951317802901,-0.7376951317802901,0.7376951317802901,-0.7376951317802901,0.7376951317802901,-0.4820426798824101,-0.3075623426146228,0.6158384251930635,-0.4820426798824101,-0.3075623426146228,0.6158384251930635,-0.4820426798824101,-0.3075623426146228,0.6158384251930635,-0.13085598064755344,-0.2359813632291101,-0.2662958158485814,-0.19611613513818404,-0.19300937626135234,-0.12168146174384352,-0.06715342778730747,-0.03352007615769955,0.5449249778098338,-0.13085598064755344,-0.2359813632291101,-0.2662958158485814,-0.19611613513818404,-0.19300937626135234,-0.12168146174384352,-0.06715342778730747,-0.03352007615769955,0.5449249778098338,-0.21680296415038888,-0.5118980953829163,0.8505317485662419,-0.40583972495671383,-0.16278112867447064
0,1.1974679791721956,0.8273772438659699,-0.47454519624983954,-0.4736736092984604,-0.4989475622371262,0.5446511676720712,0.96425644365423,-0.497228546751122,-0.6244040257055189,1.1974679791721956,0.8273772438659699,-0.47454519624983954,-0.4736736092984604,-0.4989475622371262,0.5446511676720712,0.96425644365423,-0.497228546751122,-0.6244040257055189,1.2806842245752352,1.6869165630269205,-0.3760014818308347,-0.3895323082701867,-0.3286623949778353,1.414470002075351,1.8164564562975145,0.1356887796995632,-0.17288990315047237,0.8635041745453002,-0.4030649954631285,-0.4194008220350217,-0.571347415835755,0.7925352191037062,1.3577269342345568,-0.07073690533028135,-0.3576753639798948,-0.2328872501475753,-0.28708333828187355,-0.32078666523533045,-0.39610534423349997,-0.38113017778990566,-0.3694246287326534,-0.2751579580367754,-0.2900883232983121,-0.2955781683826058,-0.3888554871521795,-0.41265547100857053,-0.2943754514063852,-0.3658086479243954,-0.19836401418550262,-0.33212765423625973,-0.41485036472765574,-0.4340408953724373,-0.4123594838653976,0.5449215208897721,1.1227307914744915,-0.07507948397468743,-0.337529114616601,0.9989187709831968,0.026867934339009688,-0.22342026433344614,-0.714793108726999,-0.5582434766457356,-0.4271559153457235,-0.7376951317802901,0.7376951317802901,-0.4820426798824101,-0.3075623426146228,0.6158384251930635,-0.13085598064755344,-0.2359813632291101,-0.2662958158485814,-0.19611613513818404,-0.19300937626135234,-0.12168146174384352,-0.06715342778730747,-0.03352007615769955,0.5449249778098338,-0.21680296415038888,-0.5118980953829163,0.8505317485662419,-0.40583972495671383,-0.16278112867447064,0.8119223343984152,-0.1699069165076462,-0.2081478487327801,-0.6981970580620328,-0.7376951317802901,0.7376951317802901,-0.7376951317802901,0.7376951317802901,-0.7376951317802901,0.7376951317802901,-0.7376951317802901,0.7376951317802901,-0.4820426798824101,-0.3075623426146228,0.6158384251930635,-0.4820426798824101,-0.3075623426146228,0.6158384251930635,-0.4820426798824101,-0.3075623426146228,0.6158384251930635,-0.13085598064755344,-0.2359813632291101,-0.2662958158485814,-0.19611613513818404,-0.19300937626135234,-0.12168146174384352,-0.06715342778730747,-0.03352007615769955,0.5449249778098338,-0.13085598064755344,-0.2359813632291101,-0.2662958158485814,-0.19611613513818404,-0.19300937626135234,-0.12168146174384352,-0.06715342778730747,-0.03352007615769955,0.5449249778098338,-0.21680296415038888,-0.5118980953829163,0.8505317485662419,-0.40583972495671383,-0.16278112867447064
1,1.201355862221456,-0.3693648410115938,0.4327933656785018,2.0089333664952354,0.6686222675622856,0.5446511676720712,-0.5095104222433947,1.5713969870477085,1.6031995254601163,1.201355862221456,-0.3693648410115938,0.4327933656785018,2.0089333664952354,0.6686222675622856,0.5446511676720712,-0.5095104222433947,1.5713969870477085,1.6031995254601163,1.2870529672121382,0.6637999497134528,0.9324839083537001,3.0735176330506704,1.260081968341168,1.4179521961425965,0.2389721964174085,2.5477563811823867,2.5889150255688365,-0.5892568139740777,0.2247862474698217,1.4584189389358544,1.5376867794722149,-0.04105904351514409,-0.5569533474872684,1.209712855038851,1.0050743276160756,-0.07639966350995119,0.7239492878412465,0.5015193462330078,0.5281575091431288,0.16061446244642888,1.5418115634009901,0.264616900199171,1.1701867956779368,1.5532618383004717,2.313747507607776,1.3576611153209521,3.5565164651153163,1.7451726040227307,0.043212130042746016,1.9025792619001554,0.5393505825505814,1.3888481589520207,0.9074461262316814,0.5449215208897721,-0.14575511629852972,1.9899792732545456,1.8162046518838164,-0.7538678336953983,0.48431873309923607,0.6466370295329145,1.973254696598896,3.6090390653524125,1.097514772978922,1.3555735383351193,-1.3555735383351195,-0.4820426798824101,-0.3075623426146228,0.6158384251930635,-0.13085598064755344,-0.2359813632291101,-0.2662958158485814,-0.19611613513818404,-0.19300937626135234,-0.12168146174384352,-0.06715342778730747,-0.03352007615769955,0.5449249778098338,-0.21680296415038888,-0.5118980953829163,-1.175735064194511,2.4640269015229057,-0.16278112867447064,-1.2316448970959013,-0.1699069165076462,-0.2081478487327801,1.4322604033532795,1.3555735383351193,-1.3555735383351195,1.3555735383351193,-1.3555735383351195,1.3555735383351193,-1.3555735383351195,1.3555735383351193,-1.3555735383351195,-0.4820426798824101,-0.3075623426146228,0.6158384251930635,-0.4820426798824101,-0.3075623426146228,0.6158384251930635,-0.4820426798824101,-0.3075623426146228,0.6158384251930635,-0.13085598064755344,-0.2359813632291101,-0.2662958158485814,-0.19611613513818404,-0.19300937626135234,-0.12168146174384352,-0.06715342778730747,-0.03352007615769955,0.5449249778098338,-0.13085598064755344,-0.2359813632291101,-0.2662958158485814,-0.19611613513818404,-0.19300937626135234,-0.12168146174384352,-0.06715342778730747,-0.03352007615769955,0.5449249778098338,-0.21680296415038888,-0.5118980953829163,-1.175735064194511,2.4640269015229057,-0.16278112867447064
1,1.2052437452707163,-0.3693648410115938,0.4327933656785018,0.7676298785983874,-0.35803396208892135,0.5446511676720712,0.96425644365423,-1.5315413136505371,-0.0675031379141101,1.2052437452707163,-0.3693648410115938,0.4327933656785018,0.7676298785983874,-0.35803396208892135,0.5446511676720712,0.96425644365423,-1.5315413136505371,-0.0675031379141101,1.293430150859826,0.666521004536095,0.9342170015857326,1.3442860729474078,-0.13618625296421266,1.421434390209842,1.824365236381009,-1.0679505131647973,0.5200753851544717,-0.5892568139740777,0.2247862474698217,0.5195090584504164,-0.43590485283432573,-0.04105904351514409,0.42799519961826915,-1.3511866656994136,-0.1629968366090419,-0.07639966350995119,0.2184329747796864,-0.1436746012267653,0.5281575091431288,0.770770541893495,-0.3694246287326534,-0.05924801474239681,0.07498045644575013,-0.0964723215090436,0.9624460102277982,1.4694387837410756,-0.2943754514063852,0.056387602465029836,-0.18986025623493927,-0.06242164711634756,-0.13146230077502755,-0.5019144239909011,-0.32520250961370367,0.5449215208897721,1.1227307914744915,-1.107608862589304,0.20090432700850336,0.9989187709831968,-1.086381470456385,0.42033946735152133,-1.0507990843927357,-0.855906515359889,-0.23657207930514282,-0.7376951317802901,0.7376951317802901,-0.4820426798824101,-0.3075623426146228,0.6158384251930635,-0.13085598064755344,-0.2359813632291101,-0.2662958158485814,-0.19611613513818404,-0.19300937626135234,-0.12168146174384352,-0.06715342778730747,-0.03352007615769955,0.5449249778098338,4.612483062299524,-0.5118980953829163,-1.175735064194511,-0.40583972495671383,-0.16278112867447064,-1.2316448970959013,-0.1699069165076462,-0.2081478487327801,1.4322604033532795,-0.7376951317802901,0.7376951317802901,-0.7376951317802901,0.7376951317802901,-0.7376951317802901,0.7376951317802901,-0.7376951317802901,0.7376951317802901,-0.4820426798824101,-0.3075623426146228,0.6158384251930635,-0.4820426798824101,-0.3075623426146228,0.6158384251930635,-0.4820426798824101,-0.3075623426146228,0.6158384251930635,-0.13085598064755344,-0.2359813632291101,-0.2662958158485814,-0.19611613513818404,-0.19300937626135234,-0.12168146174384352,-0.06715342778730747,-0.03352007615769955,0.5449249778098338,-0.13085598064755344,-0.2359813632291101,-0.2662958158485814,-0.19611613513818404,-0.19300937626135234,-0.12168146174384352,-0.06715342778730747,-0.03352007615769955,0.5449249778098338,4.612483062299524,-0.5118980953829163,-1.175735064194511,-0.40583972495671383,-0.16278112867447064
0,1.2091316283199767,0.8273772438659699,-0.47454519624983954,-0.4736736092984604,-0.4989475622371262,0.5446511676720712,0.96425644365423,-0.1524576244513169,-0.6244040257055189,1.2091316283199767,0.8273772438659699,-0.47454519624983954,-0.4736736092984604,-0.4989475622371262,0.5446511676720712,0.96425644365423,-0.1524576244513169,-0.6244040257055189,1.2998157755182982,1.6991613097288105,-0.3760014818308347,-0.3895323082701867,-0.32790061605166,1.4249165842770875,1.8283196264227561,0.5432872316598196,-0.1701472964685267,0.8635041745453002,-0.4030649954631285,-0.4194008220350217,-0.571347415835755,0.7925352191037062,1.3577269342345568,0.3560796814594294,-0.3576753639798948,-0.2328872501475753,-0.28708333828187355,-0.32078666523533045,-0.39610534423349997,-0.38113017778990566,-0.3694246287326534,-0.2751579580367754,-0.2900883232983121,-0.2955781683826058,-0.3888554871521795,-0.41265547100857053,-0.2943754514063852,-0.3658086479243954,-0.19836401418550262,-0.33212765423625973,-0.41485036472765574,-0.41141638583294937,-0.4123594838653976,0.5449215208897721,1.1227307914744915,0.2690969755635181,-0.337529114616601,0.9989187709831968,0.3979510692708079,-0.22342026433344614,-0.45345512765364804,-0.4590224637410178,-0.4271559153457235,-0.7376951317802901,0.7376951317802901,-0.4820426798824101,-0.3075623426146228,0.6158384251930635,-0.13085598064755344,-0.2359813632291101,-0.2662958158485814,-0.19611613513818404,-0.19300937626135234,-0.12168146174384352,-0.06715342778730747,-0.03352007615769955,0.5449249778098338,-0.21680296415038888,-0.5118980953829163,0.8505317485662419,-0.40583972495671383,-0.16278112867447064,0.8119223343984152,-0.1699069165076462,-0.2081478487327801,-0.6981970580620328,-0.7376951317802901,0.7376951317802901,-0.7376951317802901,0.7376951317802901,-0.7376951317802901,0.7376951317802901,-0.7376951317802901,0.7376951317802901,-0.4820426798824101,-0.3075623426146228,0.6158384251930635,-0.4820426798824101,-0.3075623426146228,0.6158384251930635,-0.4820426798824101,-0.3075623426146228,0.6158384251930635,-0.13085598064755344,-0.2359813632291101,-0.2662958158485814,-0.19611613513818404,-0.19300937626135234,-0.12168146174384352,-0.06715342778730747,-0.03352007615769955,0.5449249778098338,-0.13085598064755344,-0.2359813632291101,-0.2662958158485814,-0.19611613513818404,-0.19300937626135234,-0.12168146174384352,-0.06715342778730747,-0.03352007615769955,0.5449249778098338,-0.21680296415038888,-0.5118980953829163,0.8505317485662419,-0.40583972495671383,-0.16278112867447064
0,1.213019511369237,-0.3693648410115938,-0.47454519624983954,-0.4736736092984604,-0.4184255050095806,0.5446511676720712,0.96425644365423,-1.1867703913507321,-0.6244040257055189,1.213019511369237,-0.3693648410115938,-0.47454519624983954,-0.4736736092984604,-0.4184255050095806,0.5446511676720712,0.96425644365423,-1.1867703913507321,-0.6244040257055189,1.306209841187555,0.6719631141813793,-0.3760014818308347,-0.3895323082701867,-0.21766032287800768,1.428398778344333,1.8322740164645033,-0.6646089640970761,-0.16923309424121144,-0.5892568139740777,-0.4030649954631285,-0.4194008220350217,-0.5519984782641223,-0.04105904351514409,0.42799519961826915,-1.0666422745062731,-0.5523538913507477,-0.2328872501475753,-0.28708333828187355,-0.32078666523533045,-0.39610534423349997,-0.38113017778990566,-0.3694246287326534,-0.2751579580367754,-0.2900883232983121,-0.2955781683826058,-0.3888554871521795,-0.41265547100857053,-0.2943754514063852,-0.3658086479243954,-0.19419890825053282,-0.1780099358820242,-0.2529143281832968,-0.4663616232859915,-0.3957581554365035,0.5449215208897721,1.1227307914744915,-0.7634324030510985,-0.337529114616601,0.9989187709831968,-0.7152983355245868,-0.22342026433344614,-1.0134650870965427,-0.7566855024551713,-0.4271559153457235,-0.7376951317802901,0.7376951317802901,-0.4820426798824101,-0.3075623426146228,0.6158384251930635,-0.13085598064755344,-0.2359813632291101,-0.2662958158485814,-0.19611613513818404,-0.19300937626135234,-0.12168146174384352,-0.06715342778730747,-0.03352007615769955,0.5449249778098338,-0.21680296415038888,-0.5118980953829163,0.8505317485662419,-0.40583972495671383,-0.16278112867447064,0.8119223343984152,-0.1699069165076462,-0.2081478487327801,-0.6981970580620328,-0.7376951317802901,0.7376951317802901,-0.7376951317802901,0.7376951317802901,-0.7376951317802901,0.7376951317802901,-0.7376951317802901,0.7376951317802901,-0.4820426798824101,-0.3075623426146228,0.6158384251930635,-0.4820426798824101,-0.3075623426146228,0.6158384251930635,-0.4820426798824101,-0.3075623426146228,0.6158384251930635,-0.13085598064755344,-0.2359813632291101,-0.2662958158485814,-0.19611613513818404,-0.19300937626135234,-0.12168146174384352,-0.06715342778730747,-0.03352007615769955,0.5449249778098338,-0.13085598064755344,-0.2359813632291101,-0.2662958158485814,-0.19611613513818404,-0.19300937626135234,-0.12168146174384352,-0.06715342778730747,-0.03352007615769955,0.5449249778098338,-0.21680296415038888,-0.5118980953829163,0.8505317485662419,-0.40583972495671383,-0.16278112867447064
0,1.2169073944184976,0.8273772438659699,-0.47454519624983954,-0.4736736092984604,-0.4788170479302398,0.5446511676720712,0.96425644365423,0.5370842201482933,-0.6244040257055189,1.2169073944184976,0.8273772438659699,-0.47454519624983954,-0.4736736092984604,-0.4788170479302398,0.5446511676720712,0.96425644365423,0.5370842201482933,-0.6244040257055189,1.3126123478675962,1.707324474196737,-0.3760014818308347,-0.3895323082701867,-0.2998598965310173,1.4318809724115786,1.8362284065062506,1.3552914584109312,-0.16831889201389622,0.8635041745453002,-0.4030649954631285,-0.4194008220350217,-0.5133006031208568,0.7925352191037062,1.3577269342345568,1.209712855038851,-0.3576753639798948,-0.2328872501475753,-0.28708333828187355,-0.32078666523533045,-0.39610534423349997,-0.38113017778990566,-0.3694246287326534,-0.2751579580367754,-0.2900883232983121,-0.2955781683826058,-0.3888554871521795,-0.41265547100857053,-0.2943754514063852,-0.3658086479243954,-0.1974962837823839,-0.29359822464770086,-0.374366355591566,-0.3467749300058409,-0.40820915175817407,0.5449215208897721,1.1227307914744915,0.9574498946399291,-0.337529114616601,0.9989187709831968,1.1401173391344044,-0.22342026433344614,0.29322481827021163,-0.26058043793158214,-0.4271559153457235,-0.7376951317802901,0.7376951317802901,-0.4820426798824101,-0.3075623426146228,0.6158384251930635,-0.13085598064755344,-0.2359813632291101,-0.2662958158485814,-0.19611613513818404,-0.19300937626135234,-0.12168146174384352,-0.06715342778730747,-0.03352007615769955,0.5449249778098338,-0.21680296415038888,-0.5118980953829163,0.8505317485662419,-0.40583972495671383,-0.16278112867447064,0.8119223343984152,-0.1699069165076462,-0.2081478487327801,-0.6981970580620328,-0.7376951317802901,0.7376951317802901,-0.7376951317802901,0.7376951317802901,-0.7376951317802901,0.7376951317802901,-0.7376951317802901,0.7376951317802901,-0.4820426798824101,-0.3075623426146228,0.6158384251930635,-0.4820426798824101,-0.3075623426146228,0.6158384251930635,-0.4820426798824101,-0.3075623426146228,0.6158384251930635,-0.13085598064755344,-0.2359813632291101,-0.2662958158485814,-0.19611613513818404,-0.19300937626135234,-0.12168146174384352,-0.06715342778730747,-0.03352007615769955,0.5449249778098338,-0.13085598064755344,-0.2359813632291101,-0.2662958158485814,-0.19611613513818404,-0.19300937626135234,-0.12168146174384352,-0.06715342778730747,-0.03352007615769955,0.5449249778098338,-0.21680296415038888,-0.5118980953829163,0.8505317485662419,-0.40583972495671383,-0.16278112867447064
1,1.220795277467758,-1.5661069258891576,-0.47454519624983954,-0.4736736092984604,1.0913630680069002,-1.8194778495589943,-0.5095104222433947,0.5370842201482933,0.48939774987729867,1.220795277467758,-1.5661069258891576,-0.47454519624983954,-0.4736736092984604,1.0913630680069002,-1.8194778495589943,-0.5095104222433947,0.5370842201482933,0.48939774987729867,1.3190232955584218,-0.3565956087773729,-0.3760014818308347,-0.3895323082701867,1.850823387996623,-1.041458972633788,0.2482710429842779,1.3584841355803328,1.222182695732568,-1.4609134070857044,-0.4030649954631285,-0.4194008220350217,0.6863335263203739,-1.6548120390977903,-0.9942108085507874,-0.4975534921199921,-0.3576753639798948,-0.2328872501475753,-0.28708333828187355,-0.32078666523533045,-0.39610534423349997,-0.38113017778990566,-0.3694246287326534,-0.2751579580367754,-0.2900883232983121,-0.2955781683826058,-0.3888554871521795,-0.41265547100857053,-0.2943754514063852,-0.3658086479243954,0.22665033726204112,-0.3894278315730909,0.939187032332861,1.1658351363484967,0.6293738750477056,-1.83504312030046,-1.1998205817747205,-0.9752333012284558,-0.772417663621493,-0.7538678336953983,-0.03924800141930428,0.04111021931238319,0.29322481827021163,0.9300717169250317,0.08106764742915833,1.3555735383351193,-1.3555735383351195,-0.4820426798824101,-0.3075623426146228,0.6158384251930635,-0.13085598064755344,4.237622777986573,-0.2662958158485814,-0.19611613513818404,-0.19300937626135234,-0.12168146174384352,-0.06715342778730747,-0.03352007615769955,-1.8351149988007645,-0.21680296415038888,-0.5118980953829163,-1.175735064194511,-0.40583972495671383,6.1432182473669785,0.8119223343984152,-0.1699069165076462,-0.2081478487327801,-0.6981970580620328,1.3555735383351193,-1.3555735383351195,1.3555735383351193,-1.3555735383351195,1.3555735383351193,-1.3555735383351195,1.3555735383351193,-1.3555735383351195,-0.4820426798824101,-0.3075623426146228,0.6158384251930635,-0.4820426798824101,-0.3075623426146228,0.6158384251930635,-0.4820426798824101,-0.3075623426146228,0.6158384251930635,-0.13085598064755344,4.237622777986573,-0.2662958158485814,-0.19611613513818404,-0.19300937626135234,-0.12168146174384352,-0.06715342778730747,-0.03352007615769955,-1.8351149988007645,-0.13085598064755344,4.237622777986573,-0.2662958158485814,-0.19611613513818404,-0.19300937626135234,-0.12168146174384352,-0.06715342778730747,-0.03352007615769955,-1.8351149988007645,-0.21680296415038888,-0.5118980953829163,-1.175735064194511,-0.40583972495671383,6.1432182473669785
0,1.2246831605170183,0.8273772438659699,-0.47454519624983954,-0.4736736092984604,-0.35803396208892135,0.5446511676720712,0.96425644365423,0.8818551424480984,-0.0675031379141101,1.2246831605170183,0.8273772438659699,-0.47454519624983954,-0.4736736092984604,-0.35803396208892135,0.5446511676720712,0.96425644365423,0.8818551424480984,-0.0675031379141101,1.325442684260032,1.7154876386646636,-0.3760014818308347,-0.3895323082701867,-0.1336469898769617,1.4388453605460698,1.844137186589745,1.766614700402156,0.529217407427624,0.8635041745453002,-0.4030649954631285,-0.4194008220350217,-0.16501972683146723,0.7925352191037062,1.3577269342345568,1.6365294418285616,0.2263602181326639,-0.2328872501475753,-0.28708333828187355,-0.32078666523533045,-0.39610534423349997,-0.38113017778990566,-0.3694246287326534,-0.2751579580367754,-0.2900883232983121,-0.2955781683826058,-0.3888554871521795,-0.41265547100857053,-0.2943754514063852,-0.3658086479243954,-0.18986025623493927,-0.06242164711634756,-0.13146230077502755,-0.18517129043806982,-0.32520250961370367,0.5449215208897721,1.1227307914744915,1.3016263541781348,0.20090432700850336,0.9989187709831968,1.5112004740662026,0.42033946735152133,0.7785667831207204,0.5331876653061604,-0.23657207930514282,-0.7376951317802901,0.7376951317802901,-0.4820426798824101,-0.3075623426146228,0.6158384251930635,-0.13085598064755344,-0.2359813632291101,-0.2662958158485814,-0.19611613513818404,-0.19300937626135234,-0.12168146174384352,-0.06715342778730747,-0.03352007615769955,0.5449249778098338,-0.21680296415038888,-0.5118980953829163,0.8505317485662419,-0.40583972495671383,-0.16278112867447064,0.8119223343984152,-0.1699069165076462,-0.2081478487327801,-0.6981970580620328,-0.7376951317802901,0.7376951317802901,-0.7376951317802901,0.7376951317802901,-0.7376951317802901,0.7376951317802901,-0.7376951317802901,0.7376951317802901,-0.4820426798824101,-0.3075623426146228,0.6158384251930635,-0.4820426798824101,-0.3075623426146228,0.6158384251930635,-0.4820426798824101,-0.3075623426146228,0.6158384251930635,-0.13085598064755344,-0.2359813632291101,-0.2662958158485814,-0.19611613513818404,-0.19300937626135234,-0.12168146174384352,-0.06715342778730747,-0.03352007615769955,0.5449249778098338,-0.13085598064755344,-0.2359813632291101,-0.2662958158485814,-0.19611613513818404,-0.19300937626135234,-0.12168146174384352,-0.06715342778730747,-0.03352007615769955,0.5449249778098338,-0.21680296415038888,-0.5118980953829163,0.8505317485662419,-0.40583972495671383,-0.16278112867447064
0,1.2285710435662787,0.8273772438659699,-0.47454519624983954,-0.4736736092984604,-0.4989475622371262,0.5446511676720712,0.96425644365423,1.2266260647479035,-0.6244040257055189,1.2285710435662787,0.8273772438659699,-0.47454519624983954,-0.4736736092984604,-0.4989475622371262,0.5446511676720712,0.96425644365423,1.2266260647479035,-0.6244040257055189,1.3318705139724267,1.7195692208986268,-0.3760014818308347,-0.3895323082701867,-0.3266309845080345,1.4423275546133154,1.8480915766314923,2.1758094909471133,-0.16557628533195054,0.8635041745453002,-0.4030649954631285,-0.4194008220350217,-0.571347415835755,0.7925352191037062,1.3577269342345568,2.0633460286182723,-0.3576753639798948,-0.2328872501475753,-0.28708333828187355,-0.32078666523533045,-0.39610534423349997,-0.38113017778990566,-0.3694246287326534,-0.2751579580367754,-0.2900883232983121,-0.2955781683826058,-0.3888554871521795,-0.41265547100857053,-0.2943754514063852,-0.3658086479243954,-0.19836401418550262,-0.33212765423625973,-0.41485036472765574,-0.32091834767499755,-0.4123594838653976,0.5449215208897721,1.1227307914744915,1.64580281371634,-0.337529114616601,0.9989187709831968,1.8822836089980008,-0.22342026433344614,1.3385767425636153,-0.06213841212214652,-0.4271559153457235,-0.7376951317802901,0.7376951317802901,-0.4820426798824101,-0.3075623426146228,0.6158384251930635,-0.13085598064755344,-0.2359813632291101,-0.2662958158485814,-0.19611613513818404,-0.19300937626135234,-0.12168146174384352,-0.06715342778730747,-0.03352007615769955,0.5449249778098338,-0.21680296415038888,-0.5118980953829163,0.8505317485662419,-0.40583972495671383,-0.16278112867447064,0.8119223343984152,-0.1699069165076462,-0.2081478487327801,-0.6981970580620328,-0.7376951317802901,0.7376951317802901,-0.7376951317802901,0.7376951317802901,-0.7376951317802901,0.7376951317802901,-0.7376951317802901,0.7376951317802901,-0.4820426798824101,-0.3075623426146228,0.6158384251930635,-0.4820426798824101,-0.3075623426146228,0.6158384251930635,-0.4820426798824101,-0.3075623426146228,0.6158384251930635,-0.13085598064755344,-0.2359813632291101,-0.2662958158485814,-0.19611613513818404,-0.19300937626135234,-0.12168146174384352,-0.06715342778730747,-0.03352007615769955,0.5449249778098338,-0.13085598064755344,-0.2359813632291101,-0.2662958158485814,-0.19611613513818404,-0.19300937626135234,-0.12168146174384352,-0.06715342778730747,-0.03352007615769955,0.5449249778098338,-0.21680296415038888,-0.5118980953829163,0.8505317485662419,-0.40583972495671383,-0.16278112867447064
1,1.232458926615539,0.8273772438659699,-0.47454519624983954,-0.4736736092984604,-0.4989475622371262,0.5446511676720712,-1.1168810094012038,-0.841999469050927,-0.6244040257055189,1.232458926615539,0.8273772438659699,-0.47454519624983954,-0.4736736092984604,-0.4989475622371262,0.5446511676720712,-1.1168810094012038,-0.841999469050927,-0.6244040257055189,1.3383067846956058,1.7236508031325903,-0.3760014818308347,-0.3895323082701867,-0.32637705819930946,1.445809748680561,-0.4047999634448192,-0.2559462864136859,-0.16466208310463532,0.8635041745453002,-0.4030649954631285,-0.4194008220350217,-0.571347415835755,0.7925352191037062,-0.7285731700889909,-0.4975534921199921,-0.3576753639798948,-0.2328872501475753,-0.28708333828187355,-0.32078666523533045,-0.39610534423349997,-0.38113017778990566,-0.3694246287326534,-0.2751579580367754,-0.2900883232983121,-0.2955781683826058,-0.3888554871521795,-0.41265547100857053,-0.2943754514063852,-0.3658086479243954,-0.19836401418550262,-0.33212765423625973,-0.626822817058193,-0.45666540491192525,-0.4123594838653976,0.5449215208897721,-0.6685250661686233,-0.41925594351289297,-0.337529114616601,-1.1087392780725651,-0.8993508053382716,-0.7049484103449949,-0.9014630952079639,-0.6574644895504534,-0.4271559153457235,-0.7376951317802901,0.7376951317802901,2.0745051044939435,-0.3075623426146228,-1.6238025415294657,-0.13085598064755344,-0.2359813632291101,-0.2662958158485814,-0.19611613513818404,-0.19300937626135234,-0.12168146174384352,-0.06715342778730747,-0.03352007615769955,0.5449249778098338,-0.21680296415038888,-0.5118980953829163,0.8505317485662419,-0.40583972495671383,-0.16278112867447064,0.8119223343984152,-0.1699069165076462,-0.2081478487327801,-0.6981970580620328,-0.7376951317802901,0.7376951317802901,-0.7376951317802901,0.7376951317802901,-0.7376951317802901,0.7376951317802901,-0.7376951317802901,0.7376951317802901,2.0745051044939435,-0.3075623426146228,-1.6238025415294657,2.0745051044939435,-0.3075623426146228,-1.6238025415294657,2.0745051044939435,-0.3075623426146228,-1.6238025415294657,-0.13085598064755344,-0.2359813632291101,-0.2662958158485814,-0.19611613513818404,-0.19300937626135234,-0.12168146174384352,-0.06715342778730747,-0.03352007615769955,0.5449249778098338,-0.13085598064755344,-0.2359813632291101,-0.2662958158485814,-0.19611613513818404,-0.19300937626135234,-0.12168146174384352,-0.06715342778730747,-0.03352007615769955,0.5449249778098338,-0.21680296415038888,-0.5118980953829163,0.8505317485662419,-0.40583972495671383,-0.16278112867447064
1,1.2363468096647994,-1.5661069258891576,0.4327933656785018,2.0089333664952354,1.7758005544410382,-1.8194778495589943,-0.5095104222433947,0.8818551424480984,1.0462986376687076,1.2363468096647994,-1.5661069258891576,0.4327933656785018,2.0089333664952354,1.7758005544410382,-1.8194778495589943,-0.5095104222433947,0.8818551424480984,1.0462986376687076,1.3447514964295695,-0.35115349913208854,0.9480817474419926,3.1147990230796605,2.805586308802983,-1.0405661023601351,0.25571012023777345,1.7777890704950612,1.9316036241291863,-1.4609134070857044,-0.0891393739966534,0.5195090584504164,1.3441974037558875,-1.6548120390977903,-0.9942108085507874,-0.35528129652342183,-0.1629968366090419,-0.07639966350995119,0.7239492878412465,1.1973167405523708,-0.3368577254273058,0.16061446244642888,1.1170924095935137,0.15666192855198174,1.1701867956779368,3.1176649208784606,-0.21561170543679775,1.3576611153209521,2.7007627058882715,1.3229763536333055,0.6318225868249371,-0.30545343375187284,1.5865412843613138,2.2130267207476533,1.5507476028513267,-1.83504312030046,-1.1998205817747205,-0.9531707076683144,-0.7379026994147555,-0.7538678336953983,0.13527424342020916,0.3438736244226488,0.7785667831207204,1.92228184597221,0.52576326485718,1.3555735383351193,-1.3555735383351195,-0.4820426798824101,-0.3075623426146228,0.6158384251930635,-0.13085598064755344,4.237622777986573,-0.2662958158485814,-0.19611613513818404,-0.19300937626135234,-0.12168146174384352,-0.06715342778730747,-0.03352007615769955,-1.8351149988007645,-0.21680296415038888,-0.5118980953829163,-1.175735064194511,2.4640269015229057,-0.16278112867447064,-1.2316448970959013,-0.1699069165076462,-0.2081478487327801,1.4322604033532795,1.3555735383351193,-1.3555735383351195,1.3555735383351193,-1.3555735383351195,1.3555735383351193,-1.3555735383351195,1.3555735383351193,-1.3555735383351195,-0.4820426798824101,-0.3075623426146228,0.6158384251930635,-0.4820426798824101,-0.3075623426146228,0.6158384251930635,-0.4820426798824101,-0.3075623426146228,0.6158384251930635,-0.13085598064755344,4.237622777986573,-0.2662958158485814,-0.19611613513818404,-0.19300937626135234,-0.12168146174384352,-0.06715342778730747,-0.03352007615769955,-1.8351149988007645,-0.13085598064755344,4.237622777986573,-0.2662958158485814,-0.19611613513818404,-0.19300937626135234,-0.12168146174384352,-0.06715342778730747,-0.03352007615769955,-1.8351149988007645,-0.21680296415038888,-0.5118980953829163,-1.175735064194511,2.4640269015229057,-0.16278112867447064
0,1.2402346927140597,0.8273772438659699,-0.47454519624983954,-0.4736736092984604,-0.4989475622371262,0.5446511676720712,0.96425644365423,-1.1867703913507321,-0.6244040257055189,1.2402346927140597,0.8273772438659699,-0.47454519624983954,-0.4736736092984604,-0.4989475622371262,0.5446511676720712,0.96425644365423,-1.1867703913507321,-0.6244040257055189,1.3512046491743177,1.7318139676005169,-0.3760014818308347,-0.3895323082701867,-0.3258692055818592,1.452774136815052,1.8599547467567337,-0.6608841740661078,-0.16283367865000484,0.8635041745453002,-0.4030649954631285,-0.4194008220350217,-0.571347415835755,0.7925352191037062,1.3577269342345568,-0.9243700789097029,-0.3576753639798948,-0.2328872501475753,-0.28708333828187355,-0.32078666523533045,-0.39610534423349997,-0.38113017778990566,-0.3694246287326534,-0.2751579580367754,-0.2900883232983121,-0.2955781683826058,-0.3888554871521795,-0.41265547100857053,-0.2943754514063852,-0.3658086479243954,-0.19836401418550262,-0.33212765423625973,-0.41485036472765574,-0.4792899144514132,-0.4123594838653976,0.5449215208897721,1.1227307914744915,-0.7634324030510985,-0.337529114616601,0.9989187709831968,-0.7152983355245868,-0.22342026433344614,-1.0134650870965427,-0.7566855024551713,-0.4271559153457235,-0.7376951317802901,0.7376951317802901,-0.4820426798824101,-0.3075623426146228,0.6158384251930635,-0.13085598064755344,-0.2359813632291101,-0.2662958158485814,-0.19611613513818404,-0.19300937626135234,-0.12168146174384352,-0.06715342778730747,-0.03352007615769955,0.5449249778098338,-0.21680296415038888,-0.5118980953829163,0.8505317485662419,-0.40583972495671383,-0.16278112867447064,0.8119223343984152,-0.1699069165076462,-0.2081478487327801,-0.6981970580620328,-0.7376951317802901,0.7376951317802901,-0.7376951317802901,0.7376951317802901,-0.7376951317802901,0.7376951317802901,-0.7376951317802901,0.7376951317802901,-0.4820426798824101,-0.3075623426146228,0.6158384251930635,-0.4820426798824101,-0.3075623426146228,0.6158384251930635,-0.4820426798824101,-0.3075623426146228,0.6158384251930635,-0.13085598064755344,-0.2359813632291101,-0.2662958158485814,-0.19611613513818404,-0.19300937626135234,-0.12168146174384352,-0.06715342778730747,-0.03352007615769955,0.5449249778098338,-0.13085598064755344,-0.2359813632291101,-0.2662958158485814,-0.19611613513818404,-0.19300937626135234,-0.12168146174384352,-0.06715342778730747,-0.03352007615769955,0.5449249778098338,-0.21680296415038888,-0.5118980953829163,0.8505317485662419,-0.40583972495671383,-0.16278112867447064
1,1.24412257576332,-1.5661069258891576,0.4327933656785018,-0.4736736092984604,0.9101884392449225,-1.8668102534866975,-0.5095104222433947,1.5713969870477085,0.48939774987729867,1.24412257576332,-1.5661069258891576,0.4327933656785018,-0.4736736092984604,0.9101884392449225,-1.8668102534866975,-0.5095104222433947,1.5713969870477085,0.48939774987729867,1.3576662429298503,-0.3484324443094463,0.9515479339060575,-0.3895323082701867,1.6194602455611,-1.0900997978492377,0.2594296588645212,2.600435554477511,1.2386383358242423,-1.4609134070857044,-0.0891393739966534,-0.4194008220350217,0.5121930881756791,-1.6704316554584984,-0.9942108085507874,-0.07073690533028135,-0.3576753639798948,-0.07639966350995119,-0.28708333828187355,0.6533296868117778,-0.35417626015527026,0.16061446244642888,1.5418115634009901,0.048706956904792466,-0.2900883232983121,-0.2955781683826058,-0.3888554871521795,-0.41265547100857053,-0.2943754514063852,-0.3658086479243954,0.14178630383703136,-0.46724664005175814,0.7678285538547412,1.7379120204184062,0.5173149081526707,-1.8399449636419904,-1.2209241053195545,-0.9670871128370189,-0.8026846322335551,-0.7538678336953983,0.48431873309923607,0.04111021931238319,1.973254696598896,1.823060833067492,0.08106764742915833,1.3555735383351193,-1.3555735383351195,-0.4820426798824101,-0.3075623426146228,0.6158384251930635,-0.13085598064755344,-0.2359813632291101,-0.2662958158485814,5.099019513592785,-0.19300937626135234,-0.12168146174384352,-0.06715342778730747,-0.03352007615769955,-1.8351149988007645,-0.21680296415038888,-0.5118980953829163,-1.175735064194511,2.4640269015229057,-0.16278112867447064,-1.2316448970959013,-0.1699069165076462,-0.2081478487327801,1.4322604033532795,1.3555735383351193,-1.3555735383351195,1.3555735383351193,-1.3555735383351195,1.3555735383351193,-1.3555735383351195,1.3555735383351193,-1.3555735383351195,-0.4820426798824101,-0.3075623426146228,0.6158384251930635,-0.4820426798824101,-0.3075623426146228,0.6158384251930635,-0.4820426798824101,-0.3075623426146228,0.6158384251930635,-0.13085598064755344,-0.2359813632291101,-0.2662958158485814,5.099019513592785,-0.19300937626135234,-0.12168146174384352,-0.06715342778730747,-0.03352007615769955,-1.8351149988007645,-0.13085598064755344,-0.2359813632291101,-0.2662958158485814,5.099019513592785,-0.19300937626135234,-0.12168146174384352,-0.06715342778730747,-0.03352007615769955,-1.8351149988007645,-0.21680296415038888,-0.5118980953829163,-1.175735064194511,2.4640269015229057,-0.16278112867447064
0,1.2480104588125804,-1.5661069258891576,-0.47454519624983954,-0.4736736092984604,0.14522889558323893,0.5446511676720712,-1.1168810094012038,-1.1867703913507321,-0.6244040257055189,1.2480104588125804,-1.5661069258891576,-0.47454519624983954,-0.4736736092984604,0.14522889558323893,0.5446511676720712,-1.1168810094012038,-1.1867703913507321,-0.6244040257055189,1.3641362776961674,-0.3470719168981252,-0.3760014818308347,-0.3895323082701867,0.5649768357996984,1.4597385249495431,-0.4008138367253694,-0.659819948342974,-0.1610052741953744,-1.4609134070857044,-0.4030649954631285,-0.4194008220350217,-0.2230665395463655,-0.8746533061339944,-1.1971699031058678,-1.2089144701028434,-0.7470324187216006,-0.2328872501475753,-0.28708333828187355,-0.32078666523533045,-0.39610534423349997,-0.38113017778990566,-0.3694246287326534,-0.2751579580367754,-0.2900883232983121,-0.2955781683826058,-0.3888554871521795,-0.41265547100857053,-0.2943754514063852,-0.3658086479243954,-0.11321073729278662,0.9008140925976245,-0.3003514496429204,-0.3758635851280397,-0.279548856434245,0.5449215208897721,-0.6685250661686233,-0.7634324030510985,-0.337529114616601,-1.1087392780725651,-0.9928661378973284,-0.7049484103449949,-1.0134650870965427,-0.7566855024551713,-0.4271559153457235,-0.7376951317802901,0.7376951317802901,2.0745051044939435,-0.3075623426146228,-1.6238025415294657,-0.13085598064755344,-0.2359813632291101,-0.2662958158485814,-0.19611613513818404,-0.19300937626135234,-0.12168146174384352,-0.06715342778730747,-0.03352007615769955,0.5449249778098338,-0.21680296415038888,-0.5118980953829163,-1.175735064194511,-0.40583972495671383,6.1432182473669785,0.8119223343984152,-0.1699069165076462,-0.2081478487327801,-0.6981970580620328,-0.7376951317802901,0.7376951317802901,-0.7376951317802901,0.7376951317802901,-0.7376951317802901,0.7376951317802901,-0.7376951317802901,0.7376951317802901,2.0745051044939435,-0.3075623426146228,-1.6238025415294657,2.0745051044939435,-0.3075623426146228,-1.6238025415294657,2.0745051044939435,-0.3075623426146228,-1.6238025415294657,-0.13085598064755344,-0.2359813632291101,-0.2662958158485814,-0.19611613513818404,-0.19300937626135234,-0.12168146174384352,-0.06715342778730747,-0.03352007615769955,0.5449249778098338,-0.13085598064755344,-0.2359813632291101,-0.2662958158485814,-0.19611613513818404,-0.19300937626135234,-0.12168146174384352,-0.06715342778730747,-0.03352007615769955,0.5449249778098338,-0.21680296415038888,-0.5118980953829163,-1.175735064194511,-0.40583972495671383,6.1432182473669785
0,1.2518983418618408,0.8273772438659699,-0.47454519624983954,-0.4736736092984604,-0.4989475622371262,0.5446511676720712,-1.5500791487711116,0.19231329784848822,-0.6244040257055189,1.2518983418618408,0.8273772438659699,-0.47454519624983954,-0.4736736092984604,-0.4989475622371262,0.5446511676720712,-1.5500791487711116,0.19231329784848822,-0.6244040257055189,1.370614753473269,1.7440587143024067,-0.3760014818308347,-0.3895323082701867,-0.32510742665568393,1.4632207190167887,-0.8726684134724721,0.9753628752521543,-0.16009107196805916,0.8635041745453002,-0.4030649954631285,-0.4194008220350217,-0.571347415835755,0.7925352191037062,-1.1628459385855234,0.7828962682491402,-0.3576753639798948,-0.2328872501475753,-0.28708333828187355,-0.32078666523533045,-0.39610534423349997,-0.38113017778990566,-0.3694246287326534,-0.2751579580367754,-0.2900883232983121,-0.2955781683826058,-0.3888554871521795,-0.41265547100857053,-0.2943754514063852,-0.3658086479243954,-0.19836401418550262,-0.33212765423625973,-0.6709458382514594,-0.3887918762934614,-0.4123594838653976,0.5449215208897721,-1.0413830451200872,0.6132734351017236,-0.337529114616601,-1.2307930204368625,-0.9076897521906716,-0.8051806639139224,-0.1174491519879112,-0.3598014508363,-0.4271559153457235,1.3555735383351193,-1.3555735383351195,-0.4820426798824101,3.2513733362117265,-1.6238025415294657,-0.13085598064755344,-0.2359813632291101,-0.2662958158485814,-0.19611613513818404,-0.19300937626135234,-0.12168146174384352,-0.06715342778730747,-0.03352007615769955,0.5449249778098338,-0.21680296415038888,1.9535138126504805,-1.175735064194511,-0.40583972495671383,-0.16278112867447064,0.8119223343984152,-0.1699069165076462,-0.2081478487327801,-0.6981970580620328,1.3555735383351193,-1.3555735383351195,1.3555735383351193,-1.3555735383351195,1.3555735383351193,-1.3555735383351195,1.3555735383351193,-1.3555735383351195,-0.4820426798824101,3.2513733362117265,-1.6238025415294657,-0.4820426798824101,3.2513733362117265,-1.6238025415294657,-0.4820426798824101,3.2513733362117265,-1.6238025415294657,-0.13085598064755344,-0.2359813632291101,-0.2662958158485814,-0.19611613513818404,-0.19300937626135234,-0.12168146174384352,-0.06715342778730747,-0.03352007615769955,0.5449249778098338,-0.13085598064755344,-0.2359813632291101,-0.2662958158485814,-0.19611613513818404,-0.19300937626135234,-0.12168146174384352,-0.06715342778730747,-0.03352007615769955,0.5449249778098338,-0.21680296415038888,1.9535138126504805,-1.175735064194511,-0.40583972495671383,-0.16278112867447064
0,1.2557862249111011,0.8273772438659699,0.4327933656785018,-0.4736736092984604,-0.15672881902005725,0.5446511676720712,-1.5366812681720423,0.19231329784848822,0.48939774987729867,1.2557862249111011,0.8273772438659699,0.4327933656785018,-0.4736736092984604,-0.15672881902005725,0.5446511676720712,-1.5366812681720423,0.19231329784848822,0.48939774987729867,1.3771016702611554,1.7481402965363702,0.9567472136021551,-0.3895323082701867,0.14937201879063797,1.4667029130840343,-0.8576442702480489,0.9780234395599888,1.2468661558700793,0.8635041745453002,0.5387118689362969,-0.4194008220350217,0.41544840031751534,0.7925352191037062,-1.1494148220340843,0.7828962682491402,0.8103958002452226,-0.07639966350995119,-0.28708333828187355,-0.017165984077790217,0.5281575091431288,-0.26464583535001124,0.6923732557860374,0.048706956904792466,-0.2900883232983121,-0.2955781683826058,-0.3888554871521795,-0.41265547100857053,-0.2943754514063852,-0.3658086479243954,-0.1678777526892653,0.32287264876924127,-0.5999851031365155,-0.11406568902825052,-0.14258789689586887,0.5449215208897721,-1.0298513550494233,0.6132734351017236,0.7393377686336078,-1.2286533543751765,-0.8987551662773859,-0.6718820998892662,-0.1174491519879112,0.6324086782108782,0.08106764742915833,-0.7376951317802901,0.7376951317802901,-0.4820426798824101,3.2513733362117265,-1.6238025415294657,-0.13085598064755344,-0.2359813632291101,-0.2662958158485814,-0.19611613513818404,-0.19300937626135234,-0.12168146174384352,-0.06715342778730747,-0.03352007615769955,0.5449249778098338,-0.21680296415038888,-0.5118980953829163,0.8505317485662419,-0.40583972495671383,-0.16278112867447064,-1.2316448970959013,-0.1699069165076462,-0.2081478487327801,1.4322604033532795,-0.7376951317802901,0.7376951317802901,-0.7376951317802901,0.7376951317802901,-0.7376951317802901,0.7376951317802901,-0.7376951317802901,0.7376951317802901,-0.4820426798824101,3.2513733362117265,-1.6238025415294657,-0.4820426798824101,3.2513733362117265,-1.6238025415294657,-0.4820426798824101,3.2513733362117265,-1.6238025415294657,-0.13085598064755344,-0.2359813632291101,-0.2662958158485814,-0.19611613513818404,-0.19300937626135234,-0.12168146174384352,-0.06715342778730747,-0.03352007615769955,0.5449249778098338,-0.13085598064755344,-0.2359813632291101,-0.2662958158485814,-0.19611613513818404,-0.19300937626135234,-0.12168146174384352,-0.06715342778730747,-0.03352007615769955,0.5449249778098338,-0.21680296415038888,-0.5118980953829163,0.8505317485662419,-0.40583972495671383,-0.16278112867447064
0,1.2596741079603617,0.8273772438659699,-0.47454519624983954,-0.4736736092984604,-0.4788170479302398,0.5446511676720712,0.96425644365423,0.5370842201482933,-0.6244040257055189,1.2596741079603617,0.8273772438659699,-0.47454519624983954,-0.4736736092984604,-0.4788170479302398,0.5446511676720712,0.96425644365423,0.5370842201482933,-0.6244040257055189,1.383597028059826,1.7522218787703334,-0.3760014818308347,-0.3895323082701867,-0.2966676800784732,1.47018510715128,1.8797266969654698,1.3904109072743476,-0.15826266751342868,0.8635041745453002,-0.4030649954631285,-0.4194008220350217,-0.5133006031208568,0.7925352191037062,1.3577269342345568,1.209712855038851,-0.3576753639798948,-0.2328872501475753,-0.28708333828187355,-0.32078666523533045,-0.39610534423349997,-0.38113017778990566,-0.3694246287326534,-0.2751579580367754,-0.2900883232983121,-0.2955781683826058,-0.3888554871521795,-0.41265547100857053,-0.2943754514063852,-0.3658086479243954,-0.1974962837823839,-0.29359822464770086,-0.374366355591566,-0.3467749300058409,-0.40820915175817407,0.5449215208897721,1.1227307914744915,0.9574498946399291,-0.337529114616601,0.9989187709831968,1.1401173391344044,-0.22342026433344614,0.29322481827021163,-0.26058043793158214,-0.4271559153457235,-0.7376951317802901,0.7376951317802901,-0.4820426798824101,-0.3075623426146228,0.6158384251930635,-0.13085598064755344,-0.2359813632291101,-0.2662958158485814,-0.19611613513818404,-0.19300937626135234,-0.12168146174384352,-0.06715342778730747,-0.03352007615769955,0.5449249778098338,-0.21680296415038888,-0.5118980953829163,0.8505317485662419,-0.40583972495671383,-0.16278112867447064,0.8119223343984152,-0.1699069165076462,-0.2081478487327801,-0.6981970580620328,-0.7376951317802901,0.7376951317802901,-0.7376951317802901,0.7376951317802901,-0.7376951317802901,0.7376951317802901,-0.7376951317802901,0.7376951317802901,-0.4820426798824101,-0.3075623426146228,0.6158384251930635,-0.4820426798824101,-0.3075623426146228,0.6158384251930635,-0.4820426798824101,-0.3075623426146228,0.6158384251930635,-0.13085598064755344,-0.2359813632291101,-0.2662958158485814,-0.19611613513818404,-0.19300937626135234,-0.12168146174384352,-0.06715342778730747,-0.03352007615769955,0.5449249778098338,-0.13085598064755344,-0.2359813632291101,-0.2662958158485814,-0.19611613513818404,-0.19300937626135234,-0.12168146174384352,-0.06715342778730747,-0.03352007615769955,0.5449249778098338,-0.21680296415038888,-0.5118980953829163,0.8505317485662419,-0.40583972495671383,-0.16278112867447064
0,1.263561991009622,0.8273772438659699,-0.47454519624983954,-0.4736736092984604,-0.45868653362335343,0.5446511676720712,0.96425644365423,-0.497228546751122,-0.6244040257055189,1.263561991009622,0.8273772438659699,-0.47454519624983954,-0.4736736092984604,-0.45868653362335343,0.5446511676720712,0.96425644365423,-0.497228546751122,-0.6244040257055189,1.3901008268692812,1.7563034610042967,-0.3760014818308347,-0.3895323082701867,-0.2684093094360661,1.4736673012185253,1.883681087007217,0.16282653563947583,-0.15734846528611346,0.8635041745453002,-0.4030649954631285,-0.4194008220350217,-0.4552537904059585,0.7925352191037062,1.3577269342345568,-0.07073690533028135,-0.3576753639798948,-0.2328872501475753,-0.28708333828187355,-0.32078666523533045,-0.39610534423349997,-0.38113017778990566,-0.3694246287326534,-0.2751579580367754,-0.2900883232983121,-0.2955781683826058,-0.3888554871521795,-0.41265547100857053,-0.2943754514063852,-0.3658086479243954,-0.1965128559921827,-0.255068795059142,-0.33388234645547626,-0.41464845862430477,-0.40405881965095053,0.5449215208897721,1.1227307914744915,-0.07507948397468743,-0.337529114616601,0.9989187709831968,0.026867934339009688,-0.22342026433344614,-0.714793108726999,-0.5582434766457356,-0.4271559153457235,-0.7376951317802901,0.7376951317802901,-0.4820426798824101,-0.3075623426146228,0.6158384251930635,-0.13085598064755344,-0.2359813632291101,-0.2662958158485814,-0.19611613513818404,-0.19300937626135234,-0.12168146174384352,-0.06715342778730747,-0.03352007615769955,0.5449249778098338,-0.21680296415038888,-0.5118980953829163,0.8505317485662419,-0.40583972495671383,-0.16278112867447064,0.8119223343984152,-0.1699069165076462,-0.2081478487327801,-0.6981970580620328,-0.7376951317802901,0.7376951317802901,-0.7376951317802901,0.7376951317802901,-0.7376951317802901,0.7376951317802901,-0.7376951317802901,0.7376951317802901,-0.4820426798824101,-0.3075623426146228,0.6158384251930635,-0.4820426798824101,-0.3075623426146228,0.6158384251930635,-0.4820426798824101,-0.3075623426146228,0.6158384251930635,-0.13085598064755344,-0.2359813632291101,-0.2662958158485814,-0.19611613513818404,-0.19300937626135234,-0.12168146174384352,-0.06715342778730747,-0.03352007615769955,0.5449249778098338,-0.13085598064755344,-0.2359813632291101,-0.2662958158485814,-0.19611613513818404,-0.19300937626135234,-0.12168146174384352,-0.06715342778730747,-0.03352007615769955,0.5449249778098338,-0.21680296415038888,-0.5118980953829163,0.8505317485662419,-0.40583972495671383,-0.16278112867447064
0,1.2674498740588824,0.8273772438659699,-0.47454519624983954,-0.4736736092984604,-0.4989475622371262,0.5446511676720712,0.96425644365423,1.5713969870477085,-0.6244040257055189,1.2674498740588824,0.8273772438659699,-0.47454519624983954,-0.4736736092984604,-0.4989475622371262,0.5446511676720712,0.96425644365423,1.5713969870477085,-0.6244040257055189,1.396613066689521,1.76038504323826,-0.3760014818308347,-0.3895323082701867,-0.3240917214207836,1.4771494952857709,1.887635477048964,2.6291696490021246,-0.15643426305879823,0.8635041745453002,-0.4030649954631285,-0.4194008220350217,-0.571347415835755,0.7925352191037062,1.3577269342345568,2.490162615407983,-0.3576753639798948,-0.2328872501475753,-0.28708333828187355,-0.32078666523533045,-0.39610534423349997,-0.38113017778990566,-0.3694246287326534,-0.2751579580367754,-0.2900883232983121,-0.2955781683826058,-0.3888554871521795,-0.41265547100857053,-0.2943754514063852,-0.3658086479243954,-0.19836401418550262,-0.33212765423625973,-0.41485036472765574,-0.2982938381355096,-0.4123594838653976,0.5449215208897721,1.1227307914744915,1.9899792732545456,-0.337529114616601,0.9989187709831968,2.2533667439297993,-0.22342026433344614,1.973254696598896,0.0370826007825713,-0.4271559153457235,-0.7376951317802901,0.7376951317802901,-0.4820426798824101,-0.3075623426146228,0.6158384251930635,-0.13085598064755344,-0.2359813632291101,-0.2662958158485814,-0.19611613513818404,-0.19300937626135234,-0.12168146174384352,-0.06715342778730747,-0.03352007615769955,0.5449249778098338,-0.21680296415038888,-0.5118980953829163,0.8505317485662419,-0.40583972495671383,-0.16278112867447064,0.8119223343984152,-0.1699069165076462,-0.2081478487327801,-0.6981970580620328,-0.7376951317802901,0.7376951317802901,-0.7376951317802901,0.7376951317802901,-0.7376951317802901,0.7376951317802901,-0.7376951317802901,0.7376951317802901,-0.4820426798824101,-0.3075623426146228,0.6158384251930635,-0.4820426798824101,-0.3075623426146228,0.6158384251930635,-0.4820426798824101,-0.3075623426146228,0.6158384251930635,-0.13085598064755344,-0.2359813632291101,-0.2662958158485814,-0.19611613513818404,-0.19300937626135234,-0.12168146174384352,-0.06715342778730747,-0.03352007615769955,0.5449249778098338,-0.13085598064755344,-0.2359813632291101,-0.2662958158485814,-0.19611613513818404,-0.19300937626135234,-0.12168146174384352,-0.06715342778730747,-0.03352007615769955,0.5449249778098338,-0.21680296415038888,-0.5118980953829163,0.8505317485662419,-0.40583972495671383,-0.16278112867447064
0,1.2713377571081428,-0.3693648410115938,-0.47454519624983954,-0.4736736092984604,-0.438556019316467,-1.8792661492571456,-0.5095104222433947,1.5713969870477085,-0.0675031379141101,1.2713377571081428,-0.3693648410115938,-0.47454519624983954,-0.4736736092984604,-0.438556019316467,-1.8792661492571456,-0.5095104222433947,1.5713969870477085,-0.0675031379141101,1.403133747520545,0.7127789365210124,-0.3760014818308347,-0.3895323082701867,-0.2397156365501303,-1.1022668723859743,0.2724480440581384,2.6339586647562268,0.5511582608831895,-0.5892568139740777,-0.4030649954631285,-0.4194008220350217,-0.5906963534073878,-1.6408365928803144,-0.5569533474872684,1.209712855038851,-0.1629968366090419,-0.2328872501475753,-0.28708333828187355,-0.32078666523533045,-0.39610534423349997,-0.38113017778990566,-0.3694246287326534,-0.2751579580367754,-0.2900883232983121,-0.2955781683826058,-0.3888554871521795,-0.41265547100857053,-0.2943754514063852,-0.3658086479243954,-0.19541373081489902,-0.5862547006744074,-0.5078401192601508,-0.2110278727689132,-0.35840516647149184,-1.8409560124108695,-1.2264776641471424,-0.9823612160709629,-0.8324206013962827,-0.7538678336953983,0.48431873309923607,-0.26165318579788244,1.973254696598896,0.9300717169250317,-0.23657207930514282,1.3555735383351193,-1.3555735383351195,-0.4820426798824101,-0.3075623426146228,0.6158384251930635,-0.13085598064755344,-0.2359813632291101,-0.2662958158485814,-0.19611613513818404,5.181095444015676,-0.12168146174384352,-0.06715342778730747,-0.03352007615769955,-1.8351149988007645,-0.21680296415038888,-0.5118980953829163,-1.175735064194511,2.4640269015229057,-0.16278112867447064,0.8119223343984152,-0.1699069165076462,-0.2081478487327801,-0.6981970580620328,1.3555735383351193,-1.3555735383351195,1.3555735383351193,-1.3555735383351195,1.3555735383351193,-1.3555735383351195,1.3555735383351193,-1.3555735383351195,-0.4820426798824101,-0.3075623426146228,0.6158384251930635,-0.4820426798824101,-0.3075623426146228,0.6158384251930635,-0.4820426798824101,-0.3075623426146228,0.6158384251930635,-0.13085598064755344,-0.2359813632291101,-0.2662958158485814,-0.19611613513818404,5.181095444015676,-0.12168146174384352,-0.06715342778730747,-0.03352007615769955,-1.8351149988007645,-0.13085598064755344,-0.2359813632291101,-0.2662958158485814,-0.19611613513818404,5.181095444015676,-0.12168146174384352,-0.06715342778730747,-0.03352007615769955,-1.8351149988007645,-0.21680296415038888,-0.5118980953829163,-1.175735064194511,2.4640269015229057,-0.16278112867447064
0,1.2752256401574031,0.8273772438659699,-0.47454519624983954,-0.4736736092984604,-0.4989475622371262,0.5446511676720712,-1.1168810094012038,0.19231329784848822,-0.6244040257055189,1.2752256401574031,0.8273772438659699,-0.47454519624983954,-0.4736736092984604,-0.4989475622371262,0.5446511676720712,-1.1168810094012038,0.19231329784848822,-0.6244040257055189,1.4096628693623536,1.7685482077061865,-0.3760014818308347,-0.3895323082701867,-0.3235838688033334,1.484113883420262,-0.3938381149663322,0.9913262610991617,-0.15460585860416778,0.8635041745453002,-0.4030649954631285,-0.4194008220350217,-0.571347415835755,0.7925352191037062,-0.7285731700889909,0.7828962682491402,-0.3576753639798948,-0.2328872501475753,-0.28708333828187355,-0.32078666523533045,-0.39610534423349997,-0.38113017778990566,-0.3694246287326534,-0.2751579580367754,-0.2900883232983121,-0.2955781683826058,-0.3888554871521795,-0.41265547100857053,-0.2943754514063852,-0.3658086479243954,-0.19836401418550262,-0.33212765423625973,-0.626822817058193,-0.3887918762934614,-0.4123594838653976,0.5449215208897721,-0.6685250661686233,0.6132734351017236,-0.337529114616601,-1.1087392780725651,-0.6188048076611016,-0.7049484103449949,-0.1174491519879112,-0.3598014508363,-0.4271559153457235,-0.7376951317802901,0.7376951317802901,2.0745051044939435,-0.3075623426146228,-1.6238025415294657,-0.13085598064755344,-0.2359813632291101,-0.2662958158485814,-0.19611613513818404,-0.19300937626135234,-0.12168146174384352,-0.06715342778730747,-0.03352007615769955,0.5449249778098338,-0.21680296415038888,-0.5118980953829163,0.8505317485662419,-0.40583972495671383,-0.16278112867447064,0.8119223343984152,-0.1699069165076462,-0.2081478487327801,-0.6981970580620328,-0.7376951317802901,0.7376951317802901,-0.7376951317802901,0.7376951317802901,-0.7376951317802901,0.7376951317802901,-0.7376951317802901,0.7376951317802901,2.0745051044939435,-0.3075623426146228,-1.6238025415294657,2.0745051044939435,-0.3075623426146228,-1.6238025415294657,2.0745051044939435,-0.3075623426146228,-1.6238025415294657,-0.13085598064755344,-0.2359813632291101,-0.2662958158485814,-0.19611613513818404,-0.19300937626135234,-0.12168146174384352,-0.06715342778730747,-0.03352007615769955,0.5449249778098338,-0.13085598064755344,-0.2359813632291101,-0.2662958158485814,-0.19611613513818404,-0.19300937626135234,-0.12168146174384352,-0.06715342778730747,-0.03352007615769955,0.5449249778098338,-0.21680296415038888,-0.5118980953829163,0.8505317485662419,-0.40583972495671383,-0.16278112867447064
1,1.2791135232066635,-0.3693648410115938,0.4327933656785018,3.250236854392083,-0.17685933332694367,0.5446511676720712,-0.5095104222433947,1.5713969870477085,-0.0675031379141101,1.2791135232066635,-0.3693648410115938,0.4327933656785018,3.250236854392083,-0.17685933332694367,0.5446511676720712,-0.5095104222433947,1.5713969870477085,-0.0675031379141101,1.4162004322149468,0.7182210461662968,0.96714577299435,4.942647237141066,0.12648237581841862,1.4875960774875077,0.27616758268488617,2.643536696264431,0.5548150697924505,-0.5892568139740777,0.2247862474698217,2.3973288194212925,-0.08762397654493621,-0.04105904351514409,-0.5569533474872684,1.209712855038851,-0.1629968366090419,-0.07639966350995119,1.2294656009028064,-0.029816845792687726,0.5281575091431288,0.16061446244642888,1.5418115634009901,-0.05924801474239681,2.995530694398248,0.6857292197799507,3.665049004987753,2.2428194084857136,5.481962423376167,0.9007801032438802,-0.17059664128570393,0.2843432191806824,-0.26032231701397773,0.1671246438196712,-0.25049653168368036,0.5449215208897721,-0.14575511629852972,1.9899792732545456,0.20090432700850336,-0.7538678336953983,0.48431873309923607,-0.26165318579788244,1.973254696598896,0.9300717169250317,-0.23657207930514282,1.3555735383351193,-1.3555735383351195,-0.4820426798824101,-0.3075623426146228,0.6158384251930635,-0.13085598064755344,-0.2359813632291101,-0.2662958158485814,-0.19611613513818404,-0.19300937626135234,-0.12168146174384352,-0.06715342778730747,-0.03352007615769955,0.5449249778098338,-0.21680296415038888,-0.5118980953829163,-1.175735064194511,2.4640269015229057,-0.16278112867447064,-1.2316448970959013,-0.1699069165076462,4.804277373453898,-0.6981970580620328,1.3555735383351193,-1.3555735383351195,1.3555735383351193,-1.3555735383351195,1.3555735383351193,-1.3555735383351195,1.3555735383351193,-1.3555735383351195,-0.4820426798824101,-0.3075623426146228,0.6158384251930635,-0.4820426798824101,-0.3075623426146228,0.6158384251930635,-0.4820426798824101,-0.3075623426146228,0.6158384251930635,-0.13085598064755344,-0.2359813632291101,-0.2662958158485814,-0.19611613513818404,-0.19300937626135234,-0.12168146174384352,-0.06715342778730747,-0.03352007615769955,0.5449249778098338,-0.13085598064755344,-0.2359813632291101,-0.2662958158485814,-0.19611613513818404,-0.19300937626135234,-0.12168146174384352,-0.06715342778730747,-0.03352007615769955,0.5449249778098338,-0.21680296415038888,-0.5118980953829163,-1.175735064194511,2.4640269015229057,-0.16278112867447064
0,1.2830014062559238,0.8273772438659699,-0.47454519624983954,-0.4736736092984604,-0.4989475622371262,0.5446511676720712,0.96425644365423,-1.1867703913507321,-0.6244040257055189,1.2830014062559238,0.8273772438659699,-0.47454519624983954,-0.4736736092984604,-0.4989475622371262,0.5446511676720712,0.96425644365423,-1.1867703913507321,-0.6244040257055189,1.4227464360783244,1.7767113721741132,-0.3760014818308347,-0.3895323082701867,-0.32307601618588316,1.4910782715547533,1.903453037215953,-0.6550309325888717,-0.1527774541495373,0.8635041745453002,-0.4030649954631285,-0.4194008220350217,-0.571347415835755,0.7925352191037062,1.3577269342345568,-0.9243700789097029,-0.3576753639798948,-0.2328872501475753,-0.28708333828187355,-0.32078666523533045,-0.39610534423349997,-0.38113017778990566,-0.3694246287326534,-0.2751579580367754,-0.2900883232983121,-0.2955781683826058,-0.3888554871521795,-0.41265547100857053,-0.2943754514063852,-0.3658086479243954,-0.19836401418550262,-0.33212765423625973,-0.41485036472765574,-0.4792899144514132,-0.4123594838653976,0.5449215208897721,1.1227307914744915,-0.7634324030510985,-0.337529114616601,0.9989187709831968,-0.7152983355245868,-0.22342026433344614,-1.0134650870965427,-0.7566855024551713,-0.4271559153457235,-0.7376951317802901,0.7376951317802901,-0.4820426798824101,-0.3075623426146228,0.6158384251930635,-0.13085598064755344,-0.2359813632291101,-0.2662958158485814,-0.19611613513818404,-0.19300937626135234,-0.12168146174384352,-0.06715342778730747,-0.03352007615769955,0.5449249778098338,-0.21680296415038888,-0.5118980953829163,0.8505317485662419,-0.40583972495671383,-0.16278112867447064,0.8119223343984152,-0.1699069165076462,-0.2081478487327801,-0.6981970580620328,-0.7376951317802901,0.7376951317802901,-0.7376951317802901,0.7376951317802901,-0.7376951317802901,0.7376951317802901,-0.7376951317802901,0.7376951317802901,-0.4820426798824101,-0.3075623426146228,0.6158384251930635,-0.4820426798824101,-0.3075623426146228,0.6158384251930635,-0.4820426798824101,-0.3075623426146228,0.6158384251930635,-0.13085598064755344,-0.2359813632291101,-0.2662958158485814,-0.19611613513818404,-0.19300937626135234,-0.12168146174384352,-0.06715342778730747,-0.03352007615769955,0.5449249778098338,-0.13085598064755344,-0.2359813632291101,-0.2662958158485814,-0.19611613513818404,-0.19300937626135234,-0.12168146174384352,-0.06715342778730747,-0.03352007615769955,0.5449249778098338,-0.21680296415038888,-0.5118980953829163,0.8505317485662419,-0.40583972495671383,-0.16278112867447064
0,1.2868892893051842,0.8273772438659699,-0.47454519624983954,-0.4736736092984604,-0.4989475622371262,-1.9290897323389384,-1.5366812681720423,1.2266260647479035,-0.6244040257055189,1.2868892893051842,0.8273772438659699,-0.47454519624983954,-0.4736736092984604,-0.4989475622371262,-1.9290897323389384,-1.5366812681720423,1.2266260647479035,-0.6244040257055189,1.4293008809524865,1.7807929544080765,-0.3760014818308347,-0.3895323082701867,-0.3228220898771581,-1.1550698467232208,-0.8544452131356243,2.239663034335143,-0.15186325192222208,0.8635041745453002,-0.4030649954631285,-0.4194008220350217,-0.571347415835755,-1.6564562092410227,-1.1494148220340843,2.0633460286182723,-0.3576753639798948,-0.2328872501475753,-0.28708333828187355,-0.32078666523533045,-0.39610534423349997,-0.38113017778990566,-0.3694246287326534,-0.2751579580367754,-0.2900883232983121,-0.2955781683826058,-0.3888554871521795,-0.41265547100857053,-0.2943754514063852,-0.3658086479243954,-0.19836401418550262,-0.5962480339897832,-0.6695812087300181,-0.32091834767499755,-0.4123594838653976,-1.8438380824646854,-1.2670015848754121,-1.0505855438492462,-0.8648115678056826,-1.2286533543751765,-0.7861793837699864,-0.8020806973086978,1.3385767425636153,-0.06213841212214652,-0.4271559153457235,-0.7376951317802901,0.7376951317802901,-0.4820426798824101,3.2513733362117265,-1.6238025415294657,-0.13085598064755344,-0.2359813632291101,-0.2662958158485814,-0.19611613513818404,-0.19300937626135234,8.218178723930356,-0.06715342778730747,-0.03352007615769955,-1.8351149988007645,-0.21680296415038888,-0.5118980953829163,0.8505317485662419,-0.40583972495671383,-0.16278112867447064,0.8119223343984152,-0.1699069165076462,-0.2081478487327801,-0.6981970580620328,-0.7376951317802901,0.7376951317802901,-0.7376951317802901,0.7376951317802901,-0.7376951317802901,0.7376951317802901,-0.7376951317802901,0.7376951317802901,-0.4820426798824101,3.2513733362117265,-1.6238025415294657,-0.4820426798824101,3.2513733362117265,-1.6238025415294657,-0.4820426798824101,3.2513733362117265,-1.6238025415294657,-0.13085598064755344,-0.2359813632291101,-0.2662958158485814,-0.19611613513818404,-0.19300937626135234,8.218178723930356,-0.06715342778730747,-0.03352007615769955,-1.8351149988007645,-0.13085598064755344,-0.2359813632291101,-0.2662958158485814,-0.19611613513818404,-0.19300937626135234,8.218178723930356,-0.06715342778730747,-0.03352007615769955,-1.8351149988007645,-0.21680296415038888,-0.5118980953829163,0.8505317485662419,-0.40583972495671383,-0.16278112867447064
1,1.2907771723544446,0.8273772438659699,-0.47454519624983954,-0.4736736092984604,-0.3982949907026942,0.5446511676720712,-0.5095104222433947,-1.5315413136505371,-0.0675031379141101,1.2907771723544446,0.8273772438659699,-0.47454519624983954,-0.4736736092984604,-0.3982949907026942,0.5446511676720712,-0.5095104222433947,-1.5315413136505371,-0.0675031379141101,1.4358637668374332,1.7848745366420398,-0.3760014818308347,-0.3895323082701867,-0.18145768629120118,1.4980426596892442,0.2817468906250078,-1.0679505131647973,0.5603002831563418,0.8635041745453002,-0.4030649954631285,-0.4194008220350217,-0.2811133522612637,0.7925352191037062,-0.11969588642374947,-1.3511866656994136,0.2263602181326639,-0.2328872501475753,-0.28708333828187355,-0.32078666523533045,-0.39610534423349997,-0.38113017778990566,-0.3694246287326534,-0.2751579580367754,-0.2900883232983121,-0.2955781683826058,-0.3888554871521795,-0.41265547100857053,-0.2943754514063852,-0.3658086479243954,-0.19286838829908412,-0.1394805062934653,-0.46976045737612415,-0.5019144239909011,-0.3418038380425978,0.5449215208897721,-0.14575511629852972,-1.107608862589304,0.20090432700850336,-0.7538678336953983,-1.086381470456385,-0.26165318579788244,-1.0507990843927357,-0.855906515359889,-0.23657207930514282,1.3555735383351193,-1.3555735383351195,-0.4820426798824101,-0.3075623426146228,0.6158384251930635,-0.13085598064755344,-0.2359813632291101,-0.2662958158485814,-0.19611613513818404,-0.19300937626135234,-0.12168146174384352,-0.06715342778730747,-0.03352007615769955,0.5449249778098338,-0.21680296415038888,1.9535138126504805,-1.175735064194511,-0.40583972495671383,-0.16278112867447064,0.8119223343984152,-0.1699069165076462,-0.2081478487327801,-0.6981970580620328,1.3555735383351193,-1.3555735383351195,1.3555735383351193,-1.3555735383351195,1.3555735383351193,-1.3555735383351195,1.3555735383351193,-1.3555735383351195,-0.4820426798824101,-0.3075623426146228,0.6158384251930635,-0.4820426798824101,-0.3075623426146228,0.6158384251930635,-0.4820426798824101,-0.3075623426146228,0.6158384251930635,-0.13085598064755344,-0.2359813632291101,-0.2662958158485814,-0.19611613513818404,-0.19300937626135234,-0.12168146174384352,-0.06715342778730747,-0.03352007615769955,0.5449249778098338,-0.13085598064755344,-0.2359813632291101,-0.2662958158485814,-0.19611613513818404,-0.19300937626135234,-0.12168146174384352,-0.06715342778730747,-0.03352007615769955,0.5449249778098338,-0.21680296415038888,1.9535138126504805,-1.175735064194511,-0.40583972495671383,-0.16278112867447064
0,1.294665055403705,0.8273772438659699,-0.47454519624983954,-0.4736736092984604,-0.4989475622371262,0.5446511676720712,-1.5366812681720423,-1.1867703913507321,-0.6244040257055189,1.294665055403705,0.8273772438659699,-0.47454519624983954,-0.4736736092984604,-0.4989475622371262,0.5446511676720712,-1.5366812681720423,-1.1867703913507321,-0.6244040257055189,1.4424350937331643,1.788956118876003,-0.3760014818308347,-0.3895323082701867,-0.3223142372597079,1.5015248537564898,-0.853645448857518,-0.6534345940041709,-0.15003484746759163,0.8635041745453002,-0.4030649954631285,-0.4194008220350217,-0.571347415835755,0.7925352191037062,-1.1494148220340843,-0.9243700789097029,-0.3576753639798948,-0.2328872501475753,-0.28708333828187355,-0.32078666523533045,-0.39610534423349997,-0.38113017778990566,-0.3694246287326534,-0.2751579580367754,-0.2900883232983121,-0.2955781683826058,-0.3888554871521795,-0.41265547100857053,-0.2943754514063852,-0.3658086479243954,-0.19836401418550262,-0.33212765423625973,-0.6695812087300181,-0.4792899144514132,-0.4123594838653976,0.5449215208897721,-1.0298513550494233,-0.7634324030510985,-0.337529114616601,-1.2286533543751765,-1.0488562096205851,-0.8020806973086978,-1.0134650870965427,-0.7566855024551713,-0.4271559153457235,-0.7376951317802901,0.7376951317802901,-0.4820426798824101,3.2513733362117265,-1.6238025415294657,-0.13085598064755344,-0.2359813632291101,-0.2662958158485814,-0.19611613513818404,-0.19300937626135234,-0.12168146174384352,-0.06715342778730747,-0.03352007615769955,0.5449249778098338,-0.21680296415038888,-0.5118980953829163,0.8505317485662419,-0.40583972495671383,-0.16278112867447064,0.8119223343984152,-0.1699069165076462,-0.2081478487327801,-0.6981970580620328,-0.7376951317802901,0.7376951317802901,-0.7376951317802901,0.7376951317802901,-0.7376951317802901,0.7376951317802901,-0.7376951317802901,0.7376951317802901,-0.4820426798824101,3.2513733362117265,-1.6238025415294657,-0.4820426798824101,3.2513733362117265,-1.6238025415294657,-0.4820426798824101,3.2513733362117265,-1.6238025415294657,-0.13085598064755344,-0.2359813632291101,-0.2662958158485814,-0.19611613513818404,-0.19300937626135234,-0.12168146174384352,-0.06715342778730747,-0.03352007615769955,0.5449249778098338,-0.13085598064755344,-0.2359813632291101,-0.2662958158485814,-0.19611613513818404,-0.19300937626135234,-0.12168146174384352,-0.06715342778730747,-0.03352007615769955,0.5449249778098338,-0.21680296415038888,-0.5118980953829163,0.8505317485662419,-0.40583972495671383,-0.16278112867447064
1,1.2985529384529655,-1.5661069258891576,-0.47454519624983954,0.7676298785983874,3.607677356367702,-1.8194778495589943,-0.5095104222433947,1.2266260647479035,1.0462986376687076,1.2985529384529655,-1.5661069258891576,-0.47454519624983954,0.7676298785983874,3.607677356367702,-1.8194778495589943,-0.5095104222433947,1.2266260647479035,1.0462986376687076,1.4490148616396799,-0.3293850605509509,-0.3760014818308347,1.399327926319395,5.450047438240053,-1.0369946212655243,0.2854664292517556,2.252433743012749,1.9901125666773611,-1.4609134070857044,-0.4030649954631285,0.0500541182076973,3.1049507227744684,-1.6548120390977903,-0.9942108085507874,-0.2130091009268516,-0.1629968366090419,-0.2328872501475753,-0.28708333828187355,-0.32078666523533045,-0.39610534423349997,-0.38113017778990566,-0.3694246287326534,-0.2751579580367754,0.07498045644575013,2.7052313809260817,-0.30223359629448865,0.4725028221561908,1.4171320670477043,0.4785838528544551,2.3742830849808465,-0.08069842781861267,3.3191659000845255,4.953824447817051,3.061468489880688,-1.83504312030046,-1.1998205817747205,-0.931108114108173,-0.7379026994147555,-0.7538678336953983,0.3097964882597226,0.3438736244226488,1.3385767425636153,2.319165897591081,0.52576326485718,1.3555735383351193,-1.3555735383351195,-0.4820426798824101,-0.3075623426146228,0.6158384251930635,-0.13085598064755344,4.237622777986573,-0.2662958158485814,-0.19611613513818404,-0.19300937626135234,-0.12168146174384352,-0.06715342778730747,-0.03352007615769955,-1.8351149988007645,-0.21680296415038888,-0.5118980953829163,-1.175735064194511,2.4640269015229057,-0.16278112867447064,-1.2316448970959013,-0.1699069165076462,-0.2081478487327801,1.4322604033532795,1.3555735383351193,-1.3555735383351195,1.3555735383351193,-1.3555735383351195,1.3555735383351193,-1.3555735383351195,1.3555735383351193,-1.3555735383351195,-0.4820426798824101,-0.3075623426146228,0.6158384251930635,-0.4820426798824101,-0.3075623426146228,0.6158384251930635,-0.4820426798824101,-0.3075623426146228,0.6158384251930635,-0.13085598064755344,4.237622777986573,-0.2662958158485814,-0.19611613513818404,-0.19300937626135234,-0.12168146174384352,-0.06715342778730747,-0.03352007615769955,-1.8351149988007645,-0.13085598064755344,4.237622777986573,-0.2662958158485814,-0.19611613513818404,-0.19300937626135234,-0.12168146174384352,-0.06715342778730747,-0.03352007615769955,-1.8351149988007645,-0.21680296415038888,-0.5118980953829163,-1.175735064194511,2.4640269015229057,-0.16278112867447064
1,1.3024408215022258,0.8273772438659699,-0.47454519624983954,-0.4736736092984604,-0.4989475622371262,0.5446511676720712,-1.3133832581875537,-1.5315413136505371,-0.6244040257055189,1.3024408215022258,0.8273772438659699,-0.47454519624983954,-0.4736736092984604,-0.4989475622371262,0.5446511676720712,-1.3133832581875537,-1.5315413136505371,-0.6244040257055189,1.45560307055698,1.7971192833439298,-0.3760014818308347,-0.3895323082701867,-0.3218063846422577,1.508489241890981,-0.6049822317219029,-1.0679505131647973,-0.14820644301296115,0.8635041745453002,-0.4030649954631285,-0.4194008220350217,-0.571347415835755,0.7925352191037062,-0.9255628795100984,-1.3511866656994136,-0.3576753639798948,-0.2328872501475753,-0.28708333828187355,-0.32078666523533045,-0.39610534423349997,-0.38113017778990566,-0.3694246287326534,-0.2751579580367754,-0.2900883232983121,-0.2955781683826058,-0.3888554871521795,-0.41265547100857053,-0.2943754514063852,-0.3658086479243954,-0.19836401418550262,-0.33212765423625973,-0.6468373833726644,-0.5019144239909011,-0.4123594838653976,0.5449215208897721,-0.8376565205383595,-1.107608862589304,-0.337529114616601,-1.177626087863427,-1.086381470456385,-0.7504145872216218,-1.0507990843927357,-0.855906515359889,-0.4271559153457235,1.3555735383351193,-1.3555735383351195,2.0745051044939435,-0.3075623426146228,-1.6238025415294657,-0.13085598064755344,-0.2359813632291101,-0.2662958158485814,-0.19611613513818404,-0.19300937626135234,-0.12168146174384352,-0.06715342778730747,-0.03352007615769955,0.5449249778098338,-0.21680296415038888,1.9535138126504805,-1.175735064194511,-0.40583972495671383,-0.16278112867447064,0.8119223343984152,-0.1699069165076462,-0.2081478487327801,-0.6981970580620328,1.3555735383351193,-1.3555735383351195,1.3555735383351193,-1.3555735383351195,1.3555735383351193,-1.3555735383351195,1.3555735383351193,-1.3555735383351195,2.0745051044939435,-0.3075623426146228,-1.6238025415294657,2.0745051044939435,-0.3075623426146228,-1.6238025415294657,2.0745051044939435,-0.3075623426146228,-1.6238025415294657,-0.13085598064755344,-0.2359813632291101,-0.2662958158485814,-0.19611613513818404,-0.19300937626135234,-0.12168146174384352,-0.06715342778730747,-0.03352007615769955,0.5449249778098338,-0.13085598064755344,-0.2359813632291101,-0.2662958158485814,-0.19611613513818404,-0.19300937626135234,-0.12168146174384352,-0.06715342778730747,-0.03352007615769955,0.5449249778098338,-0.21680296415038888,1.9535138126504805,-1.175735064194511,-0.40583972495671383,-0.16278112867447064
1,1.3063287045514862,-1.5661069258891576,0.4327933656785018,-0.4736736092984604,0.5075781531071943,-1.8194778495589943,-0.5095104222433947,-1.1867703913507321,-0.0675031379141101,1.3063287045514862,-1.5661069258891576,0.4327933656785018,-0.4736736092984604,0.5075781531071943,-1.8194778495589943,-0.5095104222433947,-1.1867703913507321,-0.0675031379141101,1.4621997204850647,-0.3266640057283087,0.9792774256185774,-0.3895323082701867,1.0968073518309314,-1.036548186128698,0.2891859678785033,-0.6518382554194703,0.5676139009748637,-1.4609134070857044,-0.0891393739966534,-0.4194008220350217,0.12521433674302407,-1.6548120390977903,-0.9942108085507874,-1.2089144701028434,-0.5523538913507477,-0.07639966350995119,-0.28708333828187355,0.40031245251382763,-0.3368577254273058,0.16061446244642888,-0.15706505182891523,-0.05924801474239681,-0.2900883232983121,-0.2955781683826058,-0.3888554871521795,-0.41265547100857053,-0.2943754514063852,-0.3658086479243954,-0.01324819485351133,-0.4610530532441298,0.3870319350144749,-0.3176862748836421,0.03172605160751893,-1.83504312030046,-1.1998205817747205,-1.0855462690291626,-0.8069326278282305,-0.7538678336953983,-0.9118592256168716,-0.26165318579788244,-1.0134650870965427,-0.6574644895504534,-0.23657207930514282,1.3555735383351193,-1.3555735383351195,-0.4820426798824101,-0.3075623426146228,0.6158384251930635,-0.13085598064755344,4.237622777986573,-0.2662958158485814,-0.19611613513818404,-0.19300937626135234,-0.12168146174384352,-0.06715342778730747,-0.03352007615769955,-1.8351149988007645,-0.21680296415038888,-0.5118980953829163,-1.175735064194511,2.4640269015229057,-0.16278112867447064,-1.2316448970959013,-0.1699069165076462,-0.2081478487327801,1.4322604033532795,1.3555735383351193,-1.3555735383351195,1.3555735383351193,-1.3555735383351195,1.3555735383351193,-1.3555735383351195,1.3555735383351193,-1.3555735383351195,-0.4820426798824101,-0.3075623426146228,0.6158384251930635,-0.4820426798824101,-0.3075623426146228,0.6158384251930635,-0.4820426798824101,-0.3075623426146228,0.6158384251930635,-0.13085598064755344,4.237622777986573,-0.2662958158485814,-0.19611613513818404,-0.19300937626135234,-0.12168146174384352,-0.06715342778730747,-0.03352007615769955,-1.8351149988007645,-0.13085598064755344,4.237622777986573,-0.2662958158485814,-0.19611613513818404,-0.19300937626135234,-0.12168146174384352,-0.06715342778730747,-0.03352007615769955,-1.8351149988007645,-0.21680296415038888,-0.5118980953829163,-1.175735064194511,2.4640269015229057,-0.16278112867447064
0,1.3102165876007466,-1.5661069258891576,-0.47454519624983954,-0.4736736092984604,-0.03594573317873878,-1.8668102534866975,0.96425644365423,0.19231329784848822,-0.6244040257055189,1.3102165876007466,-1.5661069258891576,-0.47454519624983954,-0.4736736092984604,-0.03594573317873878,-1.8668102534866975,0.96425644365423,0.19231329784848822,-0.6244040257055189,1.4688048114239338,-0.3253034783169876,-0.3760014818308347,-0.3895323082701867,0.3319813099509426,-1.0874143187954053,1.9311337675081834,1.0152713398696729,-0.1463780385583307,-1.4609134070857044,-0.4030649954631285,-0.4194008220350217,-0.3972069776910602,-1.6704316554584984,-0.5017365349980186,-0.6398256877165623,-0.7470324187216006,-0.2328872501475753,-0.28708333828187355,-0.32078666523533045,-0.39610534423349997,-0.38113017778990566,-0.3694246287326534,-0.2751579580367754,-0.2900883232983121,-0.2955781683826058,-0.3888554871521795,-0.41265547100857053,-0.2943754514063852,-0.3658086479243954,-0.1491347759819012,-0.5493971595492575,0.5162818454024083,-0.01710350528758786,-0.31690184539925664,-1.8399449636419904,-1.163379379720384,-1.0295412238380346,-0.8515365815723219,0.9989187709831968,0.7690342042026062,-0.22342026433344614,-0.1174491519879112,-0.3598014508363,-0.4271559153457235,-0.7376951317802901,0.7376951317802901,-0.4820426798824101,-0.3075623426146228,0.6158384251930635,-0.13085598064755344,-0.2359813632291101,-0.2662958158485814,5.099019513592785,-0.19300937626135234,-0.12168146174384352,-0.06715342778730747,-0.03352007615769955,-1.8351149988007645,-0.21680296415038888,-0.5118980953829163,0.8505317485662419,-0.40583972495671383,-0.16278112867447064,0.8119223343984152,-0.1699069165076462,-0.2081478487327801,-0.6981970580620328,-0.7376951317802901,0.7376951317802901,-0.7376951317802901,0.7376951317802901,-0.7376951317802901,0.7376951317802901,-0.7376951317802901,0.7376951317802901,-0.4820426798824101,-0.3075623426146228,0.6158384251930635,-0.4820426798824101,-0.3075623426146228,0.6158384251930635,-0.4820426798824101,-0.3075623426146228,0.6158384251930635,-0.13085598064755344,-0.2359813632291101,-0.2662958158485814,5.099019513592785,-0.19300937626135234,-0.12168146174384352,-0.06715342778730747,-0.03352007615769955,-1.8351149988007645,-0.13085598064755344,-0.2359813632291101,-0.2662958158485814,5.099019513592785,-0.19300937626135234,-0.12168146174384352,-0.06715342778730747,-0.03352007615769955,-1.8351149988007645,-0.21680296415038888,-0.5118980953829163,0.8505317485662419,-0.40583972495671383,-0.16278112867447064
0,1.314104470650007,0.8273772438659699,0.4327933656785018,2.0089333664952354,-0.17685933332694367,0.5446511676720712,0.96425644365423,0.5370842201482933,1.0462986376687076,1.314104470650007,0.8273772438659699,0.4327933656785018,2.0089333664952354,-0.17685933332694367,0.5446511676720712,0.96425644365423,0.5370842201482933,1.0462986376687076,1.4754183433735875,1.8093640300458196,0.9827436120826425,3.2065354453663057,0.1339913395192893,1.5189358240927178,1.9350881575499306,1.4351083876459683,2.0047398023144045,0.8635041745453002,0.5387118689362969,2.3973288194212925,0.3574015876026171,0.7925352191037062,1.3577269342345568,1.209712855038851,1.3944313823577814,-0.07639966350995119,0.7239492878412465,-0.029816845792687726,0.5281575091431288,0.770770541893495,0.9047328326897756,0.15666192855198174,1.1701867956779368,0.3586267570590986,2.313747507607776,3.351533038490722,2.272885826274749,1.3229763536333055,-0.17059664128570393,0.2843432191806824,0.23289378144978012,-0.05588837878385292,-0.059581254751398485,0.5449215208897721,1.1227307914744915,0.9574498946399291,1.2777712102587122,0.9989187709831968,1.1401173391344044,1.7078589307214564,0.29322481827021163,1.5253977943533386,0.52576326485718,-0.7376951317802901,0.7376951317802901,-0.4820426798824101,-0.3075623426146228,0.6158384251930635,-0.13085598064755344,-0.2359813632291101,-0.2662958158485814,-0.19611613513818404,-0.19300937626135234,-0.12168146174384352,-0.06715342778730747,-0.03352007615769955,0.5449249778098338,-0.21680296415038888,-0.5118980953829163,0.8505317485662419,-0.40583972495671383,-0.16278112867447064,-1.2316448970959013,-0.1699069165076462,-0.2081478487327801,1.4322604033532795,-0.7376951317802901,0.7376951317802901,-0.7376951317802901,0.7376951317802901,-0.7376951317802901,0.7376951317802901,-0.7376951317802901,0.7376951317802901,-0.4820426798824101,-0.3075623426146228,0.6158384251930635,-0.4820426798824101,-0.3075623426146228,0.6158384251930635,-0.4820426798824101,-0.3075623426146228,0.6158384251930635,-0.13085598064755344,-0.2359813632291101,-0.2662958158485814,-0.19611613513818404,-0.19300937626135234,-0.12168146174384352,-0.06715342778730747,-0.03352007615769955,0.5449249778098338,-0.13085598064755344,-0.2359813632291101,-0.2662958158485814,-0.19611613513818404,-0.19300937626135234,-0.12168146174384352,-0.06715342778730747,-0.03352007615769955,0.5449249778098338,-0.21680296415038888,-0.5118980953829163,0.8505317485662419,-0.40583972495671383,-0.16278112867447064
0,1.3179923536992673,0.8273772438659699,-0.47454519624983954,-0.4736736092984604,-0.4989475622371262,0.5446511676720712,0.96425644365423,-0.497228546751122,-0.6244040257055189,1.3179923536992673,0.8273772438659699,-0.47454519624983954,-0.4736736092984604,-0.4989475622371262,0.5446511676720712,0.96425644365423,-0.497228546751122,-0.6244040257055189,1.4820403163340254,1.8134456122797828,-0.3760014818308347,-0.3895323082701867,-0.32079067940735734,1.5224180181599634,1.9390425475916777,0.18517527582528623,-0.14454963410370025,0.8635041745453002,-0.4030649954631285,-0.4194008220350217,-0.571347415835755,0.7925352191037062,1.3577269342345568,-0.07073690533028135,-0.3576753639798948,-0.2328872501475753,-0.28708333828187355,-0.32078666523533045,-0.39610534423349997,-0.38113017778990566,-0.3694246287326534,-0.2751579580367754,-0.2900883232983121,-0.2955781683826058,-0.3888554871521795,-0.41265547100857053,-0.2943754514063852,-0.3658086479243954,-0.19836401418550262,-0.33212765423625973,-0.41485036472765574,-0.4340408953724373,-0.4123594838653976,0.5449215208897721,1.1227307914744915,-0.07507948397468743,-0.337529114616601,0.9989187709831968,0.026867934339009688,-0.22342026433344614,-0.714793108726999,-0.5582434766457356,-0.4271559153457235,-0.7376951317802901,0.7376951317802901,-0.4820426798824101,-0.3075623426146228,0.6158384251930635,-0.13085598064755344,-0.2359813632291101,-0.2662958158485814,-0.19611613513818404,-0.19300937626135234,-0.12168146174384352,-0.06715342778730747,-0.03352007615769955,0.5449249778098338,-0.21680296415038888,-0.5118980953829163,0.8505317485662419,-0.40583972495671383,-0.16278112867447064,0.8119223343984152,-0.1699069165076462,-0.2081478487327801,-0.6981970580620328,-0.7376951317802901,0.7376951317802901,-0.7376951317802901,0.7376951317802901,-0.7376951317802901,0.7376951317802901,-0.7376951317802901,0.7376951317802901,-0.4820426798824101,-0.3075623426146228,0.6158384251930635,-0.4820426798824101,-0.3075623426146228,0.6158384251930635,-0.4820426798824101,-0.3075623426146228,0.6158384251930635,-0.13085598064755344,-0.2359813632291101,-0.2662958158485814,-0.19611613513818404,-0.19300937626135234,-0.12168146174384352,-0.06715342778730747,-0.03352007615769955,0.5449249778098338,-0.13085598064755344,-0.2359813632291101,-0.2662958158485814,-0.19611613513818404,-0.19300937626135234,-0.12168146174384352,-0.06715342778730747,-0.03352007615769955,0.5449249778098338,-0.21680296415038888,-0.5118980953829163,0.8505317485662419,-0.40583972495671383,-0.16278112867447064
0,1.3218802367485276,0.8273772438659699,-0.47454519624983954,-0.4736736092984604,-0.4989475622371262,0.5446511676720712,0.96425644365423,-0.497228546751122,-0.6244040257055189,1.3218802367485276,0.8273772438659699,-0.47454519624983954,-0.4736736092984604,-0.4989475622371262,0.5446511676720712,0.96425644365423,-0.497228546751122,-0.6244040257055189,1.4886707303052482,1.8175271945137461,-0.3760014818308347,-0.3895323082701867,-0.3205367530986322,1.5259002122272087,1.9429969376334248,0.186771614409987,-0.14363543187638503,0.8635041745453002,-0.4030649954631285,-0.4194008220350217,-0.571347415835755,0.7925352191037062,1.3577269342345568,-0.07073690533028135,-0.3576753639798948,-0.2328872501475753,-0.28708333828187355,-0.32078666523533045,-0.39610534423349997,-0.38113017778990566,-0.3694246287326534,-0.2751579580367754,-0.2900883232983121,-0.2955781683826058,-0.3888554871521795,-0.41265547100857053,-0.2943754514063852,-0.3658086479243954,-0.19836401418550262,-0.33212765423625973,-0.41485036472765574,-0.4340408953724373,-0.4123594838653976,0.5449215208897721,1.1227307914744915,-0.07507948397468743,-0.337529114616601,0.9989187709831968,0.026867934339009688,-0.22342026433344614,-0.714793108726999,-0.5582434766457356,-0.4271559153457235,-0.7376951317802901,0.7376951317802901,-0.4820426798824101,-0.3075623426146228,0.6158384251930635,-0.13085598064755344,-0.2359813632291101,-0.2662958158485814,-0.19611613513818404,-0.19300937626135234,-0.12168146174384352,-0.06715342778730747,-0.03352007615769955,0.5449249778098338,-0.21680296415038888,-0.5118980953829163,0.8505317485662419,-0.40583972495671383,-0.16278112867447064,0.8119223343984152,-0.1699069165076462,-0.2081478487327801,-0.6981970580620328,-0.7376951317802901,0.7376951317802901,-0.7376951317802901,0.7376951317802901,-0.7376951317802901,0.7376951317802901,-0.7376951317802901,0.7376951317802901,-0.4820426798824101,-0.3075623426146228,0.6158384251930635,-0.4820426798824101,-0.3075623426146228,0.6158384251930635,-0.4820426798824101,-0.3075623426146228,0.6158384251930635,-0.13085598064755344,-0.2359813632291101,-0.2662958158485814,-0.19611613513818404,-0.19300937626135234,-0.12168146174384352,-0.06715342778730747,-0.03352007615769955,0.5449249778098338,-0.13085598064755344,-0.2359813632291101,-0.2662958158485814,-0.19611613513818404,-0.19300937626135234,-0.12168146174384352,-0.06715342778730747,-0.03352007615769955,0.5449249778098338,-0.21680296415038888,-0.5118980953829163,0.8505317485662419,-0.40583972495671383,-0.16278112867447064
1,1.325768119797788,0.8273772438659699,-0.47454519624983954,-0.4736736092984604,-0.4989475622371262,0.5446511676720712,-0.5095104222433947,-1.1867703913507321,-0.6244040257055189,1.325768119797788,0.8273772438659699,-0.47454519624983954,-0.4736736092984604,-0.4989475622371262,0.5446511676720712,-0.5095104222433947,-1.1867703913507321,-0.6244040257055189,1.4953095852872553,1.8216087767477096,-0.3760014818308347,-0.3895323082701867,-0.3202828267899071,1.5293824062944543,0.2984848144453727,-0.6491776911116357,-0.14272122964906978,0.8635041745453002,-0.4030649954631285,-0.4194008220350217,-0.571347415835755,0.7925352191037062,-0.11969588642374947,-0.9243700789097029,-0.3576753639798948,-0.2328872501475753,-0.28708333828187355,-0.32078666523533045,-0.39610534423349997,-0.38113017778990566,-0.3694246287326534,-0.2751579580367754,-0.2900883232983121,-0.2955781683826058,-0.3888554871521795,-0.41265547100857053,-0.2943754514063852,-0.3658086479243954,-0.19836401418550262,-0.33212765423625973,-0.5649596120861907,-0.4792899144514132,-0.4123594838653976,0.5449215208897721,-0.14575511629852972,-0.7634324030510985,-0.337529114616601,-0.7538678336953983,-0.9118592256168716,-0.564416590908148,-1.0134650870965427,-0.7566855024551713,-0.4271559153457235,1.3555735383351193,-1.3555735383351195,-0.4820426798824101,-0.3075623426146228,0.6158384251930635,-0.13085598064755344,-0.2359813632291101,-0.2662958158485814,-0.19611613513818404,-0.19300937626135234,-0.12168146174384352,-0.06715342778730747,-0.03352007615769955,0.5449249778098338,-0.21680296415038888,1.9535138126504805,-1.175735064194511,-0.40583972495671383,-0.16278112867447064,0.8119223343984152,-0.1699069165076462,-0.2081478487327801,-0.6981970580620328,1.3555735383351193,-1.3555735383351195,1.3555735383351193,-1.3555735383351195,1.3555735383351193,-1.3555735383351195,1.3555735383351193,-1.3555735383351195,-0.4820426798824101,-0.3075623426146228,0.6158384251930635,-0.4820426798824101,-0.3075623426146228,0.6158384251930635,-0.4820426798824101,-0.3075623426146228,0.6158384251930635,-0.13085598064755344,-0.2359813632291101,-0.2662958158485814,-0.19611613513818404,-0.19300937626135234,-0.12168146174384352,-0.06715342778730747,-0.03352007615769955,0.5449249778098338,-0.13085598064755344,-0.2359813632291101,-0.2662958158485814,-0.19611613513818404,-0.19300937626135234,-0.12168146174384352,-0.06715342778730747,-0.03352007615769955,0.5449249778098338,-0.21680296415038888,1.9535138126504805,-1.175735064194511,-0.40583972495671383,-0.16278112867447064
0,1.3296560028470483,0.8273772438659699,3.1548090514635256,0.7676298785983874,-0.056076247485625196,0.5446511676720712,-1.5366812681720423,-1.5315413136505371,2.160100413251525,1.3296560028470483,0.8273772438659699,3.1548090514635256,0.7676298785983874,-0.056076247485625196,0.5446511676720712,-1.5366812681720423,-1.5315413136505371,2.160100413251525,1.5019568812800468,1.8256903589816729,5.0867083855355935,1.417675210776724,0.30883774066999814,1.5328646003617,-0.8500465096060403,-1.0679505131647973,3.4601497482002506,0.8635041745453002,3.364042462134573,0.9889639986931354,0.7056824638920066,0.7925352191037062,-1.1494148220340843,-1.3511866656994136,2.5625025465828988,2.2709141360544107,1.7349819139643663,1.1467132936927806,3.3009460692730155,0.08480719196967215,-0.3694246287326534,2.3157613614957673,0.07498045644575013,0.11685537156977305,0.9624460102277982,-0.22233133288781978,-0.2943754514063852,0.9007801032438802,-0.15254784890083478,0.5155197967120356,-0.5795156603148972,-0.5019144239909011,0.28074597804093004,0.5449215208897721,-1.0298513550494233,-1.107608862589304,2.354638093508921,-1.2286533543751765,-1.086381470456385,-0.4765842037601188,-1.0507990843927357,-0.855906515359889,1.7963221717943845,-0.7376951317802901,0.7376951317802901,-0.4820426798824101,3.2513733362117265,-1.6238025415294657,-0.13085598064755344,-0.2359813632291101,-0.2662958158485814,-0.19611613513818404,-0.19300937626135234,-0.12168146174384352,-0.06715342778730747,-0.03352007615769955,0.5449249778098338,4.612483062299524,-0.5118980953829163,-1.175735064194511,-0.40583972495671383,-0.16278112867447064,-1.2316448970959013,-0.1699069165076462,4.804277373453898,-0.6981970580620328,-0.7376951317802901,0.7376951317802901,-0.7376951317802901,0.7376951317802901,-0.7376951317802901,0.7376951317802901,-0.7376951317802901,0.7376951317802901,-0.4820426798824101,3.2513733362117265,-1.6238025415294657,-0.4820426798824101,3.2513733362117265,-1.6238025415294657,-0.4820426798824101,3.2513733362117265,-1.6238025415294657,-0.13085598064755344,-0.2359813632291101,-0.2662958158485814,-0.19611613513818404,-0.19300937626135234,-0.12168146174384352,-0.06715342778730747,-0.03352007615769955,0.5449249778098338,-0.13085598064755344,-0.2359813632291101,-0.2662958158485814,-0.19611613513818404,-0.19300937626135234,-0.12168146174384352,-0.06715342778730747,-0.03352007615769955,0.5449249778098338,4.612483062299524,-0.5118980953829163,-1.175735064194511,-0.40583972495671383,-0.16278112867447064
1,1.3335438858963087,0.8273772438659699,0.4327933656785018,2.0089333664952354,-0.23725087624760288,0.5446511676720712,0.96425644365423,-1.5315413136505371,1.0462986376687076,1.3335438858963087,0.8273772438659699,0.4327933656785018,2.0089333664952354,-0.23725087624760288,0.5446511676720712,0.96425644365423,-1.5315413136505371,1.0462986376687076,1.508612618283623,1.8297719412156361,0.991409078242805,3.229469550937967,0.052299618483729896,1.5363467944289455,1.9548601077586665,-1.0679505131647973,2.0230238468607094,0.8635041745453002,0.5387118689362969,2.3973288194212925,0.18326114945792232,0.7925352191037062,1.3577269342345568,-1.3511866656994136,1.3944313823577814,-0.07639966350995119,0.7239492878412465,-0.06776943093738026,0.5281575091431288,0.770770541893495,-0.3694246287326534,0.15666192855198174,1.1701867956779368,0.2732956798275719,2.313747507607776,3.351533038490722,-0.2943754514063852,1.3229763536333055,-0.17805912275252483,0.16875493041500572,0.11144175404151091,-0.5019144239909011,-0.10938524003808071,0.5449215208897721,1.1227307914744915,-1.107608862589304,1.2777712102587122,0.9989187709831968,-1.086381470456385,1.7078589307214564,-1.0507990843927357,-0.855906515359889,0.52576326485718,-0.7376951317802901,0.7376951317802901,-0.4820426798824101,-0.3075623426146228,0.6158384251930635,-0.13085598064755344,-0.2359813632291101,-0.2662958158485814,-0.19611613513818404,-0.19300937626135234,-0.12168146174384352,-0.06715342778730747,-0.03352007615769955,0.5449249778098338,4.612483062299524,-0.5118980953829163,-1.175735064194511,-0.40583972495671383,-0.16278112867447064,-1.2316448970959013,-0.1699069165076462,-0.2081478487327801,1.4322604033532795,-0.7376951317802901,0.7376951317802901,-0.7376951317802901,0.7376951317802901,-0.7376951317802901,0.7376951317802901,-0.7376951317802901,0.7376951317802901,-0.4820426798824101,-0.3075623426146228,0.6158384251930635,-0.4820426798824101,-0.3075623426146228,0.6158384251930635,-0.4820426798824101,-0.3075623426146228,0.6158384251930635,-0.13085598064755344,-0.2359813632291101,-0.2662958158485814,-0.19611613513818404,-0.19300937626135234,-0.12168146174384352,-0.06715342778730747,-0.03352007615769955,0.5449249778098338,-0.13085598064755344,-0.2359813632291101,-0.2662958158485814,-0.19611613513818404,-0.19300937626135234,-0.12168146174384352,-0.06715342778730747,-0.03352007615769955,0.5449249778098338,4.612483062299524,-0.5118980953829163,-1.175735064194511,-0.40583972495671383,-0.16278112867447064
0,1.337431768945569,-1.5661069258891576,-0.47454519624983954,-0.4736736092984604,0.9504494678586953,-1.8194778495589943,-1.1168810094012038,1.2266260647479035,-0.0675031379141101,1.337431768945569,-1.5661069258891576,-0.47454519624983954,-0.4736736092984604,0.9504494678586953,-1.8194778495589943,-1.1168810094012038,1.2266260647479035,-0.0675031379141101,1.5152767962979836,-0.3157797864377399,-0.3760014818308347,-0.3895323082701867,1.7438115864624755,-1.0347624455813926,-0.3778936080885329,2.295002771938102,0.5822411366119074,-1.4609134070857044,-0.4030649954631285,-0.4194008220350217,0.5508909633189446,-1.6548120390977903,-1.1971699031058678,-0.2130091009268516,-0.5523538913507477,-0.2328872501475753,-0.28708333828187355,-0.32078666523533045,-0.39610534423349997,-0.38113017778990566,-0.3694246287326534,-0.2751579580367754,-0.2900883232983121,-0.2955781683826058,-0.3888554871521795,-0.41265547100857053,-0.2943754514063852,-0.3658086479243954,0.15983509622190054,-0.4067166781833417,0.10773775962617044,1.5407555801457256,0.21434066432535376,-1.83504312030046,-1.2333314759971623,-0.931108114108173,-0.8069326278282305,-1.1087392780725651,-0.33825880998393143,-0.5427168246715761,1.3385767425636153,0.7316296911155961,-0.23657207930514282,-0.7376951317802901,0.7376951317802901,2.0745051044939435,-0.3075623426146228,-1.6238025415294657,-0.13085598064755344,4.237622777986573,-0.2662958158485814,-0.19611613513818404,-0.19300937626135234,-0.12168146174384352,-0.06715342778730747,-0.03352007615769955,-1.8351149988007645,-0.21680296415038888,-0.5118980953829163,0.8505317485662419,-0.40583972495671383,-0.16278112867447064,0.8119223343984152,-0.1699069165076462,-0.2081478487327801,-0.6981970580620328,-0.7376951317802901,0.7376951317802901,-0.7376951317802901,0.7376951317802901,-0.7376951317802901,0.7376951317802901,-0.7376951317802901,0.7376951317802901,2.0745051044939435,-0.3075623426146228,-1.6238025415294657,2.0745051044939435,-0.3075623426146228,-1.6238025415294657,2.0745051044939435,-0.3075623426146228,-1.6238025415294657,-0.13085598064755344,4.237622777986573,-0.2662958158485814,-0.19611613513818404,-0.19300937626135234,-0.12168146174384352,-0.06715342778730747,-0.03352007615769955,-1.8351149988007645,-0.13085598064755344,4.237622777986573,-0.2662958158485814,-0.19611613513818404,-0.19300937626135234,-0.12168146174384352,-0.06715342778730747,-0.03352007615769955,-1.8351149988007645,-0.21680296415038888,-0.5118980953829163,0.8505317485662419,-0.40583972495671383,-0.16278112867447064
0,1.3413196519948296,0.8273772438659699,-0.47454519624983954,-0.4736736092984604,-0.4989475622371262,0.5446511676720712,-1.5366812681720423,-0.841999469050927,-0.6244040257055189,1.3413196519948296,0.8273772438659699,-0.47454519624983954,-0.4736736092984604,-0.4989475622371262,0.5446511676720712,-1.5366812681720423,-0.841999469050927,-0.6244040257055189,1.5219494153231288,1.8379351056835627,-0.3760014818308347,-0.3895323082701867,-0.31926712155500675,1.5433111825634367,-0.848846863188881,-0.22614796616593866,-0.13906442073980887,0.8635041745453002,-0.4030649954631285,-0.4194008220350217,-0.571347415835755,0.7925352191037062,-1.1494148220340843,-0.4975534921199921,-0.3576753639798948,-0.2328872501475753,-0.28708333828187355,-0.32078666523533045,-0.39610534423349997,-0.38113017778990566,-0.3694246287326534,-0.2751579580367754,-0.2900883232983121,-0.2955781683826058,-0.3888554871521795,-0.41265547100857053,-0.2943754514063852,-0.3658086479243954,-0.19836401418550262,-0.33212765423625973,-0.6695812087300181,-0.45666540491192525,-0.4123594838653976,0.5449215208897721,-1.0298513550494233,-0.41925594351289297,-0.337529114616601,-1.2286533543751765,-1.0113309487847855,-0.8020806973086978,-0.9014630952079639,-0.6574644895504534,-0.4271559153457235,-0.7376951317802901,0.7376951317802901,-0.4820426798824101,3.2513733362117265,-1.6238025415294657,-0.13085598064755344,-0.2359813632291101,-0.2662958158485814,-0.19611613513818404,-0.19300937626135234,-0.12168146174384352,-0.06715342778730747,-0.03352007615769955,0.5449249778098338,-0.21680296415038888,-0.5118980953829163,0.8505317485662419,-0.40583972495671383,-0.16278112867447064,0.8119223343984152,-0.1699069165076462,-0.2081478487327801,-0.6981970580620328,-0.7376951317802901,0.7376951317802901,-0.7376951317802901,0.7376951317802901,-0.7376951317802901,0.7376951317802901,-0.7376951317802901,0.7376951317802901,-0.4820426798824101,3.2513733362117265,-1.6238025415294657,-0.4820426798824101,3.2513733362117265,-1.6238025415294657,-0.4820426798824101,3.2513733362117265,-1.6238025415294657,-0.13085598064755344,-0.2359813632291101,-0.2662958158485814,-0.19611613513818404,-0.19300937626135234,-0.12168146174384352,-0.06715342778730747,-0.03352007615769955,0.5449249778098338,-0.13085598064755344,-0.2359813632291101,-0.2662958158485814,-0.19611613513818404,-0.19300937626135234,-0.12168146174384352,-0.06715342778730747,-0.03352007615769955,0.5449249778098338,-0.21680296415038888,-0.5118980953829163,0.8505317485662419,-0.40583972495671383,-0.16278112867447064
0,1.34520753504409,-0.3693648410115938,-0.47454519624983954,-0.4736736092984604,-0.11646779040628442,0.5446511676720712,0.96425644365423,-1.1867703913507321,-0.0675031379141101,1.34520753504409,-0.3693648410115938,-0.47454519624983954,-0.4736736092984604,-0.11646779040628442,0.5446511676720712,0.96425644365423,-1.1867703913507321,-0.0675031379141101,1.5286304753590583,0.7644789781512142,-0.3760014818308347,-0.3895323082701867,0.2268558181387529,1.5467933766306823,1.966723277883908,-0.6465171268038011,0.5858979455211683,-0.5892568139740777,-0.4030649954631285,-0.4194008220350217,0.028469648884860296,-0.04105904351514409,0.42799519961826915,-1.0666422745062731,-0.1629968366090419,-0.2328872501475753,-0.28708333828187355,-0.32078666523533045,-0.39610534423349997,-0.38113017778990566,-0.3694246287326534,-0.2751579580367754,-0.2900883232983121,-0.2955781683826058,-0.3888554871521795,-0.41265547100857053,-0.2943754514063852,-0.3658086479243954,-0.16209288333514058,0.399931507946359,0.35434580885804934,-0.4178805314156602,-0.22559453904033924,0.5449215208897721,1.1227307914744915,-0.7634324030510985,0.20090432700850336,0.9989187709831968,-0.7152983355245868,0.42033946735152133,-1.0134650870965427,-0.6574644895504534,-0.23657207930514282,-0.7376951317802901,0.7376951317802901,-0.4820426798824101,-0.3075623426146228,0.6158384251930635,-0.13085598064755344,-0.2359813632291101,-0.2662958158485814,-0.19611613513818404,-0.19300937626135234,-0.12168146174384352,-0.06715342778730747,-0.03352007615769955,0.5449249778098338,-0.21680296415038888,-0.5118980953829163,0.8505317485662419,-0.40583972495671383,-0.16278112867447064,0.8119223343984152,-0.1699069165076462,-0.2081478487327801,-0.6981970580620328,-0.7376951317802901,0.7376951317802901,-0.7376951317802901,0.7376951317802901,-0.7376951317802901,0.7376951317802901,-0.7376951317802901,0.7376951317802901,-0.4820426798824101,-0.3075623426146228,0.6158384251930635,-0.4820426798824101,-0.3075623426146228,0.6158384251930635,-0.4820426798824101,-0.3075623426146228,0.6158384251930635,-0.13085598064755344,-0.2359813632291101,-0.2662958158485814,-0.19611613513818404,-0.19300937626135234,-0.12168146174384352,-0.06715342778730747,-0.03352007615769955,0.5449249778098338,-0.13085598064755344,-0.2359813632291101,-0.2662958158485814,-0.19611613513818404,-0.19300937626135234,-0.12168146174384352,-0.06715342778730747,-0.03352007615769955,0.5449249778098338,-0.21680296415038888,-0.5118980953829163,0.8505317485662419,-0.40583972495671383,-0.16278112867447064
0,1.3490954180933503,0.8273772438659699,6.784163299176891,2.0089333664952354,0.7491443247898313,0.5446511676720712,-0.5095104222433947,1.2266260647479035,4.944604852208569,1.3490954180933503,0.8273772438659699,6.784163299176891,2.0089333664952354,0.7491443247898313,0.5446511676720712,-0.5095104222433947,1.2266260647479035,4.944604852208569,1.5353199764057723,1.8460982701514894,10.618741982183321,3.2478168353952963,1.4647465731735951,1.5502755706979277,0.30964343032561603,2.307773480615708,7.112387646324593,0.8635041745453002,7.131149919732275,2.3973288194212925,3.027554972487937,0.7925352191037062,-0.11969588642374947,2.0633460286182723,5.482680457145692,9.782318294660367,7.801177670703085,6.662489001388096,6.99799748277953,3.952826944100771,13.221588293106588,9.224879546915881,1.1701867956779368,1.6670366079425074,2.313747507607776,1.3576611153209521,3.128639585501794,4.278350106359282,0.07421902978085455,2.056696980254391,0.6155099063186347,1.2821897568372917,2.708690260766689,0.5449215208897721,-0.14575511629852972,1.64580281371634,5.046805301634443,-0.7538678336953983,0.3097964882597226,2.463217460194508,1.3385767425636153,7.8755426202552785,7.196197526277503,1.3555735383351193,-1.3555735383351195,-0.4820426798824101,-0.3075623426146228,0.6158384251930635,-0.13085598064755344,-0.2359813632291101,-0.2662958158485814,-0.19611613513818404,-0.19300937626135234,-0.12168146174384352,-0.06715342778730747,-0.03352007615769955,0.5449249778098338,-0.21680296415038888,1.9535138126504805,-1.175735064194511,-0.40583972495671383,-0.16278112867447064,-1.2316448970959013,5.885575587824865,-0.2081478487327801,-0.6981970580620328,1.3555735383351193,-1.3555735383351195,1.3555735383351193,-1.3555735383351195,1.3555735383351193,-1.3555735383351195,1.3555735383351193,-1.3555735383351195,-0.4820426798824101,-0.3075623426146228,0.6158384251930635,-0.4820426798824101,-0.3075623426146228,0.6158384251930635,-0.4820426798824101,-0.3075623426146228,0.6158384251930635,-0.13085598064755344,-0.2359813632291101,-0.2662958158485814,-0.19611613513818404,-0.19300937626135234,-0.12168146174384352,-0.06715342778730747,-0.03352007615769955,0.5449249778098338,-0.13085598064755344,-0.2359813632291101,-0.2662958158485814,-0.19611613513818404,-0.19300937626135234,-0.12168146174384352,-0.06715342778730747,-0.03352007615769955,0.5449249778098338,-0.21680296415038888,1.9535138126504805,-1.175735064194511,-0.40583972495671383,-0.16278112867447064
0,1.3529833011426107,-1.5661069258891576,-0.47454519624983954,-0.4736736092984604,-0.03594573317873878,0.5446511676720712,-1.1168810094012038,0.5370842201482933,-0.6244040257055189,1.3529833011426107,-1.5661069258891576,-0.47454519624983954,-0.4736736092984604,-0.03594573317873878,0.5446511676720712,-1.1168810094012038,0.5370842201482933,-0.6244040257055189,1.542017918463271,-0.3103376767924555,-0.3760014818308347,-0.3895323082701867,0.34395212164798283,1.5537577647651732,-0.3739074813690831,1.4670351593399833,-0.13632181405786317,-1.4609134070857044,-0.4030649954631285,-0.4194008220350217,-0.3972069776910602,-0.8746533061339944,-1.1971699031058678,-0.4975534921199921,-0.7470324187216006,-0.2328872501475753,-0.28708333828187355,-0.32078666523533045,-0.39610534423349997,-0.38113017778990566,-0.3694246287326534,-0.2751579580367754,-0.2900883232983121,-0.2955781683826058,-0.3888554871521795,-0.41265547100857053,-0.2943754514063852,-0.3658086479243954,-0.1491347759819012,0.5540492263005946,-0.3921715217284658,0.0798586784530748,-0.31690184539925664,0.5449215208897721,-0.6685250661686233,0.9574498946399291,-0.337529114616601,-1.1087392780725651,-0.5252894751020448,-0.7049484103449949,0.29322481827021163,-0.26058043793158214,-0.4271559153457235,-0.7376951317802901,0.7376951317802901,2.0745051044939435,-0.3075623426146228,-1.6238025415294657,-0.13085598064755344,-0.2359813632291101,-0.2662958158485814,-0.19611613513818404,-0.19300937626135234,-0.12168146174384352,-0.06715342778730747,-0.03352007615769955,0.5449249778098338,-0.21680296415038888,-0.5118980953829163,0.8505317485662419,-0.40583972495671383,-0.16278112867447064,0.8119223343984152,-0.1699069165076462,-0.2081478487327801,-0.6981970580620328,-0.7376951317802901,0.7376951317802901,-0.7376951317802901,0.7376951317802901,-0.7376951317802901,0.7376951317802901,-0.7376951317802901,0.7376951317802901,2.0745051044939435,-0.3075623426146228,-1.6238025415294657,2.0745051044939435,-0.3075623426146228,-1.6238025415294657,2.0745051044939435,-0.3075623426146228,-1.6238025415294657,-0.13085598064755344,-0.2359813632291101,-0.2662958158485814,-0.19611613513818404,-0.19300937626135234,-0.12168146174384352,-0.06715342778730747,-0.03352007615769955,0.5449249778098338,-0.13085598064755344,-0.2359813632291101,-0.2662958158485814,-0.19611613513818404,-0.19300937626135234,-0.12168146174384352,-0.06715342778730747,-0.03352007615769955,0.5449249778098338,-0.21680296415038888,-0.5118980953829163,0.8505317485662419,-0.40583972495671383,-0.16278112867447064
0,1.356871184191871,0.8273772438659699,-0.47454519624983954,-0.4736736092984604,-0.4989475622371262,0.5446511676720712,0.96425644365423,-0.497228546751122,-0.6244040257055189,1.356871184191871,0.8273772438659699,-0.47454519624983954,-0.4736736092984604,-0.4989475622371262,0.5446511676720712,0.96425644365423,-0.497228546751122,-0.6244040257055189,1.5487243015315542,1.854261434619416,-0.3760014818308347,-0.3895323082701867,-0.31825141632010634,1.5572399588324188,1.9785864480091497,0.20113866167229366,-0.13540761183054795,0.8635041745453002,-0.4030649954631285,-0.4194008220350217,-0.571347415835755,0.7925352191037062,1.3577269342345568,-0.07073690533028135,-0.3576753639798948,-0.2328872501475753,-0.28708333828187355,-0.32078666523533045,-0.39610534423349997,-0.38113017778990566,-0.3694246287326534,-0.2751579580367754,-0.2900883232983121,-0.2955781683826058,-0.3888554871521795,-0.41265547100857053,-0.2943754514063852,-0.3658086479243954,-0.19836401418550262,-0.33212765423625973,-0.41485036472765574,-0.4340408953724373,-0.4123594838653976,0.5449215208897721,1.1227307914744915,-0.07507948397468743,-0.337529114616601,0.9989187709831968,0.026867934339009688,-0.22342026433344614,-0.714793108726999,-0.5582434766457356,-0.4271559153457235,-0.7376951317802901,0.7376951317802901,-0.4820426798824101,-0.3075623426146228,0.6158384251930635,-0.13085598064755344,-0.2359813632291101,-0.2662958158485814,-0.19611613513818404,-0.19300937626135234,-0.12168146174384352,-0.06715342778730747,-0.03352007615769955,0.5449249778098338,-0.21680296415038888,-0.5118980953829163,0.8505317485662419,-0.40583972495671383,-0.16278112867447064,0.8119223343984152,-0.1699069165076462,-0.2081478487327801,-0.6981970580620328,-0.7376951317802901,0.7376951317802901,-0.7376951317802901,0.7376951317802901,-0.7376951317802901,0.7376951317802901,-0.7376951317802901,0.7376951317802901,-0.4820426798824101,-0.3075623426146228,0.6158384251930635,-0.4820426798824101,-0.3075623426146228,0.6158384251930635,-0.4820426798824101,-0.3075623426146228,0.6158384251930635,-0.13085598064755344,-0.2359813632291101,-0.2662958158485814,-0.19611613513818404,-0.19300937626135234,-0.12168146174384352,-0.06715342778730747,-0.03352007615769955,0.5449249778098338,-0.13085598064755344,-0.2359813632291101,-0.2662958158485814,-0.19611613513818404,-0.19300937626135234,-0.12168146174384352,-0.06715342778730747,-0.03352007615769955,0.5449249778098338,-0.21680296415038888,-0.5118980953829163,0.8505317485662419,-0.40583972495671383,-0.16278112867447064
0,1.3607590672411314,-0.3693648410115938,-0.47454519624983954,-0.4736736092984604,-0.37816447639580775,0.5446511676720712,0.96425644365423,0.8818551424480984,-0.6244040257055189,1.3607590672411314,-0.3693648410115938,-0.47454519624983954,-0.4736736092984604,-0.37816447639580775,0.5446511676720712,0.96425644365423,0.8818551424480984,-0.6244040257055189,1.5554391256106217,0.7753631974417831,-0.3760014818308347,-0.3895323082701867,-0.14474719708694447,1.5607221528996644,1.9825408380508969,1.8969823514860502,-0.13449340960323272,-0.5892568139740777,-0.4030649954631285,-0.4194008220350217,-0.4746027279775913,-0.04105904351514409,0.42799519961826915,0.6406240726525699,-0.5523538913507477,-0.2328872501475753,-0.28708333828187355,-0.32078666523533045,-0.39610534423349997,-0.38113017778990566,-0.3694246287326534,-0.2751579580367754,-0.2900883232983121,-0.2955781683826058,-0.3888554871521795,-0.41265547100857053,-0.2943754514063852,-0.3658086479243954,-0.19142217096055295,-0.10095107670490644,-0.17194630991111728,-0.20779579997755776,-0.38745749122205647,0.5449215208897721,1.1227307914744915,1.3016263541781348,-0.337529114616601,0.9989187709831968,1.5112004740662026,-0.22342026433344614,0.7785667831207204,-0.16135942502686434,-0.4271559153457235,-0.7376951317802901,0.7376951317802901,-0.4820426798824101,-0.3075623426146228,0.6158384251930635,-0.13085598064755344,-0.2359813632291101,-0.2662958158485814,-0.19611613513818404,-0.19300937626135234,-0.12168146174384352,-0.06715342778730747,-0.03352007615769955,0.5449249778098338,-0.21680296415038888,-0.5118980953829163,0.8505317485662419,-0.40583972495671383,-0.16278112867447064,0.8119223343984152,-0.1699069165076462,-0.2081478487327801,-0.6981970580620328,-0.7376951317802901,0.7376951317802901,-0.7376951317802901,0.7376951317802901,-0.7376951317802901,0.7376951317802901,-0.7376951317802901,0.7376951317802901,-0.4820426798824101,-0.3075623426146228,0.6158384251930635,-0.4820426798824101,-0.3075623426146228,0.6158384251930635,-0.4820426798824101,-0.3075623426146228,0.6158384251930635,-0.13085598064755344,-0.2359813632291101,-0.2662958158485814,-0.19611613513818404,-0.19300937626135234,-0.12168146174384352,-0.06715342778730747,-0.03352007615769955,0.5449249778098338,-0.13085598064755344,-0.2359813632291101,-0.2662958158485814,-0.19611613513818404,-0.19300937626135234,-0.12168146174384352,-0.06715342778730747,-0.03352007615769955,0.5449249778098338,-0.21680296415038888,-0.5118980953829163,0.8505317485662419,-0.40583972495671383,-0.16278112867447064
1,1.3646469502903917,-1.5661069258891576,-0.47454519624983954,-0.4736736092984604,-0.13659830471317083,-1.8668102534866975,-0.5095104222433947,1.5713969870477085,-0.6244040257055189,1.3646469502903917,-1.5661069258891576,-0.47454519624983954,-0.4736736092984604,-0.13659830471317083,-1.8668102534866975,-0.5095104222433947,1.5713969870477085,-0.6244040257055189,1.5621623907004738,-0.3062560945584922,-0.3760014818308347,-0.3895323082701867,0.20266026843594734,-1.0852027478098962,0.31708250757911155,2.7488950428546803,-0.1335792073759175,-1.4609134070857044,-0.4030649954631285,-0.4194008220350217,-0.49395166554922404,-1.6704316554584984,-0.9942108085507874,-0.07073690533028135,-0.7470324187216006,-0.2328872501475753,-0.28708333828187355,-0.32078666523533045,-0.39610534423349997,-0.38113017778990566,-0.3694246287326534,-0.2751579580367754,-0.2900883232983121,-0.2955781683826058,-0.3888554871521795,-0.41265547100857053,-0.2943754514063852,-0.3658086479243954,-0.16504316670574418,-0.5581365765170765,-0.2222426551299511,0.2253019540640688,-0.33765350593537424,-1.8399449636419904,-1.2209241053195545,-0.9670871128370189,-0.8515365815723219,-0.7538678336953983,0.48431873309923607,-0.564416590908148,1.973254696598896,0.0370826007825713,-0.4271559153457235,1.3555735383351193,-1.3555735383351195,-0.4820426798824101,-0.3075623426146228,0.6158384251930635,-0.13085598064755344,-0.2359813632291101,-0.2662958158485814,5.099019513592785,-0.19300937626135234,-0.12168146174384352,-0.06715342778730747,-0.03352007615769955,-1.8351149988007645,-0.21680296415038888,-0.5118980953829163,-1.175735064194511,-0.40583972495671383,6.1432182473669785,0.8119223343984152,-0.1699069165076462,-0.2081478487327801,-0.6981970580620328,1.3555735383351193,-1.3555735383351195,1.3555735383351193,-1.3555735383351195,1.3555735383351193,-1.3555735383351195,1.3555735383351193,-1.3555735383351195,-0.4820426798824101,-0.3075623426146228,0.6158384251930635,-0.4820426798824101,-0.3075623426146228,0.6158384251930635,-0.4820426798824101,-0.3075623426146228,0.6158384251930635,-0.13085598064755344,-0.2359813632291101,-0.2662958158485814,5.099019513592785,-0.19300937626135234,-0.12168146174384352,-0.06715342778730747,-0.03352007615769955,-1.8351149988007645,-0.13085598064755344,-0.2359813632291101,-0.2662958158485814,5.099019513592785,-0.19300937626135234,-0.12168146174384352,-0.06715342778730747,-0.03352007615769955,-1.8351149988007645,-0.21680296415038888,-0.5118980953829163,-1.175735064194511,-0.40583972495671383,6.1432182473669785
1,1.368534833339652,0.8273772438659699,-0.47454519624983954,-0.4736736092984604,-0.4788170479302398,0.5446511676720712,-0.5095104222433947,0.19231329784848822,-0.6244040257055189,1.368534833339652,0.8273772438659699,-0.47454519624983954,-0.4736736092984604,-0.4788170479302398,0.5446511676720712,-0.5095104222433947,0.19231329784848822,-0.6244040257055189,1.5688940968011102,1.8665061813213057,-0.3760014818308347,-0.3895323082701867,-0.28854203819927016,1.5676865410341556,0.31894227689248544,1.0551798044871914,-0.13266500514860227,0.8635041745453002,-0.4030649954631285,-0.4194008220350217,-0.5133006031208568,0.7925352191037062,-0.11969588642374947,0.7828962682491402,-0.3576753639798948,-0.2328872501475753,-0.28708333828187355,-0.32078666523533045,-0.39610534423349997,-0.38113017778990566,-0.3694246287326534,-0.2751579580367754,-0.2900883232983121,-0.2955781683826058,-0.3888554871521795,-0.41265547100857053,-0.2943754514063852,-0.3658086479243954,-0.1974962837823839,-0.29359822464770086,-0.5459197811441774,-0.3726315123366843,-0.40820915175817407,0.5449215208897721,-0.14575511629852972,0.6132734351017236,-0.337529114616601,-0.7538678336953983,-0.21377024625881774,-0.564416590908148,-0.1174491519879112,-0.3598014508363,-0.4271559153457235,1.3555735383351193,-1.3555735383351195,-0.4820426798824101,-0.3075623426146228,0.6158384251930635,-0.13085598064755344,-0.2359813632291101,-0.2662958158485814,-0.19611613513818404,-0.19300937626135234,-0.12168146174384352,-0.06715342778730747,-0.03352007615769955,0.5449249778098338,-0.21680296415038888,-0.5118980953829163,-1.175735064194511,2.4640269015229057,-0.16278112867447064,0.8119223343984152,-0.1699069165076462,-0.2081478487327801,-0.6981970580620328,1.3555735383351193,-1.3555735383351195,1.3555735383351193,-1.3555735383351195,1.3555735383351193,-1.3555735383351195,1.3555735383351193,-1.3555735383351195,-0.4820426798824101,-0.3075623426146228,0.6158384251930635,-0.4820426798824101,-0.3075623426146228,0.6158384251930635,-0.4820426798824101,-0.3075623426146228,0.6158384251930635,-0.13085598064755344,-0.2359813632291101,-0.2662958158485814,-0.19611613513818404,-0.19300937626135234,-0.12168146174384352,-0.06715342778730747,-0.03352007615769955,0.5449249778098338,-0.13085598064755344,-0.2359813632291101,-0.2662958158485814,-0.19611613513818404,-0.19300937626135234,-0.12168146174384352,-0.06715342778730747,-0.03352007615769955,0.5449249778098338,-0.21680296415038888,-0.5118980953829163,-1.175735064194511,2.4640269015229057,-0.16278112867447064
0,1.3724227163889124,0.8273772438659699,-0.47454519624983954,-0.4736736092984604,-0.4989475622371262,0.5446511676720712,-1.1168810094012038,0.19231329784848822,-0.6244040257055189,1.3724227163889124,0.8273772438659699,-0.47454519624983954,-0.4736736092984604,-0.4989475622371262,0.5446511676720712,-1.1168810094012038,0.19231329784848822,-0.6244040257055189,1.5756342439125315,1.8705877635552692,-0.3760014818308347,-0.3895323082701867,-0.317235711085206,1.5711687351014012,-0.3689248229697708,1.057840368795026,-0.13175080292128702,0.8635041745453002,-0.4030649954631285,-0.4194008220350217,-0.571347415835755,0.7925352191037062,-0.7285731700889909,0.7828962682491402,-0.3576753639798948,-0.2328872501475753,-0.28708333828187355,-0.32078666523533045,-0.39610534423349997,-0.38113017778990566,-0.3694246287326534,-0.2751579580367754,-0.2900883232983121,-0.2955781683826058,-0.3888554871521795,-0.41265547100857053,-0.2943754514063852,-0.3658086479243954,-0.19836401418550262,-0.33212765423625973,-0.626822817058193,-0.3887918762934614,-0.4123594838653976,0.5449215208897721,-0.6685250661686233,0.6132734351017236,-0.337529114616601,-1.1087392780725651,-0.6188048076611016,-0.7049484103449949,-0.1174491519879112,-0.3598014508363,-0.4271559153457235,-0.7376951317802901,0.7376951317802901,2.0745051044939435,-0.3075623426146228,-1.6238025415294657,-0.13085598064755344,-0.2359813632291101,-0.2662958158485814,-0.19611613513818404,-0.19300937626135234,-0.12168146174384352,-0.06715342778730747,-0.03352007615769955,0.5449249778098338,-0.21680296415038888,-0.5118980953829163,0.8505317485662419,-0.40583972495671383,-0.16278112867447064,0.8119223343984152,-0.1699069165076462,-0.2081478487327801,-0.6981970580620328,-0.7376951317802901,0.7376951317802901,-0.7376951317802901,0.7376951317802901,-0.7376951317802901,0.7376951317802901,-0.7376951317802901,0.7376951317802901,2.0745051044939435,-0.3075623426146228,-1.6238025415294657,2.0745051044939435,-0.3075623426146228,-1.6238025415294657,2.0745051044939435,-0.3075623426146228,-1.6238025415294657,-0.13085598064755344,-0.2359813632291101,-0.2662958158485814,-0.19611613513818404,-0.19300937626135234,-0.12168146174384352,-0.06715342778730747,-0.03352007615769955,0.5449249778098338,-0.13085598064755344,-0.2359813632291101,-0.2662958158485814,-0.19611613513818404,-0.19300937626135234,-0.12168146174384352,-0.06715342778730747,-0.03352007615769955,0.5449249778098338,-0.21680296415038888,-0.5118980953829163,0.8505317485662419,-0.40583972495671383,-0.16278112867447064
0,1.3763105994381728,0.8273772438659699,0.4327933656785018,0.7676298785983874,-0.15672881902005725,0.5446511676720712,-0.5095104222433947,0.19231329784848822,0.48939774987729867,1.3763105994381728,0.8273772438659699,0.4327933656785018,0.7676298785983874,-0.15672881902005725,0.5446511676720712,-0.5095104222433947,0.19231329784848822,0.48939774987729867,1.582382832034737,1.8746693457892325,1.0104731037951624,1.4451961374627176,0.17636075788941957,1.5746509291686466,0.32266181551923323,1.0605009331028605,1.3318869630103956,0.8635041745453002,0.5387118689362969,0.9889639986931354,0.41544840031751534,0.7925352191037062,-0.11969588642374947,0.7828962682491402,0.8103958002452226,-0.07639966350995119,0.2184329747796864,-0.017165984077790217,0.5281575091431288,0.16061446244642888,0.6923732557860374,0.048706956904792466,0.07498045644575013,0.045746140543500825,0.9624460102277982,0.4725028221561908,0.7753167476274208,0.26748572765974243,-0.1678777526892653,0.32287264876924127,-0.2412824860719644,-0.11406568902825052,-0.14258789689586887,0.5449215208897721,-0.14575511629852972,0.6132734351017236,0.7393377686336078,-0.7538678336953983,-0.21377024625881774,0.04111021931238319,-0.1174491519879112,0.6324086782108782,0.08106764742915833,1.3555735383351193,-1.3555735383351195,-0.4820426798824101,-0.3075623426146228,0.6158384251930635,-0.13085598064755344,-0.2359813632291101,-0.2662958158485814,-0.19611613513818404,-0.19300937626135234,-0.12168146174384352,-0.06715342778730747,-0.03352007615769955,0.5449249778098338,-0.21680296415038888,-0.5118980953829163,-1.175735064194511,2.4640269015229057,-0.16278112867447064,-1.2316448970959013,-0.1699069165076462,-0.2081478487327801,1.4322604033532795,1.3555735383351193,-1.3555735383351195,1.3555735383351193,-1.3555735383351195,1.3555735383351193,-1.3555735383351195,1.3555735383351193,-1.3555735383351195,-0.4820426798824101,-0.3075623426146228,0.6158384251930635,-0.4820426798824101,-0.3075623426146228,0.6158384251930635,-0.4820426798824101,-0.3075623426146228,0.6158384251930635,-0.13085598064755344,-0.2359813632291101,-0.2662958158485814,-0.19611613513818404,-0.19300937626135234,-0.12168146174384352,-0.06715342778730747,-0.03352007615769955,0.5449249778098338,-0.13085598064755344,-0.2359813632291101,-0.2662958158485814,-0.19611613513818404,-0.19300937626135234,-0.12168146174384352,-0.06715342778730747,-0.03352007615769955,0.5449249778098338,-0.21680296415038888,-0.5118980953829163,-1.175735064194511,2.4640269015229057,-0.16278112867447064
0,1.3801984824874334,-0.3693648410115938,-0.47454519624983954,-0.4736736092984604,-0.37816447639580775,0.5446511676720712,0.96425644365423,0.5370842201482933,-0.0675031379141101,1.3801984824874334,-0.3693648410115938,-0.47454519624983954,-0.4736736092984604,-0.37816447639580775,0.5446511676720712,0.96425644365423,0.5370842201482933,-0.0675031379141101,1.589139861167727,0.788968471554994,-0.3760014818308347,-0.3895323082701867,-0.14238930993449714,1.5781331232358922,2.002312788259633,1.4893838995257935,0.6023535856128425,-0.5892568139740777,-0.4030649954631285,-0.4194008220350217,-0.4746027279775913,-0.04105904351514409,0.42799519961826915,0.3560796814594294,-0.1629968366090419,-0.2328872501475753,-0.28708333828187355,-0.32078666523533045,-0.39610534423349997,-0.38113017778990566,-0.3694246287326534,-0.2751579580367754,-0.2900883232983121,-0.2955781683826058,-0.3888554871521795,-0.41265547100857053,-0.2943754514063852,-0.3658086479243954,-0.19142217096055295,-0.10095107670490644,-0.17194630991111728,-0.24981274626517824,-0.33350317382815076,0.5449215208897721,1.1227307914744915,0.9574498946399291,0.20090432700850336,0.9989187709831968,1.1401173391344044,0.42033946735152133,0.29322481827021163,0.33474563949672476,-0.23657207930514282,-0.7376951317802901,0.7376951317802901,-0.4820426798824101,-0.3075623426146228,0.6158384251930635,-0.13085598064755344,-0.2359813632291101,-0.2662958158485814,-0.19611613513818404,-0.19300937626135234,-0.12168146174384352,-0.06715342778730747,-0.03352007615769955,0.5449249778098338,-0.21680296415038888,-0.5118980953829163,0.8505317485662419,-0.40583972495671383,-0.16278112867447064,0.8119223343984152,-0.1699069165076462,-0.2081478487327801,-0.6981970580620328,-0.7376951317802901,0.7376951317802901,-0.7376951317802901,0.7376951317802901,-0.7376951317802901,0.7376951317802901,-0.7376951317802901,0.7376951317802901,-0.4820426798824101,-0.3075623426146228,0.6158384251930635,-0.4820426798824101,-0.3075623426146228,0.6158384251930635,-0.4820426798824101,-0.3075623426146228,0.6158384251930635,-0.13085598064755344,-0.2359813632291101,-0.2662958158485814,-0.19611613513818404,-0.19300937626135234,-0.12168146174384352,-0.06715342778730747,-0.03352007615769955,0.5449249778098338,-0.13085598064755344,-0.2359813632291101,-0.2662958158485814,-0.19611613513818404,-0.19300937626135234,-0.12168146174384352,-0.06715342778730747,-0.03352007615769955,0.5449249778098338,-0.21680296415038888,-0.5118980953829163,0.8505317485662419,-0.40583972495671383,-0.16278112867447064
1,1.3840863655366937,-0.3693648410115938,0.4327933656785018,0.7676298785983874,-0.11646779040628442,0.5446511676720712,-0.5095104222433947,0.19231329784848822,0.48939774987729867,1.3840863655366937,-0.3693648410115938,0.4327933656785018,0.7676298785983874,-0.11646779040628442,0.5446511676720712,-0.5095104222433947,0.19231329784848822,0.48939774987729867,1.5959053313115017,0.7916895263776362,1.0139392902592275,1.4497829585770499,0.23628736674854217,1.5816153173031378,0.32638135414598096,1.0658220617185297,1.337372176374287,-0.5892568139740777,0.2247862474698217,0.5195090584504164,0.028469648884860296,-0.04105904351514409,-0.5569533474872684,0.0715352902662889,0.2263602181326639,-0.07639966350995119,0.2184329747796864,0.008135739352004802,0.5281575091431288,0.16061446244642888,0.6923732557860374,0.048706956904792466,0.07498045644575013,0.07418983295400972,0.9624460102277982,0.4725028221561908,0.7753167476274208,0.26748572765974243,-0.16209288333514058,0.399931507946359,-0.20320282418793778,-0.0817449611146963,-0.11768590425252776,0.5449215208897721,-0.14575511629852972,0.6132734351017236,0.7393377686336078,-0.7538678336953983,-0.21377024625881774,0.04111021931238319,-0.1174491519879112,0.6324086782108782,0.08106764742915833,1.3555735383351193,-1.3555735383351195,-0.4820426798824101,-0.3075623426146228,0.6158384251930635,-0.13085598064755344,-0.2359813632291101,-0.2662958158485814,-0.19611613513818404,-0.19300937626135234,-0.12168146174384352,-0.06715342778730747,-0.03352007615769955,0.5449249778098338,-0.21680296415038888,-0.5118980953829163,-1.175735064194511,2.4640269015229057,-0.16278112867447064,-1.2316448970959013,-0.1699069165076462,-0.2081478487327801,1.4322604033532795,1.3555735383351193,-1.3555735383351195,1.3555735383351193,-1.3555735383351195,1.3555735383351193,-1.3555735383351195,1.3555735383351193,-1.3555735383351195,-0.4820426798824101,-0.3075623426146228,0.6158384251930635,-0.4820426798824101,-0.3075623426146228,0.6158384251930635,-0.4820426798824101,-0.3075623426146228,0.6158384251930635,-0.13085598064755344,-0.2359813632291101,-0.2662958158485814,-0.19611613513818404,-0.19300937626135234,-0.12168146174384352,-0.06715342778730747,-0.03352007615769955,0.5449249778098338,-0.13085598064755344,-0.2359813632291101,-0.2662958158485814,-0.19611613513818404,-0.19300937626135234,-0.12168146174384352,-0.06715342778730747,-0.03352007615769955,0.5449249778098338,-0.21680296415038888,-0.5118980953829163,-1.175735064194511,2.4640269015229057,-0.16278112867447064
1,1.387974248585954,-1.5661069258891576,0.4327933656785018,2.0089333664952354,1.7758005544410382,-1.8194778495589943,0.96425644365423,-1.5315413136505371,1.0462986376687076,1.387974248585954,-1.5661069258891576,0.4327933656785018,2.0089333664952354,1.7758005544410382,-1.8194778495589943,0.96425644365423,-1.5315413136505371,1.0462986376687076,1.6026792424660607,-0.2980929300905656,1.01567238349126,3.2936850465386187,2.97535418377919,-1.0318606171920213,2.0102215683431273,-1.0679505131647973,2.074219171590362,-1.4609134070857044,-0.0891393739966534,0.5195090584504164,1.3441974037558875,-1.6548120390977903,-0.5017365349980186,-1.3511866656994136,-0.1629968366090419,-0.07639966350995119,0.7239492878412465,1.1973167405523708,-0.3368577254273058,0.770770541893495,-0.3694246287326534,0.15666192855198174,1.1701867956779368,3.1176649208784606,-0.21561170543679775,3.351533038490722,-0.2943754514063852,1.3229763536333055,0.6318225868249371,-0.30545343375187284,4.159842667650485,-0.5019144239909011,1.5507476028513267,-1.83504312030046,-1.1185073825585012,-1.107608862589304,-0.7379026994147555,0.9989187709831968,-1.086381470456385,1.7078589307214564,-1.0507990843927357,-0.855906515359889,0.52576326485718,-0.7376951317802901,0.7376951317802901,-0.4820426798824101,-0.3075623426146228,0.6158384251930635,-0.13085598064755344,4.237622777986573,-0.2662958158485814,-0.19611613513818404,-0.19300937626135234,-0.12168146174384352,-0.06715342778730747,-0.03352007615769955,-1.8351149988007645,4.612483062299524,-0.5118980953829163,-1.175735064194511,-0.40583972495671383,-0.16278112867447064,-1.2316448970959013,-0.1699069165076462,-0.2081478487327801,1.4322604033532795,-0.7376951317802901,0.7376951317802901,-0.7376951317802901,0.7376951317802901,-0.7376951317802901,0.7376951317802901,-0.7376951317802901,0.7376951317802901,-0.4820426798824101,-0.3075623426146228,0.6158384251930635,-0.4820426798824101,-0.3075623426146228,0.6158384251930635,-0.4820426798824101,-0.3075623426146228,0.6158384251930635,-0.13085598064755344,4.237622777986573,-0.2662958158485814,-0.19611613513818404,-0.19300937626135234,-0.12168146174384352,-0.06715342778730747,-0.03352007615769955,-1.8351149988007645,-0.13085598064755344,4.237622777986573,-0.2662958158485814,-0.19611613513818404,-0.19300937626135234,-0.12168146174384352,-0.06715342778730747,-0.03352007615769955,-1.8351149988007645,4.612483062299524,-0.5118980953829163,-1.175735064194511,-0.40583972495671383,-0.16278112867447064
1,1.3918621316352144,0.8273772438659699,-0.47454519624983954,0.7676298785983874,-0.4788170479302398,0.5446511676720712,-1.1168810094012038,-1.5315413136505371,-0.0675031379141101,1.3918621316352144,0.8273772438659699,-0.47454519624983954,0.7676298785983874,-0.4788170479302398,0.5446511676720712,-1.1168810094012038,-1.5315413136505371,-0.0675031379141101,1.6094615946314044,1.8909956747250856,-0.3760014818308347,1.4543697796913821,-0.2868008292251552,1.588579705437629,-0.3639421645704585,-1.0679505131647973,0.6078387989767338,0.8635041745453002,-0.4030649954631285,0.9889639986931354,-0.5133006031208568,0.7925352191037062,-0.7285731700889909,-1.3511866656994136,0.2263602181326639,-0.2328872501475753,-0.28708333828187355,-0.32078666523533045,-0.39610534423349997,-0.38113017778990566,-0.3694246287326534,-0.2751579580367754,0.07498045644575013,-0.18180339874057028,0.9624460102277982,0.061644365260601956,-0.2943754514063852,0.056387602465029836,-0.1974962837823839,-0.29359822464770086,-0.6166205868264658,-0.5019144239909011,-0.3750064949003859,0.5449215208897721,-0.6685250661686233,-1.107608862589304,0.20090432700850336,-1.1087392780725651,-1.086381470456385,-0.5427168246715761,-1.0507990843927357,-0.855906515359889,-0.23657207930514282,-0.7376951317802901,0.7376951317802901,2.0745051044939435,-0.3075623426146228,-1.6238025415294657,-0.13085598064755344,-0.2359813632291101,-0.2662958158485814,-0.19611613513818404,-0.19300937626135234,-0.12168146174384352,-0.06715342778730747,-0.03352007615769955,0.5449249778098338,4.612483062299524,-0.5118980953829163,-1.175735064194511,-0.40583972495671383,-0.16278112867447064,-1.2316448970959013,-0.1699069165076462,-0.2081478487327801,1.4322604033532795,-0.7376951317802901,0.7376951317802901,-0.7376951317802901,0.7376951317802901,-0.7376951317802901,0.7376951317802901,-0.7376951317802901,0.7376951317802901,2.0745051044939435,-0.3075623426146228,-1.6238025415294657,2.0745051044939435,-0.3075623426146228,-1.6238025415294657,2.0745051044939435,-0.3075623426146228,-1.6238025415294657,-0.13085598064755344,-0.2359813632291101,-0.2662958158485814,-0.19611613513818404,-0.19300937626135234,-0.12168146174384352,-0.06715342778730747,-0.03352007615769955,0.5449249778098338,-0.13085598064755344,-0.2359813632291101,-0.2662958158485814,-0.19611613513818404,-0.19300937626135234,-0.12168146174384352,-0.06715342778730747,-0.03352007615769955,0.5449249778098338,4.612483062299524,-0.5118980953829163,-1.175735064194511,-0.40583972495671383,-0.16278112867447064
1,1.3957500146844748,0.8273772438659699,-0.47454519624983954,-0.4736736092984604,-0.5190780765440126,0.5446511676720712,0.96425644365423,-0.1524576244513169,-0.6244040257055189,1.3957500146844748,0.8273772438659699,-0.47454519624983954,-0.4736736092984604,-0.5190780765440126,0.5446511676720712,0.96425644365423,-0.1524576244513169,-0.6244040257055189,1.6162523878075323,1.895077256959049,-0.3760014818308347,-0.3895323082701867,-0.3449136787362414,1.5920618995048745,2.0181303484266215,0.6454529010806672,-0.12626558955739564,0.8635041745453002,-0.4030649954631285,-0.4194008220350217,-0.6293942285506533,0.7925352191037062,1.3577269342345568,0.3560796814594294,-0.3576753639798948,-0.2328872501475753,-0.28708333828187355,-0.32078666523533045,-0.39610534423349997,-0.38113017778990566,-0.3694246287326534,-0.2751579580367754,-0.2900883232983121,-0.2955781683826058,-0.3888554871521795,-0.41265547100857053,-0.2943754514063852,-0.3658086479243954,-0.19911604720153883,-0.3706570838248186,-0.4553343738637455,-0.42434467699837103,-0.4165098159726211,0.5449215208897721,1.1227307914744915,0.2690969755635181,-0.337529114616601,0.9989187709831968,0.3979510692708079,-0.22342026433344614,-0.45345512765364804,-0.4590224637410178,-0.4271559153457235,-0.7376951317802901,0.7376951317802901,-0.4820426798824101,-0.3075623426146228,0.6158384251930635,-0.13085598064755344,-0.2359813632291101,-0.2662958158485814,-0.19611613513818404,-0.19300937626135234,-0.12168146174384352,-0.06715342778730747,-0.03352007615769955,0.5449249778098338,-0.21680296415038888,-0.5118980953829163,0.8505317485662419,-0.40583972495671383,-0.16278112867447064,0.8119223343984152,-0.1699069165076462,-0.2081478487327801,-0.6981970580620328,-0.7376951317802901,0.7376951317802901,-0.7376951317802901,0.7376951317802901,-0.7376951317802901,0.7376951317802901,-0.7376951317802901,0.7376951317802901,-0.4820426798824101,-0.3075623426146228,0.6158384251930635,-0.4820426798824101,-0.3075623426146228,0.6158384251930635,-0.4820426798824101,-0.3075623426146228,0.6158384251930635,-0.13085598064755344,-0.2359813632291101,-0.2662958158485814,-0.19611613513818404,-0.19300937626135234,-0.12168146174384352,-0.06715342778730747,-0.03352007615769955,0.5449249778098338,-0.13085598064755344,-0.2359813632291101,-0.2662958158485814,-0.19611613513818404,-0.19300937626135234,-0.12168146174384352,-0.06715342778730747,-0.03352007615769955,0.5449249778098338,-0.21680296415038888,-0.5118980953829163,0.8505317485662419,-0.40583972495671383,-0.16278112867447064
0,1.3996378977337351,0.8273772438659699,-0.47454519624983954,-0.4736736092984604,-0.4989475622371262,0.5446511676720712,0.96425644365423,0.19231329784848822,-0.6244040257055189,1.3996378977337351,0.8273772438659699,-0.47454519624983954,-0.4736736092984604,-0.4989475622371262,0.5446511676720712,0.96425644365423,0.19231329784848822,-0.6244040257055189,1.6230516219944449,1.8991588391930123,-0.3760014818308347,-0.3895323082701867,-0.31545822692413034,1.5955440935721201,2.022084738468369,1.076464318949868,-0.12535138733008042,0.8635041745453002,-0.4030649954631285,-0.4194008220350217,-0.571347415835755,0.7925352191037062,1.3577269342345568,0.7828962682491402,-0.3576753639798948,-0.2328872501475753,-0.28708333828187355,-0.32078666523533045,-0.39610534423349997,-0.38113017778990566,-0.3694246287326534,-0.2751579580367754,-0.2900883232983121,-0.2955781683826058,-0.3888554871521795,-0.41265547100857053,-0.2943754514063852,-0.3658086479243954,-0.19836401418550262,-0.33212765423625973,-0.41485036472765574,-0.3887918762934614,-0.4123594838653976,0.5449215208897721,1.1227307914744915,0.6132734351017236,-0.337529114616601,0.9989187709831968,0.7690342042026062,-0.22342026433344614,-0.1174491519879112,-0.3598014508363,-0.4271559153457235,-0.7376951317802901,0.7376951317802901,-0.4820426798824101,-0.3075623426146228,0.6158384251930635,-0.13085598064755344,-0.2359813632291101,-0.2662958158485814,-0.19611613513818404,-0.19300937626135234,-0.12168146174384352,-0.06715342778730747,-0.03352007615769955,0.5449249778098338,-0.21680296415038888,-0.5118980953829163,0.8505317485662419,-0.40583972495671383,-0.16278112867447064,0.8119223343984152,-0.1699069165076462,-0.2081478487327801,-0.6981970580620328,-0.7376951317802901,0.7376951317802901,-0.7376951317802901,0.7376951317802901,-0.7376951317802901,0.7376951317802901,-0.7376951317802901,0.7376951317802901,-0.4820426798824101,-0.3075623426146228,0.6158384251930635,-0.4820426798824101,-0.3075623426146228,0.6158384251930635,-0.4820426798824101,-0.3075623426146228,0.6158384251930635,-0.13085598064755344,-0.2359813632291101,-0.2662958158485814,-0.19611613513818404,-0.19300937626135234,-0.12168146174384352,-0.06715342778730747,-0.03352007615769955,0.5449249778098338,-0.13085598064755344,-0.2359813632291101,-0.2662958158485814,-0.19611613513818404,-0.19300937626135234,-0.12168146174384352,-0.06715342778730747,-0.03352007615769955,0.5449249778098338,-0.21680296415038888,-0.5118980953829163,0.8505317485662419,-0.40583972495671383,-0.16278112867447064
0,1.4035257807829955,-1.5661069258891576,-0.47454519624983954,-0.4736736092984604,-0.6398611623853311,-1.9265985531848488,0.96425644365423,0.8818551424480984,-0.6244040257055189,1.4035257807829955,-1.5661069258891576,-0.47454519624983954,-0.4736736092984604,-0.6398611623853311,-1.9265985531848488,0.96425644365423,0.8818551424480984,-0.6244040257055189,1.629859297192142,-0.2926508204452812,-0.3760014818308347,-0.3895323082701867,-0.5201228317565575,-1.150135021403071,2.0260391285101162,1.9379550418267024,-0.12443718510276519,-1.4609134070857044,-0.4030649954631285,-0.4194008220350217,-0.9776751048400428,-1.6901616971772877,-0.5017365349980186,-0.35528129652342183,-0.7470324187216006,-0.2328872501475753,-0.28708333828187355,-0.32078666523533045,-0.39610534423349997,-0.38113017778990566,-0.3694246287326534,-0.2751579580367754,-0.2900883232983121,-0.2955781683826058,-0.3888554871521795,-0.41265547100857053,-0.2943754514063852,-0.3658086479243954,-0.20119860016902374,-0.6018336613561719,-0.698238428680284,-0.5019144239909011,-0.44141180861596224,-1.8437381397128192,-1.2200597971880256,-1.0553374870775845,-0.8642805683563481,0.9989187709831968,1.5112004740662026,-0.22342026433344614,0.7785667831207204,-0.16135942502686434,-0.4271559153457235,-0.7376951317802901,0.7376951317802901,-0.4820426798824101,-0.3075623426146228,0.6158384251930635,7.64198926981712,-0.2359813632291101,-0.2662958158485814,-0.19611613513818404,-0.19300937626135234,-0.12168146174384352,-0.06715342778730747,-0.03352007615769955,-1.8351149988007645,-0.21680296415038888,-0.5118980953829163,0.8505317485662419,-0.40583972495671383,-0.16278112867447064,0.8119223343984152,-0.1699069165076462,-0.2081478487327801,-0.6981970580620328,-0.7376951317802901,0.7376951317802901,-0.7376951317802901,0.7376951317802901,-0.7376951317802901,0.7376951317802901,-0.7376951317802901,0.7376951317802901,-0.4820426798824101,-0.3075623426146228,0.6158384251930635,-0.4820426798824101,-0.3075623426146228,0.6158384251930635,-0.4820426798824101,-0.3075623426146228,0.6158384251930635,7.64198926981712,-0.2359813632291101,-0.2662958158485814,-0.19611613513818404,-0.19300937626135234,-0.12168146174384352,-0.06715342778730747,-0.03352007615769955,-1.8351149988007645,7.64198926981712,-0.2359813632291101,-0.2662958158485814,-0.19611613513818404,-0.19300937626135234,-0.12168146174384352,-0.06715342778730747,-0.03352007615769955,-1.8351149988007645,-0.21680296415038888,-0.5118980953829163,0.8505317485662419,-0.40583972495671383,-0.16278112867447064
0,1.4074136638322559,0.8273772438659699,-0.47454519624983954,-0.4736736092984604,-0.4989475622371262,0.5446511676720712,-0.5095104222433947,-1.1867703913507321,-0.6244040257055189,1.4074136638322559,0.8273772438659699,-0.47454519624983954,-0.4736736092984604,-0.4989475622371262,0.5446511676720712,-0.5095104222433947,-1.1867703913507321,-0.6244040257055189,1.6366754134006236,1.9073220036609388,-0.3760014818308347,-0.3895323082701867,-0.3149503743066801,1.602508481706611,0.33753997002622427,-0.6380033210187305,-0.12352298287544997,0.8635041745453002,-0.4030649954631285,-0.4194008220350217,-0.571347415835755,0.7925352191037062,-0.11969588642374947,-0.9243700789097029,-0.3576753639798948,-0.2328872501475753,-0.28708333828187355,-0.32078666523533045,-0.39610534423349997,-0.38113017778990566,-0.3694246287326534,-0.2751579580367754,-0.2900883232983121,-0.2955781683826058,-0.3888554871521795,-0.41265547100857053,-0.2943754514063852,-0.3658086479243954,-0.19836401418550262,-0.33212765423625973,-0.5649596120861907,-0.4792899144514132,-0.4123594838653976,0.5449215208897721,-0.14575511629852972,-0.7634324030510985,-0.337529114616601,-0.7538678336953983,-0.9118592256168716,-0.564416590908148,-1.0134650870965427,-0.7566855024551713,-0.4271559153457235,1.3555735383351193,-1.3555735383351195,-0.4820426798824101,-0.3075623426146228,0.6158384251930635,-0.13085598064755344,-0.2359813632291101,-0.2662958158485814,-0.19611613513818404,-0.19300937626135234,-0.12168146174384352,-0.06715342778730747,-0.03352007615769955,0.5449249778098338,-0.21680296415038888,1.9535138126504805,-1.175735064194511,-0.40583972495671383,-0.16278112867447064,0.8119223343984152,-0.1699069165076462,-0.2081478487327801,-0.6981970580620328,1.3555735383351193,-1.3555735383351195,1.3555735383351193,-1.3555735383351195,1.3555735383351193,-1.3555735383351195,1.3555735383351193,-1.3555735383351195,-0.4820426798824101,-0.3075623426146228,0.6158384251930635,-0.4820426798824101,-0.3075623426146228,0.6158384251930635,-0.4820426798824101,-0.3075623426146228,0.6158384251930635,-0.13085598064755344,-0.2359813632291101,-0.2662958158485814,-0.19611613513818404,-0.19300937626135234,-0.12168146174384352,-0.06715342778730747,-0.03352007615769955,0.5449249778098338,-0.13085598064755344,-0.2359813632291101,-0.2662958158485814,-0.19611613513818404,-0.19300937626135234,-0.12168146174384352,-0.06715342778730747,-0.03352007615769955,0.5449249778098338,-0.21680296415038888,1.9535138126504805,-1.175735064194511,-0.40583972495671383,-0.16278112867447064
0,1.4113015468815162,-0.3693648410115938,-0.47454519624983954,-0.4736736092984604,-0.37816447639580775,0.5446511676720712,0.96425644365423,0.8818551424480984,-0.6244040257055189,1.4113015468815162,-0.3693648410115938,-0.47454519624983954,-0.4736736092984604,-0.37816447639580775,0.5446511676720712,0.96425644365423,0.8818551424480984,-0.6244040257055189,1.6434999706198896,0.8107369101361317,-0.3760014818308347,-0.3895323082701867,-0.13861669049058142,1.6059906757738567,2.0339479085936105,1.9454046218886394,-0.12260878064813474,-0.5892568139740777,-0.4030649954631285,-0.4194008220350217,-0.4746027279775913,-0.04105904351514409,0.42799519961826915,0.6406240726525699,-0.5523538913507477,-0.2328872501475753,-0.28708333828187355,-0.32078666523533045,-0.39610534423349997,-0.38113017778990566,-0.3694246287326534,-0.2751579580367754,-0.2900883232983121,-0.2955781683826058,-0.3888554871521795,-0.41265547100857053,-0.2943754514063852,-0.3658086479243954,-0.19142217096055295,-0.10095107670490644,-0.17194630991111728,-0.20779579997755776,-0.38745749122205647,0.5449215208897721,1.1227307914744915,1.3016263541781348,-0.337529114616601,0.9989187709831968,1.5112004740662026,-0.22342026433344614,0.7785667831207204,-0.16135942502686434,-0.4271559153457235,-0.7376951317802901,0.7376951317802901,-0.4820426798824101,-0.3075623426146228,0.6158384251930635,-0.13085598064755344,-0.2359813632291101,-0.2662958158485814,-0.19611613513818404,-0.19300937626135234,-0.12168146174384352,-0.06715342778730747,-0.03352007615769955,0.5449249778098338,-0.21680296415038888,-0.5118980953829163,0.8505317485662419,-0.40583972495671383,-0.16278112867447064,0.8119223343984152,-0.1699069165076462,-0.2081478487327801,-0.6981970580620328,-0.7376951317802901,0.7376951317802901,-0.7376951317802901,0.7376951317802901,-0.7376951317802901,0.7376951317802901,-0.7376951317802901,0.7376951317802901,-0.4820426798824101,-0.3075623426146228,0.6158384251930635,-0.4820426798824101,-0.3075623426146228,0.6158384251930635,-0.4820426798824101,-0.3075623426146228,0.6158384251930635,-0.13085598064755344,-0.2359813632291101,-0.2662958158485814,-0.19611613513818404,-0.19300937626135234,-0.12168146174384352,-0.06715342778730747,-0.03352007615769955,0.5449249778098338,-0.13085598064755344,-0.2359813632291101,-0.2662958158485814,-0.19611613513818404,-0.19300937626135234,-0.12168146174384352,-0.06715342778730747,-0.03352007615769955,0.5449249778098338,-0.21680296415038888,-0.5118980953829163,0.8505317485662419,-0.40583972495671383,-0.16278112867447064
1,1.4151894299307766,-1.5661069258891576,0.4327933656785018,-0.4736736092984604,0.42705609587964866,-1.8792661492571456,-0.5095104222433947,0.5370842201482933,-0.0675031379141101,1.4151894299307766,-1.5661069258891576,0.4327933656785018,-0.4736736092984604,0.42705609587964866,-1.8792661492571456,-0.5095104222433947,0.5370842201482933,-0.0675031379141101,1.6503329688499402,-0.28856923821131786,1.0278040361154874,-0.3895323082701867,1.0371709444674946,-1.0970573177508547,0.34125950865297205,1.518117994050407,0.6188092257045166,-1.4609134070857044,-0.0891393739966534,-0.4194008220350217,0.04781858645649305,-1.6745420808165796,-0.9942108085507874,-0.4975534921199921,-0.5523538913507477,-0.07639966350995119,-0.28708333828187355,0.34970900565423757,-0.35873376929420825,0.16061446244642888,0.9047328326897756,-0.05924801474239681,-0.2900883232983121,-0.2955781683826058,-0.3888554871521795,-0.41265547100857053,-0.2943754514063852,-0.3658086479243954,-0.03870162001166013,-0.5192651697428203,0.3108726112464217,0.5258847236601231,-0.0014766052502692205,-1.8409560124108695,-1.2264776641471424,-1.0241104315770766,-0.8324206013962827,-0.7538678336953983,-0.03924800141930428,-0.26165318579788244,0.29322481827021163,0.33474563949672476,-0.23657207930514282,1.3555735383351193,-1.3555735383351195,-0.4820426798824101,-0.3075623426146228,0.6158384251930635,-0.13085598064755344,-0.2359813632291101,-0.2662958158485814,-0.19611613513818404,5.181095444015676,-0.12168146174384352,-0.06715342778730747,-0.03352007615769955,-1.8351149988007645,-0.21680296415038888,-0.5118980953829163,-1.175735064194511,2.4640269015229057,-0.16278112867447064,-1.2316448970959013,-0.1699069165076462,-0.2081478487327801,1.4322604033532795,1.3555735383351193,-1.3555735383351195,1.3555735383351193,-1.3555735383351195,1.3555735383351193,-1.3555735383351195,1.3555735383351193,-1.3555735383351195,-0.4820426798824101,-0.3075623426146228,0.6158384251930635,-0.4820426798824101,-0.3075623426146228,0.6158384251930635,-0.4820426798824101,-0.3075623426146228,0.6158384251930635,-0.13085598064755344,-0.2359813632291101,-0.2662958158485814,-0.19611613513818404,5.181095444015676,-0.12168146174384352,-0.06715342778730747,-0.03352007615769955,-1.8351149988007645,-0.13085598064755344,-0.2359813632291101,-0.2662958158485814,-0.19611613513818404,5.181095444015676,-0.12168146174384352,-0.06715342778730747,-0.03352007615769955,-1.8351149988007645,-0.21680296415038888,-0.5118980953829163,-1.175735064194511,2.4640269015229057,-0.16278112867447064
0,1.419077312980037,0.8273772438659699,-0.47454519624983954,-0.4736736092984604,-0.4989475622371262,0.5446511676720712,0.96425644365423,-0.1524576244513169,-0.6244040257055189,1.419077312980037,0.8273772438659699,-0.47454519624983954,-0.4736736092984604,-0.4989475622371262,0.5446511676720712,0.96425644365423,-0.1524576244513169,-0.6244040257055189,1.657174408090775,1.9195667503628289,-0.3760014818308347,-0.3895323082701867,-0.3141885953805048,1.6129550639083479,2.041856688677105,0.6582236097582732,-0.12078037619350428,0.8635041745453002,-0.4030649954631285,-0.4194008220350217,-0.571347415835755,0.7925352191037062,1.3577269342345568,0.3560796814594294,-0.3576753639798948,-0.2328872501475753,-0.28708333828187355,-0.32078666523533045,-0.39610534423349997,-0.38113017778990566,-0.3694246287326534,-0.2751579580367754,-0.2900883232983121,-0.2955781683826058,-0.3888554871521795,-0.41265547100857053,-0.2943754514063852,-0.3658086479243954,-0.19836401418550262,-0.33212765423625973,-0.41485036472765574,-0.41141638583294937,-0.4123594838653976,0.5449215208897721,1.1227307914744915,0.2690969755635181,-0.337529114616601,0.9989187709831968,0.3979510692708079,-0.22342026433344614,-0.45345512765364804,-0.4590224637410178,-0.4271559153457235,-0.7376951317802901,0.7376951317802901,-0.4820426798824101,-0.3075623426146228,0.6158384251930635,-0.13085598064755344,-0.2359813632291101,-0.2662958158485814,-0.19611613513818404,-0.19300937626135234,-0.12168146174384352,-0.06715342778730747,-0.03352007615769955,0.5449249778098338,-0.21680296415038888,-0.5118980953829163,0.8505317485662419,-0.40583972495671383,-0.16278112867447064,0.8119223343984152,-0.1699069165076462,-0.2081478487327801,-0.6981970580620328,-0.7376951317802901,0.7376951317802901,-0.7376951317802901,0.7376951317802901,-0.7376951317802901,0.7376951317802901,-0.7376951317802901,0.7376951317802901,-0.4820426798824101,-0.3075623426146228,0.6158384251930635,-0.4820426798824101,-0.3075623426146228,0.6158384251930635,-0.4820426798824101,-0.3075623426146228,0.6158384251930635,-0.13085598064755344,-0.2359813632291101,-0.2662958158485814,-0.19611613513818404,-0.19300937626135234,-0.12168146174384352,-0.06715342778730747,-0.03352007615769955,0.5449249778098338,-0.13085598064755344,-0.2359813632291101,-0.2662958158485814,-0.19611613513818404,-0.19300937626135234,-0.12168146174384352,-0.06715342778730747,-0.03352007615769955,0.5449249778098338,-0.21680296415038888,-0.5118980953829163,0.8505317485662419,-0.40583972495671383,-0.16278112867447064
0,1.4229651960292975,0.8273772438659699,-0.47454519624983954,-0.4736736092984604,-0.15672881902005725,0.5446511676720712,0.96425644365423,0.8818551424480984,0.48939774987729867,1.4229651960292975,0.8273772438659699,-0.47454519624983954,-0.4736736092984604,-0.15672881902005725,0.5446511676720712,0.96425644365423,0.8818551424480984,0.48939774987729867,1.6640242883423948,1.9236483325967921,-0.3760014818308347,-0.3895323082701867,0.18680801173410921,1.6164372579755935,2.045811078718852,1.9565789919815446,1.364798243193744,0.8635041745453002,-0.4030649954631285,-0.4194008220350217,0.41544840031751534,0.7925352191037062,1.3577269342345568,1.6365294418285616,0.8103958002452226,-0.2328872501475753,-0.28708333828187355,-0.32078666523533045,-0.39610534423349997,-0.38113017778990566,-0.3694246287326534,-0.2751579580367754,-0.2900883232983121,-0.2955781683826058,-0.3888554871521795,-0.41265547100857053,-0.2943754514063852,-0.3658086479243954,-0.1678777526892653,0.32287264876924127,0.27337779058586986,0.041073804956809734,-0.14258789689586887,0.5449215208897721,1.1227307914744915,1.3016263541781348,0.7393377686336078,0.9989187709831968,1.5112004740662026,1.0640991990364888,0.7785667831207204,1.227734755639185,0.08106764742915833,-0.7376951317802901,0.7376951317802901,-0.4820426798824101,-0.3075623426146228,0.6158384251930635,-0.13085598064755344,-0.2359813632291101,-0.2662958158485814,-0.19611613513818404,-0.19300937626135234,-0.12168146174384352,-0.06715342778730747,-0.03352007615769955,0.5449249778098338,-0.21680296415038888,-0.5118980953829163,0.8505317485662419,-0.40583972495671383,-0.16278112867447064,0.8119223343984152,-0.1699069165076462,-0.2081478487327801,-0.6981970580620328,-0.7376951317802901,0.7376951317802901,-0.7376951317802901,0.7376951317802901,-0.7376951317802901,0.7376951317802901,-0.7376951317802901,0.7376951317802901,-0.4820426798824101,-0.3075623426146228,0.6158384251930635,-0.4820426798824101,-0.3075623426146228,0.6158384251930635,-0.4820426798824101,-0.3075623426146228,0.6158384251930635,-0.13085598064755344,-0.2359813632291101,-0.2662958158485814,-0.19611613513818404,-0.19300937626135234,-0.12168146174384352,-0.06715342778730747,-0.03352007615769955,0.5449249778098338,-0.13085598064755344,-0.2359813632291101,-0.2662958158485814,-0.19611613513818404,-0.19300937626135234,-0.12168146174384352,-0.06715342778730747,-0.03352007615769955,0.5449249778098338,-0.21680296415038888,-0.5118980953829163,0.8505317485662419,-0.40583972495671383,-0.16278112867447064
0,1.4268530790785579,-0.3693648410115938,-0.47454519624983954,-0.4736736092984604,-0.438556019316467,0.5446511676720712,0.96425644365423,0.5370842201482933,-0.6244040257055189,1.4268530790785579,-0.3693648410115938,-0.47454519624983954,-0.4736736092984604,-0.438556019316467,0.5446511676720712,0.96425644365423,0.5370842201482933,-0.6244040257055189,1.6708826096047988,0.8216211294267005,-0.3760014818308347,-0.3895323082701867,-0.2252055617658391,1.619919452042839,2.0497654687605995,1.5276960255586114,-0.11895197173887381,-0.5892568139740777,-0.4030649954631285,-0.4194008220350217,-0.5906963534073878,-0.04105904351514409,0.42799519961826915,0.3560796814594294,-0.5523538913507477,-0.2328872501475753,-0.28708333828187355,-0.32078666523533045,-0.39610534423349997,-0.38113017778990566,-0.3694246287326534,-0.2751579580367754,-0.2900883232983121,-0.2955781683826058,-0.3888554871521795,-0.41265547100857053,-0.2943754514063852,-0.3658086479243954,-0.19541373081489902,-0.21653936547058308,-0.2933983373193865,-0.30799005650957584,-0.39990848754372704,0.5449215208897721,1.1227307914744915,0.9574498946399291,-0.337529114616601,0.9989187709831968,1.1401173391344044,-0.22342026433344614,0.29322481827021163,-0.26058043793158214,-0.4271559153457235,-0.7376951317802901,0.7376951317802901,-0.4820426798824101,-0.3075623426146228,0.6158384251930635,-0.13085598064755344,-0.2359813632291101,-0.2662958158485814,-0.19611613513818404,-0.19300937626135234,-0.12168146174384352,-0.06715342778730747,-0.03352007615769955,0.5449249778098338,-0.21680296415038888,-0.5118980953829163,0.8505317485662419,-0.40583972495671383,-0.16278112867447064,0.8119223343984152,-0.1699069165076462,-0.2081478487327801,-0.6981970580620328,-0.7376951317802901,0.7376951317802901,-0.7376951317802901,0.7376951317802901,-0.7376951317802901,0.7376951317802901,-0.7376951317802901,0.7376951317802901,-0.4820426798824101,-0.3075623426146228,0.6158384251930635,-0.4820426798824101,-0.3075623426146228,0.6158384251930635,-0.4820426798824101,-0.3075623426146228,0.6158384251930635,-0.13085598064755344,-0.2359813632291101,-0.2662958158485814,-0.19611613513818404,-0.19300937626135234,-0.12168146174384352,-0.06715342778730747,-0.03352007615769955,0.5449249778098338,-0.13085598064755344,-0.2359813632291101,-0.2662958158485814,-0.19611613513818404,-0.19300937626135234,-0.12168146174384352,-0.06715342778730747,-0.03352007615769955,0.5449249778098338,-0.21680296415038888,-0.5118980953829163,0.8505317485662419,-0.40583972495671383,-0.16278112867447064
0,1.4307409621278182,0.8273772438659699,3.1548090514635256,2.0089333664952354,-0.01581521887185237,0.5446511676720712,-0.5095104222433947,-1.5315413136505371,2.717001301042934,1.4307409621278182,0.8273772438659699,3.1548090514635256,2.0089333664952354,-0.01581521887185237,0.5446511676720712,-0.5095104222433947,-1.5315413136505371,2.717001301042934,1.6777493718779872,1.9318114970647187,5.266950081666973,3.344140078796274,0.3952452360104522,1.6234016461100844,0.3486985859064676,-1.0679505131647973,4.346925908696023,0.8635041745453002,3.364042462134573,2.3973288194212925,0.8217760893218031,0.7925352191037062,-0.11969588642374947,-1.3511866656994136,3.1465381286954575,2.2709141360544107,3.757047166210606,1.2479201874119608,3.3009460692730155,1.7858483831554324,-0.3694246287326534,2.7475812480845243,1.1701867956779368,0.5861762963431696,2.313747507607776,1.3576611153209521,-0.2943754514063852,2.589565104801581,-0.1456060056758851,0.5925786558891535,-0.10800366947787121,-0.5019144239909011,0.45921025865154136,0.5449215208897721,-0.14575511629852972,-1.107608862589304,2.8930715351340255,-0.7538678336953983,-1.086381470456385,1.2521638397534456,-1.0507990843927357,-0.855906515359889,2.6221854613035673,1.3555735383351193,-1.3555735383351195,-0.4820426798824101,-0.3075623426146228,0.6158384251930635,-0.13085598064755344,-0.2359813632291101,-0.2662958158485814,-0.19611613513818404,-0.19300937626135234,-0.12168146174384352,-0.06715342778730747,-0.03352007615769955,0.5449249778098338,-0.21680296415038888,1.9535138126504805,-1.175735064194511,-0.40583972495671383,-0.16278112867447064,-1.2316448970959013,5.885575587824865,-0.2081478487327801,-0.6981970580620328,1.3555735383351193,-1.3555735383351195,1.3555735383351193,-1.3555735383351195,1.3555735383351193,-1.3555735383351195,1.3555735383351193,-1.3555735383351195,-0.4820426798824101,-0.3075623426146228,0.6158384251930635,-0.4820426798824101,-0.3075623426146228,0.6158384251930635,-0.4820426798824101,-0.3075623426146228,0.6158384251930635,-0.13085598064755344,-0.2359813632291101,-0.2662958158485814,-0.19611613513818404,-0.19300937626135234,-0.12168146174384352,-0.06715342778730747,-0.03352007615769955,0.5449249778098338,-0.13085598064755344,-0.2359813632291101,-0.2662958158485814,-0.19611613513818404,-0.19300937626135234,-0.12168146174384352,-0.06715342778730747,-0.03352007615769955,0.5449249778098338,-0.21680296415038888,1.9535138126504805,-1.175735064194511,-0.40583972495671383,-0.16278112867447064
0,1.4346288451770786,0.8273772438659699,-0.47454519624983954,-0.4736736092984604,-0.4788170479302398,0.5446511676720712,0.96425644365423,0.19231329784848822,-0.6244040257055189,1.4346288451770786,0.8273772438659699,-0.47454519624983954,-0.4736736092984604,-0.4788170479302398,0.5446511676720712,0.96425644365423,0.19231329784848822,-0.6244040257055189,1.6846245751619604,1.935893079298682,-0.3760014818308347,-0.3895323082701867,-0.2836086127726111,1.62688384017733,2.057674248844094,1.100409397720379,-0.11712356728424335,0.8635041745453002,-0.4030649954631285,-0.4194008220350217,-0.5133006031208568,0.7925352191037062,1.3577269342345568,0.7828962682491402,-0.3576753639798948,-0.2328872501475753,-0.28708333828187355,-0.32078666523533045,-0.39610534423349997,-0.38113017778990566,-0.3694246287326534,-0.2751579580367754,-0.2900883232983121,-0.2955781683826058,-0.3888554871521795,-0.41265547100857053,-0.2943754514063852,-0.3658086479243954,-0.1974962837823839,-0.29359822464770086,-0.374366355591566,-0.3726315123366843,-0.40820915175817407,0.5449215208897721,1.1227307914744915,0.6132734351017236,-0.337529114616601,0.9989187709831968,0.7690342042026062,-0.22342026433344614,-0.1174491519879112,-0.3598014508363,-0.4271559153457235,-0.7376951317802901,0.7376951317802901,-0.4820426798824101,-0.3075623426146228,0.6158384251930635,-0.13085598064755344,-0.2359813632291101,-0.2662958158485814,-0.19611613513818404,-0.19300937626135234,-0.12168146174384352,-0.06715342778730747,-0.03352007615769955,0.5449249778098338,-0.21680296415038888,-0.5118980953829163,0.8505317485662419,-0.40583972495671383,-0.16278112867447064,0.8119223343984152,-0.1699069165076462,-0.2081478487327801,-0.6981970580620328,-0.7376951317802901,0.7376951317802901,-0.7376951317802901,0.7376951317802901,-0.7376951317802901,0.7376951317802901,-0.7376951317802901,0.7376951317802901,-0.4820426798824101,-0.3075623426146228,0.6158384251930635,-0.4820426798824101,-0.3075623426146228,0.6158384251930635,-0.4820426798824101,-0.3075623426146228,0.6158384251930635,-0.13085598064755344,-0.2359813632291101,-0.2662958158485814,-0.19611613513818404,-0.19300937626135234,-0.12168146174384352,-0.06715342778730747,-0.03352007615769955,0.5449249778098338,-0.13085598064755344,-0.2359813632291101,-0.2662958158485814,-0.19611613513818404,-0.19300937626135234,-0.12168146174384352,-0.06715342778730747,-0.03352007615769955,0.5449249778098338,-0.21680296415038888,-0.5118980953829163,0.8505317485662419,-0.40583972495671383,-0.16278112867447064
0,1.438516728226339,-1.5661069258891576,-0.47454519624983954,-0.4736736092984604,-0.6398611623853311,-1.8194778495589943,0.96425644365423,-0.497228546751122,-0.0675031379141101,1.438516728226339,-1.5661069258891576,-0.47454519624983954,-0.4736736092984604,-0.6398611623853311,-1.8194778495589943,0.96425644365423,-0.497228546751122,-0.0675031379141101,1.691508219456718,-0.28040607374339127,-0.3760014818308347,-0.3895323082701867,-0.5201228317565575,-1.02895878880265,2.061628638885841,0.2346617719510093,0.6297796524322994,-1.4609134070857044,-0.4030649954631285,-0.4194008220350217,-0.9776751048400428,-1.6548120390977903,-0.5017365349980186,-0.9243700789097029,-0.5523538913507477,-0.2328872501475753,-0.28708333828187355,-0.32078666523533045,-0.39610534423349997,-0.38113017778990566,-0.3694246287326534,-0.2751579580367754,-0.2900883232983121,-0.2955781683826058,-0.3888554871521795,-0.41265547100857053,-0.2943754514063852,-0.3658086479243954,-0.20119860016902374,-0.6018336613561719,-0.698238428680284,-0.5019144239909011,-0.44141180861596224,-1.83504312030046,-1.1185073825585012,-1.0414210819088798,-0.8069326278282305,0.9989187709831968,0.026867934339009688,0.42033946735152133,-0.714793108726999,-0.26058043793158214,-0.23657207930514282,-0.7376951317802901,0.7376951317802901,-0.4820426798824101,-0.3075623426146228,0.6158384251930635,-0.13085598064755344,4.237622777986573,-0.2662958158485814,-0.19611613513818404,-0.19300937626135234,-0.12168146174384352,-0.06715342778730747,-0.03352007615769955,-1.8351149988007645,-0.21680296415038888,-0.5118980953829163,0.8505317485662419,-0.40583972495671383,-0.16278112867447064,0.8119223343984152,-0.1699069165076462,-0.2081478487327801,-0.6981970580620328,-0.7376951317802901,0.7376951317802901,-0.7376951317802901,0.7376951317802901,-0.7376951317802901,0.7376951317802901,-0.7376951317802901,0.7376951317802901,-0.4820426798824101,-0.3075623426146228,0.6158384251930635,-0.4820426798824101,-0.3075623426146228,0.6158384251930635,-0.4820426798824101,-0.3075623426146228,0.6158384251930635,-0.13085598064755344,4.237622777986573,-0.2662958158485814,-0.19611613513818404,-0.19300937626135234,-0.12168146174384352,-0.06715342778730747,-0.03352007615769955,-1.8351149988007645,-0.13085598064755344,4.237622777986573,-0.2662958158485814,-0.19611613513818404,-0.19300937626135234,-0.12168146174384352,-0.06715342778730747,-0.03352007615769955,-1.8351149988007645,-0.21680296415038888,-0.5118980953829163,0.8505317485662419,-0.40583972495671383,-0.16278112867447064
0,1.4424046112755993,0.8273772438659699,-0.47454519624983954,-0.4736736092984604,-0.4989475622371262,0.5446511676720712,-0.5095104222433947,-0.497228546751122,-0.6244040257055189,1.4424046112755993,0.8273772438659699,-0.47454519624983954,-0.4736736092984604,-0.4989475622371262,0.5446511676720712,-0.5095104222433947,-0.497228546751122,-0.6244040257055189,1.69840030476226,1.9440562437666087,-0.3760014818308347,-0.3895323082701867,-0.3126650375281543,1.6338482283118212,0.35427789384658925,0.23625811053571003,-0.1152951628296129,0.8635041745453002,-0.4030649954631285,-0.4194008220350217,-0.571347415835755,0.7925352191037062,-0.11969588642374947,-0.07073690533028135,-0.3576753639798948,-0.2328872501475753,-0.28708333828187355,-0.32078666523533045,-0.39610534423349997,-0.38113017778990566,-0.3694246287326534,-0.2751579580367754,-0.2900883232983121,-0.2955781683826058,-0.3888554871521795,-0.41265547100857053,-0.2943754514063852,-0.3658086479243954,-0.19836401418550262,-0.33212765423625973,-0.5649596120861907,-0.4340408953724373,-0.4123594838653976,0.5449215208897721,-0.14575511629852972,-0.07507948397468743,-0.337529114616601,-0.7538678336953983,-0.5628147359378447,-0.564416590908148,-0.714793108726999,-0.5582434766457356,-0.4271559153457235,1.3555735383351193,-1.3555735383351195,-0.4820426798824101,-0.3075623426146228,0.6158384251930635,-0.13085598064755344,-0.2359813632291101,-0.2662958158485814,-0.19611613513818404,-0.19300937626135234,-0.12168146174384352,-0.06715342778730747,-0.03352007615769955,0.5449249778098338,-0.21680296415038888,1.9535138126504805,-1.175735064194511,-0.40583972495671383,-0.16278112867447064,0.8119223343984152,-0.1699069165076462,-0.2081478487327801,-0.6981970580620328,1.3555735383351193,-1.3555735383351195,1.3555735383351193,-1.3555735383351195,1.3555735383351193,-1.3555735383351195,1.3555735383351193,-1.3555735383351195,-0.4820426798824101,-0.3075623426146228,0.6158384251930635,-0.4820426798824101,-0.3075623426146228,0.6158384251930635,-0.4820426798824101,-0.3075623426146228,0.6158384251930635,-0.13085598064755344,-0.2359813632291101,-0.2662958158485814,-0.19611613513818404,-0.19300937626135234,-0.12168146174384352,-0.06715342778730747,-0.03352007615769955,0.5449249778098338,-0.13085598064755344,-0.2359813632291101,-0.2662958158485814,-0.19611613513818404,-0.19300937626135234,-0.12168146174384352,-0.06715342778730747,-0.03352007615769955,0.5449249778098338,-0.21680296415038888,1.9535138126504805,-1.175735064194511,-0.40583972495671383,-0.16278112867447064
0,1.4462924943248596,-0.3693648410115938,0.4327933656785018,0.7676298785983874,0.1049678669694661,0.5446511676720712,-1.1168810094012038,0.19231329784848822,0.48939774987729867,1.4462924943248596,-0.3693648410115938,0.4327933656785018,0.7676298785983874,0.1049678669694661,0.5446511676720712,-1.1168810094012038,0.19231329784848822,0.48939774987729867,1.7053008310785864,0.8352264035399115,1.0416687819717474,1.486477527491708,0.5777819767968353,1.6373304223790668,-0.3499907210523841,1.1083910906438827,1.381253883285418,-0.5892568139740777,0.2247862474698217,0.5195090584504164,0.45414627546078085,-0.04105904351514409,-0.9628715365974293,0.0715352902662889,0.2263602181326639,-0.07639966350995119,0.2184329747796864,0.1472952182158774,0.5281575091431288,-0.09084380059842266,0.6923732557860374,0.048706956904792466,0.07498045644575013,0.23063014121180858,0.9624460102277982,0.061644365260601956,0.7753167476274208,0.26748572765974243,-0.12200373871105621,0.8237552334205067,-0.32075591010637494,0.09601904240985192,0.019275055285848375,0.5449215208897721,-0.6685250661686233,0.6132734351017236,0.7393377686336078,-1.1087392780725651,-0.6188048076611016,-0.38048523899815734,-0.1174491519879112,0.6324086782108782,0.08106764742915833,-0.7376951317802901,0.7376951317802901,2.0745051044939435,-0.3075623426146228,-1.6238025415294657,-0.13085598064755344,-0.2359813632291101,-0.2662958158485814,-0.19611613513818404,-0.19300937626135234,-0.12168146174384352,-0.06715342778730747,-0.03352007615769955,0.5449249778098338,-0.21680296415038888,-0.5118980953829163,0.8505317485662419,-0.40583972495671383,-0.16278112867447064,-1.2316448970959013,-0.1699069165076462,-0.2081478487327801,1.4322604033532795,-0.7376951317802901,0.7376951317802901,-0.7376951317802901,0.7376951317802901,-0.7376951317802901,0.7376951317802901,-0.7376951317802901,0.7376951317802901,2.0745051044939435,-0.3075623426146228,-1.6238025415294657,2.0745051044939435,-0.3075623426146228,-1.6238025415294657,2.0745051044939435,-0.3075623426146228,-1.6238025415294657,-0.13085598064755344,-0.2359813632291101,-0.2662958158485814,-0.19611613513818404,-0.19300937626135234,-0.12168146174384352,-0.06715342778730747,-0.03352007615769955,0.5449249778098338,-0.13085598064755344,-0.2359813632291101,-0.2662958158485814,-0.19611613513818404,-0.19300937626135234,-0.12168146174384352,-0.06715342778730747,-0.03352007615769955,0.5449249778098338,-0.21680296415038888,-0.5118980953829163,0.8505317485662419,-0.40583972495671383,-0.16278112867447064
0,1.45018037737412,0.8273772438659699,-0.47454519624983954,-0.4736736092984604,-0.5190780765440126,0.5446511676720712,0.96425644365423,1.2266260647479035,-0.6244040257055189,1.45018037737412,0.8273772438659699,-0.47454519624983954,-0.4736736092984604,-0.5190780765440126,0.5446511676720712,0.96425644365423,1.2266260647479035,-0.6244040257055189,1.7122097984056974,1.9522194082345352,-0.3760014818308347,-0.3895323082701867,-0.3418665630315403,1.6408126164463124,2.0734918090110823,2.418452955821626,-0.11346675837498243,0.8635041745453002,-0.4030649954631285,-0.4194008220350217,-0.6293942285506533,0.7925352191037062,1.3577269342345568,2.0633460286182723,-0.3576753639798948,-0.2328872501475753,-0.28708333828187355,-0.32078666523533045,-0.39610534423349997,-0.38113017778990566,-0.3694246287326534,-0.2751579580367754,-0.2900883232983121,-0.2955781683826058,-0.3888554871521795,-0.41265547100857053,-0.2943754514063852,-0.3658086479243954,-0.19911604720153883,-0.3706570838248186,-0.4553343738637455,-0.3467749300058409,-0.4165098159726211,0.5449215208897721,1.1227307914744915,1.64580281371634,-0.337529114616601,0.9989187709831968,1.8822836089980008,-0.22342026433344614,1.3385767425636153,-0.06213841212214652,-0.4271559153457235,-0.7376951317802901,0.7376951317802901,-0.4820426798824101,-0.3075623426146228,0.6158384251930635,-0.13085598064755344,-0.2359813632291101,-0.2662958158485814,-0.19611613513818404,-0.19300937626135234,-0.12168146174384352,-0.06715342778730747,-0.03352007615769955,0.5449249778098338,-0.21680296415038888,-0.5118980953829163,0.8505317485662419,-0.40583972495671383,-0.16278112867447064,0.8119223343984152,-0.1699069165076462,-0.2081478487327801,-0.6981970580620328,-0.7376951317802901,0.7376951317802901,-0.7376951317802901,0.7376951317802901,-0.7376951317802901,0.7376951317802901,-0.7376951317802901,0.7376951317802901,-0.4820426798824101,-0.3075623426146228,0.6158384251930635,-0.4820426798824101,-0.3075623426146228,0.6158384251930635,-0.4820426798824101,-0.3075623426146228,0.6158384251930635,-0.13085598064755344,-0.2359813632291101,-0.2662958158485814,-0.19611613513818404,-0.19300937626135234,-0.12168146174384352,-0.06715342778730747,-0.03352007615769955,0.5449249778098338,-0.13085598064755344,-0.2359813632291101,-0.2662958158485814,-0.19611613513818404,-0.19300937626135234,-0.12168146174384352,-0.06715342778730747,-0.03352007615769955,0.5449249778098338,-0.21680296415038888,-0.5118980953829163,0.8505317485662419,-0.40583972495671383,-0.16278112867447064
0,1.4540682604233803,0.8273772438659699,2.2474704895351842,2.0089333664952354,-0.09633727609939802,0.5446511676720712,0.96425644365423,-1.5315413136505371,2.160100413251525,1.4540682604233803,0.8273772438659699,2.2474704895351842,2.0089333664952354,-0.09633727609939802,0.5446511676720712,0.96425644365423,-1.5315413136505371,2.160100413251525,1.719127206743593,1.9563009904684985,3.887407868969106,3.371661005482267,0.2830098075539598,1.644294810513558,2.07744619905283,-1.0679505131647973,3.6356765758447747,0.8635041745453002,2.4222655977351475,2.3973288194212925,0.5895888384622101,0.7925352191037062,1.3577269342345568,-1.3511866656994136,2.5625025465828988,1.1755010295910417,2.746014540087486,0.7039331336713679,2.3766832158963864,3.0745719812602963,-0.3694246287326534,1.6680315316126317,1.1701867956779368,0.47240152670113406,2.313747507607776,3.351533038490722,-0.2943754514063852,2.167368854412156,-0.15902690257745447,0.4384609375349179,0.3948298179941391,-0.5019144239909011,0.23094199275424784,0.5449215208897721,1.1227307914744915,-1.107608862589304,2.354638093508921,0.9989187709831968,-1.086381470456385,2.995378394091391,-1.0507990843927357,-0.855906515359889,1.7963221717943845,-0.7376951317802901,0.7376951317802901,-0.4820426798824101,-0.3075623426146228,0.6158384251930635,-0.13085598064755344,-0.2359813632291101,-0.2662958158485814,-0.19611613513818404,-0.19300937626135234,-0.12168146174384352,-0.06715342778730747,-0.03352007615769955,0.5449249778098338,4.612483062299524,-0.5118980953829163,-1.175735064194511,-0.40583972495671383,-0.16278112867447064,-1.2316448970959013,-0.1699069165076462,4.804277373453898,-0.6981970580620328,-0.7376951317802901,0.7376951317802901,-0.7376951317802901,0.7376951317802901,-0.7376951317802901,0.7376951317802901,-0.7376951317802901,0.7376951317802901,-0.4820426798824101,-0.3075623426146228,0.6158384251930635,-0.4820426798824101,-0.3075623426146228,0.6158384251930635,-0.4820426798824101,-0.3075623426146228,0.6158384251930635,-0.13085598064755344,-0.2359813632291101,-0.2662958158485814,-0.19611613513818404,-0.19300937626135234,-0.12168146174384352,-0.06715342778730747,-0.03352007615769955,0.5449249778098338,-0.13085598064755344,-0.2359813632291101,-0.2662958158485814,-0.19611613513818404,-0.19300937626135234,-0.12168146174384352,-0.06715342778730747,-0.03352007615769955,0.5449249778098338,4.612483062299524,-0.5118980953829163,-1.175735064194511,-0.40583972495671383,-0.16278112867447064
1,1.4579561434726407,-1.5661069258891576,0.4327933656785018,0.7676298785983874,1.2322766681551052,-1.8194778495589943,-0.5095104222433947,1.5713969870477085,1.0462986376687076,1.4579561434726407,-1.5661069258891576,0.4327933656785018,0.7676298785983874,1.2322766681551052,-1.8194778495589943,-0.5095104222433947,1.5713969870477085,1.0462986376687076,1.7260530560922729,-0.2736034366867858,1.046868061667845,1.4933577591632063,2.2495965182559057,-1.0278427009605842,0.36171697110008477,2.863831420953134,2.1400417319570586,-1.4609134070857044,-0.0891393739966534,0.0500541182076973,0.8217760893218031,-1.6548120390977903,-0.9942108085507874,-0.07073690533028135,-0.1629968366090419,-0.07639966350995119,0.2184329747796864,0.855743474250138,-0.3368577254273058,0.16061446244642888,1.5418115634009901,0.15666192855198174,0.07498045644575013,1.0270535287060574,-0.30223359629448865,0.4725028221561908,1.6310705068544655,0.4785838528544551,0.2991347502692239,-0.3721389849628401,1.0724658489269543,2.203330502373587,1.1025117352711868,-1.83504312030046,-1.1998205817747205,-0.9090455205480316,-0.7379026994147555,-0.7538678336953983,0.48431873309923607,0.3438736244226488,1.973254696598896,2.7160499492099524,0.52576326485718,1.3555735383351193,-1.3555735383351195,-0.4820426798824101,-0.3075623426146228,0.6158384251930635,-0.13085598064755344,4.237622777986573,-0.2662958158485814,-0.19611613513818404,-0.19300937626135234,-0.12168146174384352,-0.06715342778730747,-0.03352007615769955,-1.8351149988007645,-0.21680296415038888,-0.5118980953829163,-1.175735064194511,2.4640269015229057,-0.16278112867447064,-1.2316448970959013,-0.1699069165076462,-0.2081478487327801,1.4322604033532795,1.3555735383351193,-1.3555735383351195,1.3555735383351193,-1.3555735383351195,1.3555735383351193,-1.3555735383351195,1.3555735383351193,-1.3555735383351195,-0.4820426798824101,-0.3075623426146228,0.6158384251930635,-0.4820426798824101,-0.3075623426146228,0.6158384251930635,-0.4820426798824101,-0.3075623426146228,0.6158384251930635,-0.13085598064755344,4.237622777986573,-0.2662958158485814,-0.19611613513818404,-0.19300937626135234,-0.12168146174384352,-0.06715342778730747,-0.03352007615769955,-1.8351149988007645,-0.13085598064755344,4.237622777986573,-0.2662958158485814,-0.19611613513818404,-0.19300937626135234,-0.12168146174384352,-0.06715342778730747,-0.03352007615769955,-1.8351149988007645,-0.21680296415038888,-0.5118980953829163,-1.175735064194511,2.4640269015229057,-0.16278112867447064
1,1.461844026521901,0.8273772438659699,-0.47454519624983954,-0.4736736092984604,-0.4788170479302398,0.5446511676720712,0.96425644365423,-0.1524576244513169,-0.6244040257055189,1.461844026521901,0.8273772438659699,-0.47454519624983954,-0.4736736092984604,-0.4788170479302398,0.5446511676720712,0.96425644365423,-0.1524576244513169,-0.6244040257055189,1.7329873464517376,1.964464154936425,-0.3760014818308347,-0.3895323082701867,-0.28157720230281036,1.651259198648049,2.085354979136324,0.6816365756672175,-0.11072415169303675,0.8635041745453002,-0.4030649954631285,-0.4194008220350217,-0.5133006031208568,0.7925352191037062,1.3577269342345568,0.3560796814594294,-0.3576753639798948,-0.2328872501475753,-0.28708333828187355,-0.32078666523533045,-0.39610534423349997,-0.38113017778990566,-0.3694246287326534,-0.2751579580367754,-0.2900883232983121,-0.2955781683826058,-0.3888554871521795,-0.41265547100857053,-0.2943754514063852,-0.3658086479243954,-0.1974962837823839,-0.29359822464770086,-0.374366355591566,-0.39848809466752766,-0.40820915175817407,0.5449215208897721,1.1227307914744915,0.2690969755635181,-0.337529114616601,0.9989187709831968,0.3979510692708079,-0.22342026433344614,-0.45345512765364804,-0.4590224637410178,-0.4271559153457235,-0.7376951317802901,0.7376951317802901,-0.4820426798824101,-0.3075623426146228,0.6158384251930635,-0.13085598064755344,-0.2359813632291101,-0.2662958158485814,-0.19611613513818404,-0.19300937626135234,-0.12168146174384352,-0.06715342778730747,-0.03352007615769955,0.5449249778098338,-0.21680296415038888,-0.5118980953829163,0.8505317485662419,-0.40583972495671383,-0.16278112867447064,0.8119223343984152,-0.1699069165076462,-0.2081478487327801,-0.6981970580620328,-0.7376951317802901,0.7376951317802901,-0.7376951317802901,0.7376951317802901,-0.7376951317802901,0.7376951317802901,-0.7376951317802901,0.7376951317802901,-0.4820426798824101,-0.3075623426146228,0.6158384251930635,-0.4820426798824101,-0.3075623426146228,0.6158384251930635,-0.4820426798824101,-0.3075623426146228,0.6158384251930635,-0.13085598064755344,-0.2359813632291101,-0.2662958158485814,-0.19611613513818404,-0.19300937626135234,-0.12168146174384352,-0.06715342778730747,-0.03352007615769955,0.5449249778098338,-0.13085598064755344,-0.2359813632291101,-0.2662958158485814,-0.19611613513818404,-0.19300937626135234,-0.12168146174384352,-0.06715342778730747,-0.03352007615769955,0.5449249778098338,-0.21680296415038888,-0.5118980953829163,0.8505317485662419,-0.40583972495671383,-0.16278112867447064
0,1.4657319095711616,-1.5661069258891576,-0.47454519624983954,-0.4736736092984604,-0.6398611623853311,0.5446511676720712,0.96425644365423,0.8818551424480984,-0.6244040257055189,1.4657319095711616,-1.5661069258891576,-0.47454519624983954,-0.4736736092984604,-0.6398611623853311,0.5446511676720712,0.96425644365423,0.8818551424480984,-0.6244040257055189,1.7399300778219866,-0.27088238186414354,-0.3760014818308347,-0.3895323082701867,-0.5201228317565575,1.6547413927152945,2.0893093691780713,1.997551682322197,-0.10980994946572152,-1.4609134070857044,-0.4030649954631285,-0.4194008220350217,-0.9776751048400428,-0.8746533061339944,-0.5017365349980186,-0.35528129652342183,-0.7470324187216006,-0.2328872501475753,-0.28708333828187355,-0.32078666523533045,-0.39610534423349997,-0.38113017778990566,-0.3694246287326534,-0.2751579580367754,-0.2900883232983121,-0.2955781683826058,-0.3888554871521795,-0.41265547100857053,-0.2943754514063852,-0.3658086479243954,-0.20119860016902374,-0.6018336613561719,-0.698238428680284,-0.5019144239909011,-0.44141180861596224,0.5449215208897721,1.1227307914744915,1.3016263541781348,-0.337529114616601,0.9989187709831968,1.5112004740662026,-0.22342026433344614,0.7785667831207204,-0.16135942502686434,-0.4271559153457235,-0.7376951317802901,0.7376951317802901,-0.4820426798824101,-0.3075623426146228,0.6158384251930635,-0.13085598064755344,-0.2359813632291101,-0.2662958158485814,-0.19611613513818404,-0.19300937626135234,-0.12168146174384352,-0.06715342778730747,-0.03352007615769955,0.5449249778098338,-0.21680296415038888,-0.5118980953829163,-1.175735064194511,-0.40583972495671383,6.1432182473669785,0.8119223343984152,-0.1699069165076462,-0.2081478487327801,-0.6981970580620328,-0.7376951317802901,0.7376951317802901,-0.7376951317802901,0.7376951317802901,-0.7376951317802901,0.7376951317802901,-0.7376951317802901,0.7376951317802901,-0.4820426798824101,-0.3075623426146228,0.6158384251930635,-0.4820426798824101,-0.3075623426146228,0.6158384251930635,-0.4820426798824101,-0.3075623426146228,0.6158384251930635,-0.13085598064755344,-0.2359813632291101,-0.2662958158485814,-0.19611613513818404,-0.19300937626135234,-0.12168146174384352,-0.06715342778730747,-0.03352007615769955,0.5449249778098338,-0.13085598064755344,-0.2359813632291101,-0.2662958158485814,-0.19611613513818404,-0.19300937626135234,-0.12168146174384352,-0.06715342778730747,-0.03352007615769955,0.5449249778098338,-0.21680296415038888,-0.5118980953829163,-1.175735064194511,-0.40583972495671383,6.1432182473669785
1,1.469619792620422,0.8273772438659699,-0.47454519624983954,0.7676298785983874,-0.3982949907026942,-1.8792661492571456,-0.5095104222433947,-0.1524576244513169,-0.0675031379141101,1.469619792620422,0.8273772438659699,-0.47454519624983954,0.7676298785983874,-0.3982949907026942,-1.8792661492571456,-0.5095104222433947,-0.1524576244513169,-0.0675031379141101,1.74688125020302,1.9726273194043518,-0.3760014818308347,1.5002379908347048,-0.16143378308887932,-1.0950861349159444,0.3672962790402064,0.6858934785597528,0.644406888069343,0.8635041745453002,-0.4030649954631285,0.9889639986931354,-0.2811133522612637,-1.6071311049440493,-0.11969588642374947,0.3560796814594294,0.2263602181326639,-0.2328872501475753,-0.28708333828187355,-0.32078666523533045,-0.39610534423349997,-0.38113017778990566,-0.3694246287326534,-0.2751579580367754,0.07498045644575013,-0.1249160139195525,-0.33421706368809756,0.4725028221561908,0.5613783078206596,0.056387602465029836,-0.19286838829908412,-0.5831389085380546,-0.46976045737612415,-0.3467749300058409,-0.3418038380425978,-1.8409560124108695,-1.2264776641471424,-1.0519432419144858,-0.8324206013962827,-0.7538678336953983,-0.3882924910983312,-0.26165318579788244,-0.45345512765364804,-0.06213841212214652,-0.23657207930514282,1.3555735383351193,-1.3555735383351195,-0.4820426798824101,-0.3075623426146228,0.6158384251930635,-0.13085598064755344,-0.2359813632291101,-0.2662958158485814,-0.19611613513818404,5.181095444015676,-0.12168146174384352,-0.06715342778730747,-0.03352007615769955,-1.8351149988007645,-0.21680296415038888,-0.5118980953829163,-1.175735064194511,2.4640269015229057,-0.16278112867447064,-1.2316448970959013,-0.1699069165076462,-0.2081478487327801,1.4322604033532795,1.3555735383351193,-1.3555735383351195,1.3555735383351193,-1.3555735383351195,1.3555735383351193,-1.3555735383351195,1.3555735383351193,-1.3555735383351195,-0.4820426798824101,-0.3075623426146228,0.6158384251930635,-0.4820426798824101,-0.3075623426146228,0.6158384251930635,-0.4820426798824101,-0.3075623426146228,0.6158384251930635,-0.13085598064755344,-0.2359813632291101,-0.2662958158485814,-0.19611613513818404,5.181095444015676,-0.12168146174384352,-0.06715342778730747,-0.03352007615769955,-1.8351149988007645,-0.13085598064755344,-0.2359813632291101,-0.2662958158485814,-0.19611613513818404,5.181095444015676,-0.12168146174384352,-0.06715342778730747,-0.03352007615769955,-1.8351149988007645,-0.21680296415038888,-0.5118980953829163,-1.175735064194511,2.4640269015229057,-0.16278112867447064
0,1.4735076756696823,0.8273772438659699,3.1548090514635256,0.7676298785983874,0.14522889558323893,0.5446511676720712,0.96425644365423,-1.5315413136505371,2.717001301042934,1.4735076756696823,0.8273772438659699,3.1548090514635256,0.7676298785983874,0.14522889558323893,0.5446511676720712,0.96425644365423,-1.5315413136505371,2.717001301042934,1.7538408635948382,1.976708901638315,5.3432061838764024,1.502531401391871,0.6470313087048651,1.6617057808497857,2.0972181492615656,-1.0679505131647973,4.417319480199296,0.8635041745453002,3.364042462134573,0.9889639986931354,1.2861505910409892,0.7925352191037062,1.3577269342345568,-1.3511866656994136,3.1465381286954575,2.2709141360544107,1.7349819139643663,1.652747762288681,3.3009460692730155,4.226472700943698,-0.3694246287326534,2.7475812480845243,0.07498045644575013,0.25907383362231745,0.9624460102277982,1.4694387837410756,-0.2943754514063852,1.1118782284385929,-0.11321073729278662,0.9008140925976245,0.880637927627216,-0.5019144239909011,0.6916288566560583,0.5449215208897721,1.1227307914744915,-1.107608862589304,2.8930715351340255,0.9989187709831968,-1.086381470456385,3.6391381257763586,-1.0507990843927357,-0.855906515359889,2.6221854613035673,-0.7376951317802901,0.7376951317802901,-0.4820426798824101,-0.3075623426146228,0.6158384251930635,-0.13085598064755344,-0.2359813632291101,-0.2662958158485814,-0.19611613513818404,-0.19300937626135234,-0.12168146174384352,-0.06715342778730747,-0.03352007615769955,0.5449249778098338,4.612483062299524,-0.5118980953829163,-1.175735064194511,-0.40583972495671383,-0.16278112867447064,-1.2316448970959013,-0.1699069165076462,4.804277373453898,-0.6981970580620328,-0.7376951317802901,0.7376951317802901,-0.7376951317802901,0.7376951317802901,-0.7376951317802901,0.7376951317802901,-0.7376951317802901,0.7376951317802901,-0.4820426798824101,-0.3075623426146228,0.6158384251930635,-0.4820426798824101,-0.3075623426146228,0.6158384251930635,-0.4820426798824101,-0.3075623426146228,0.6158384251930635,-0.13085598064755344,-0.2359813632291101,-0.2662958158485814,-0.19611613513818404,-0.19300937626135234,-0.12168146174384352,-0.06715342778730747,-0.03352007615769955,0.5449249778098338,-0.13085598064755344,-0.2359813632291101,-0.2662958158485814,-0.19611613513818404,-0.19300937626135234,-0.12168146174384352,-0.06715342778730747,-0.03352007615769955,0.5449249778098338,4.612483062299524,-0.5118980953829163,-1.175735064194511,-0.40583972495671383,-0.16278112867447064
0,1.4773955587189427,0.8273772438659699,-0.47454519624983954,-0.4736736092984604,-0.5190780765440126,0.5446511676720712,-1.5366812681720423,-0.841999469050927,-0.6244040257055189,1.4773955587189427,0.8273772438659699,-0.47454519624983954,-0.4736736092984604,-0.5190780765440126,0.5446511676720712,-1.5366812681720423,-0.841999469050927,-0.6244040257055189,1.7608089179974407,1.9807904838722783,-0.3760014818308347,-0.3895323082701867,-0.3403430051791897,1.6651879749170313,-0.834850988322023,-0.18890006585625463,-0.10706734278377583,0.8635041745453002,-0.4030649954631285,-0.4194008220350217,-0.6293942285506533,0.7925352191037062,-1.1494148220340843,-0.4975534921199921,-0.3576753639798948,-0.2328872501475753,-0.28708333828187355,-0.32078666523533045,-0.39610534423349997,-0.38113017778990566,-0.3694246287326534,-0.2751579580367754,-0.2900883232983121,-0.2955781683826058,-0.3888554871521795,-0.41265547100857053,-0.2943754514063852,-0.3658086479243954,-0.19911604720153883,-0.3706570838248186,-0.6736750972943418,-0.4631295504946361,-0.4165098159726211,0.5449215208897721,-1.0298513550494233,-0.41925594351289297,-0.337529114616601,-1.2286533543751765,-1.0113309487847855,-0.8020806973086978,-0.9014630952079639,-0.6574644895504534,-0.4271559153457235,-0.7376951317802901,0.7376951317802901,-0.4820426798824101,3.2513733362117265,-1.6238025415294657,-0.13085598064755344,-0.2359813632291101,-0.2662958158485814,-0.19611613513818404,-0.19300937626135234,-0.12168146174384352,-0.06715342778730747,-0.03352007615769955,0.5449249778098338,-0.21680296415038888,-0.5118980953829163,0.8505317485662419,-0.40583972495671383,-0.16278112867447064,0.8119223343984152,-0.1699069165076462,-0.2081478487327801,-0.6981970580620328,-0.7376951317802901,0.7376951317802901,-0.7376951317802901,0.7376951317802901,-0.7376951317802901,0.7376951317802901,-0.7376951317802901,0.7376951317802901,-0.4820426798824101,3.2513733362117265,-1.6238025415294657,-0.4820426798824101,3.2513733362117265,-1.6238025415294657,-0.4820426798824101,3.2513733362117265,-1.6238025415294657,-0.13085598064755344,-0.2359813632291101,-0.2662958158485814,-0.19611613513818404,-0.19300937626135234,-0.12168146174384352,-0.06715342778730747,-0.03352007615769955,0.5449249778098338,-0.13085598064755344,-0.2359813632291101,-0.2662958158485814,-0.19611613513818404,-0.19300937626135234,-0.12168146174384352,-0.06715342778730747,-0.03352007615769955,0.5449249778098338,-0.21680296415038888,-0.5118980953829163,0.8505317485662419,-0.40583972495671383,-0.16278112867447064
0,1.481283441768203,0.8273772438659699,-0.47454519624983954,-0.4736736092984604,0.4874476388003079,0.5446511676720712,0.96425644365423,0.8818551424480984,3.2739021888343425,1.481283441768203,0.8273772438659699,-0.47454519624983954,-0.4736736092984604,0.4874476388003079,0.5446511676720712,0.96425644365423,0.8818551424480984,3.2739021888343425,1.7677854134108275,1.9848720661062416,-0.3760014818308347,-0.3895323082701867,1.1598536267686765,1.668670168984277,2.1051269293450603,2.0124508424460705,5.186163553371404,0.8635041745453002,-0.4030649954631285,-0.4194008220350217,2.2729464071942593,0.7925352191037062,1.3577269342345568,1.6365294418285616,3.730573710808016,-0.2328872501475753,-0.28708333828187355,-0.32078666523533045,-0.39610534423349997,-0.38113017778990566,-0.3694246287326534,-0.2751579580367754,-0.2900883232983121,-0.2955781683826058,-0.3888554871521795,-0.41265547100857053,-0.2943754514063852,-0.3658086479243954,-0.019785097223672273,1.5558143956031254,1.5688660829407417,0.7650581102204242,1.4179369754201743,0.5449215208897721,1.1227307914744915,1.3016263541781348,3.43150497675913,0.9989187709831968,1.5112004740662026,4.282897857461326,0.7785667831207204,4.700470207304308,3.575104641506471,-0.7376951317802901,0.7376951317802901,-0.4820426798824101,-0.3075623426146228,0.6158384251930635,-0.13085598064755344,-0.2359813632291101,-0.2662958158485814,-0.19611613513818404,-0.19300937626135234,-0.12168146174384352,-0.06715342778730747,-0.03352007615769955,0.5449249778098338,-0.21680296415038888,-0.5118980953829163,0.8505317485662419,-0.40583972495671383,-0.16278112867447064,0.8119223343984152,-0.1699069165076462,-0.2081478487327801,-0.6981970580620328,-0.7376951317802901,0.7376951317802901,-0.7376951317802901,0.7376951317802901,-0.7376951317802901,0.7376951317802901,-0.7376951317802901,0.7376951317802901,-0.4820426798824101,-0.3075623426146228,0.6158384251930635,-0.4820426798824101,-0.3075623426146228,0.6158384251930635,-0.4820426798824101,-0.3075623426146228,0.6158384251930635,-0.13085598064755344,-0.2359813632291101,-0.2662958158485814,-0.19611613513818404,-0.19300937626135234,-0.12168146174384352,-0.06715342778730747,-0.03352007615769955,0.5449249778098338,-0.13085598064755344,-0.2359813632291101,-0.2662958158485814,-0.19611613513818404,-0.19300937626135234,-0.12168146174384352,-0.06715342778730747,-0.03352007615769955,0.5449249778098338,-0.21680296415038888,-0.5118980953829163,0.8505317485662419,-0.40583972495671383,-0.16278112867447064
1,1.4851713248174634,-0.3693648410115938,-0.47454519624983954,2.0089333664952354,0.1049678669694661,0.5446511676720712,-1.1168810094012038,-1.5315413136505371,0.48939774987729867,1.4851713248174634,-0.3693648410115938,-0.47454519624983954,2.0089333664952354,0.1049678669694661,0.5446511676720712,-1.1168810094012038,-1.5315413136505371,0.48939774987729867,1.7747703498349992,0.8624369517663335,-0.3760014818308347,3.4083555743969254,0.5912037959723047,1.6721523630515225,-0.34002540425375954,-1.0679505131647973,1.408679950104875,-0.5892568139740777,-0.4030649954631285,1.4584189389358544,0.45414627546078085,-0.04105904351514409,-0.9628715365974293,-1.3511866656994136,0.2263602181326639,-0.2328872501475753,-0.28708333828187355,-0.32078666523533045,-0.39610534423349997,-0.38113017778990566,-0.3694246287326534,-0.2751579580367754,1.1701867956779368,0.7568384508062229,2.313747507607776,0.5359442015297744,-0.2943754514063852,0.9007801032438802,-0.12200373871105621,0.8237552334205067,-0.32075591010637494,-0.5019144239909011,0.019275055285848375,0.5449215208897721,-0.6685250661686233,-1.107608862589304,0.7393377686336078,-1.1087392780725651,-1.086381470456385,-0.38048523899815734,-1.0507990843927357,-0.855906515359889,0.08106764742915833,-0.7376951317802901,0.7376951317802901,2.0745051044939435,-0.3075623426146228,-1.6238025415294657,-0.13085598064755344,-0.2359813632291101,-0.2662958158485814,-0.19611613513818404,-0.19300937626135234,-0.12168146174384352,-0.06715342778730747,-0.03352007615769955,0.5449249778098338,4.612483062299524,-0.5118980953829163,-1.175735064194511,-0.40583972495671383,-0.16278112867447064,-1.2316448970959013,-0.1699069165076462,-0.2081478487327801,1.4322604033532795,-0.7376951317802901,0.7376951317802901,-0.7376951317802901,0.7376951317802901,-0.7376951317802901,0.7376951317802901,-0.7376951317802901,0.7376951317802901,2.0745051044939435,-0.3075623426146228,-1.6238025415294657,2.0745051044939435,-0.3075623426146228,-1.6238025415294657,2.0745051044939435,-0.3075623426146228,-1.6238025415294657,-0.13085598064755344,-0.2359813632291101,-0.2662958158485814,-0.19611613513818404,-0.19300937626135234,-0.12168146174384352,-0.06715342778730747,-0.03352007615769955,0.5449249778098338,-0.13085598064755344,-0.2359813632291101,-0.2662958158485814,-0.19611613513818404,-0.19300937626135234,-0.12168146174384352,-0.06715342778730747,-0.03352007615769955,0.5449249778098338,4.612483062299524,-0.5118980953829163,-1.175735064194511,-0.40583972495671383,-0.16278112867447064
1,1.4890592078667237,0.8273772438659699,-0.47454519624983954,-0.4736736092984604,-0.4989475622371262,0.5446511676720712,-1.5366812681720423,-1.1867703913507321,-0.6244040257055189,1.4890592078667237,0.8273772438659699,-0.47454519624983954,-0.4736736092984604,-0.4989475622371262,0.5446511676720712,-1.5366812681720423,-1.1867703913507321,-0.6244040257055189,1.7817637272699551,1.9930352305741683,-0.3760014818308347,-0.3895323082701867,-0.3096179218234531,1.6756345571187679,-0.8336513419048637,-0.6268289509258252,-0.10432473610183014,0.8635041745453002,-0.4030649954631285,-0.4194008220350217,-0.571347415835755,0.7925352191037062,-1.1494148220340843,-0.9243700789097029,-0.3576753639798948,-0.2328872501475753,-0.28708333828187355,-0.32078666523533045,-0.39610534423349997,-0.38113017778990566,-0.3694246287326534,-0.2751579580367754,-0.2900883232983121,-0.2955781683826058,-0.3888554871521795,-0.41265547100857053,-0.2943754514063852,-0.3658086479243954,-0.19836401418550262,-0.33212765423625973,-0.6695812087300181,-0.4792899144514132,-0.4123594838653976,0.5449215208897721,-1.0298513550494233,-0.7634324030510985,-0.337529114616601,-1.2286533543751765,-1.0488562096205851,-0.8020806973086978,-1.0134650870965427,-0.7566855024551713,-0.4271559153457235,-0.7376951317802901,0.7376951317802901,-0.4820426798824101,3.2513733362117265,-1.6238025415294657,-0.13085598064755344,-0.2359813632291101,-0.2662958158485814,-0.19611613513818404,-0.19300937626135234,-0.12168146174384352,-0.06715342778730747,-0.03352007615769955,0.5449249778098338,-0.21680296415038888,-0.5118980953829163,0.8505317485662419,-0.40583972495671383,-0.16278112867447064,0.8119223343984152,-0.1699069165076462,-0.2081478487327801,-0.6981970580620328,-0.7376951317802901,0.7376951317802901,-0.7376951317802901,0.7376951317802901,-0.7376951317802901,0.7376951317802901,-0.7376951317802901,0.7376951317802901,-0.4820426798824101,3.2513733362117265,-1.6238025415294657,-0.4820426798824101,3.2513733362117265,-1.6238025415294657,-0.4820426798824101,3.2513733362117265,-1.6238025415294657,-0.13085598064755344,-0.2359813632291101,-0.2662958158485814,-0.19611613513818404,-0.19300937626135234,-0.12168146174384352,-0.06715342778730747,-0.03352007615769955,0.5449249778098338,-0.13085598064755344,-0.2359813632291101,-0.2662958158485814,-0.19611613513818404,-0.19300937626135234,-0.12168146174384352,-0.06715342778730747,-0.03352007615769955,0.5449249778098338,-0.21680296415038888,-0.5118980953829163,0.8505317485662419,-0.40583972495671383,-0.16278112867447064
1,1.492947090915984,-1.5661069258891576,-0.47454519624983954,-0.4736736092984604,0.9705799821655817,-1.8194778495589943,-0.5095104222433947,1.5713969870477085,-0.0675031379141101,1.492947090915984,-1.5661069258891576,-0.47454519624983954,-0.4736736092984604,0.9705799821655817,-1.8194778495589943,-0.5095104222433947,1.5713969870477085,-0.0675031379141101,1.7887655457156955,-0.26135868998489586,-0.3760014818308347,-0.3895323082701867,1.88854958243578,-1.0258337428448654,0.3784548949204497,2.906932562740054,0.6553773147971258,-1.4609134070857044,-0.4030649954631285,-0.4194008220350217,0.5702399008905774,-1.6548120390977903,-0.9942108085507874,-0.07073690533028135,-0.5523538913507477,-0.2328872501475753,-0.28708333828187355,-0.32078666523533045,-0.39610534423349997,-0.38113017778990566,-0.3694246287326534,-0.2751579580367754,-0.2900883232983121,-0.2955781683826058,-0.3888554871521795,-0.41265547100857053,-0.2943754514063852,-0.3658086479243954,0.16903303849495885,-0.4042468429533059,0.8249480466807811,1.8251779857850026,0.22264132853980081,-1.83504312030046,-1.1998205817747205,-0.9090455205480316,-0.8069326278282305,-0.7538678336953983,0.48431873309923607,-0.26165318579788244,1.973254696598896,0.9300717169250317,-0.23657207930514282,1.3555735383351193,-1.3555735383351195,-0.4820426798824101,-0.3075623426146228,0.6158384251930635,-0.13085598064755344,4.237622777986573,-0.2662958158485814,-0.19611613513818404,-0.19300937626135234,-0.12168146174384352,-0.06715342778730747,-0.03352007615769955,-1.8351149988007645,-0.21680296415038888,-0.5118980953829163,-1.175735064194511,2.4640269015229057,-0.16278112867447064,0.8119223343984152,-0.1699069165076462,-0.2081478487327801,-0.6981970580620328,1.3555735383351193,-1.3555735383351195,1.3555735383351193,-1.3555735383351195,1.3555735383351193,-1.3555735383351195,1.3555735383351193,-1.3555735383351195,-0.4820426798824101,-0.3075623426146228,0.6158384251930635,-0.4820426798824101,-0.3075623426146228,0.6158384251930635,-0.4820426798824101,-0.3075623426146228,0.6158384251930635,-0.13085598064755344,4.237622777986573,-0.2662958158485814,-0.19611613513818404,-0.19300937626135234,-0.12168146174384352,-0.06715342778730747,-0.03352007615769955,-1.8351149988007645,-0.13085598064755344,4.237622777986573,-0.2662958158485814,-0.19611613513818404,-0.19300937626135234,-0.12168146174384352,-0.06715342778730747,-0.03352007615769955,-1.8351149988007645,-0.21680296415038888,-0.5118980953829163,-1.175735064194511,2.4640269015229057,-0.16278112867447064
1,1.4968349739652445,0.8273772438659699,0.4327933656785018,-0.4736736092984604,-0.35803396208892135,0.5446511676720712,-1.3133832581875537,-1.5315413136505371,-0.0675031379141101,1.4968349739652445,0.8273772438659699,0.4327933656785018,-0.4736736092984604,-0.35803396208892135,0.5446511676720712,-1.3133832581875537,-1.5315413136505371,-0.0675031379141101,1.7957758051722206,2.0011983950420946,1.0641989939881698,-0.3895323082701867,-0.09809730665544829,1.682598945253259,-0.5691197859179356,-1.0679505131647973,0.6572057192517562,0.8635041745453002,0.5387118689362969,-0.4194008220350217,-0.16501972683146723,0.7925352191037062,-0.9255628795100984,-1.3511866656994136,0.2263602181326639,-0.07639966350995119,-0.28708333828187355,-0.1436746012267653,0.5281575091431288,-0.17219794452469814,-0.3694246287326534,-0.05924801474239681,-0.2900883232983121,-0.2955781683826058,-0.3888554871521795,-0.41265547100857053,-0.2943754514063852,-0.3658086479243954,-0.18986025623493927,-0.06242164711634756,-0.5954363380650448,-0.5019144239909011,-0.32520250961370367,0.5449215208897721,-0.8376565205383595,-1.107608862589304,0.20090432700850336,-1.177626087863427,-1.086381470456385,-0.6336491784248299,-1.0507990843927357,-0.855906515359889,-0.23657207930514282,1.3555735383351193,-1.3555735383351195,2.0745051044939435,-0.3075623426146228,-1.6238025415294657,-0.13085598064755344,-0.2359813632291101,-0.2662958158485814,-0.19611613513818404,-0.19300937626135234,-0.12168146174384352,-0.06715342778730747,-0.03352007615769955,0.5449249778098338,-0.21680296415038888,-0.5118980953829163,-1.175735064194511,2.4640269015229057,-0.16278112867447064,-1.2316448970959013,-0.1699069165076462,-0.2081478487327801,1.4322604033532795,1.3555735383351193,-1.3555735383351195,1.3555735383351193,-1.3555735383351195,1.3555735383351193,-1.3555735383351195,1.3555735383351193,-1.3555735383351195,2.0745051044939435,-0.3075623426146228,-1.6238025415294657,2.0745051044939435,-0.3075623426146228,-1.6238025415294657,2.0745051044939435,-0.3075623426146228,-1.6238025415294657,-0.13085598064755344,-0.2359813632291101,-0.2662958158485814,-0.19611613513818404,-0.19300937626135234,-0.12168146174384352,-0.06715342778730747,-0.03352007615769955,0.5449249778098338,-0.13085598064755344,-0.2359813632291101,-0.2662958158485814,-0.19611613513818404,-0.19300937626135234,-0.12168146174384352,-0.06715342778730747,-0.03352007615769955,0.5449249778098338,-0.21680296415038888,-0.5118980953829163,-1.175735064194511,2.4640269015229057,-0.16278112867447064
1,1.5007228570145048,-0.3693648410115938,0.4327933656785018,0.7676298785983874,-0.2775119048613757,0.5446511676720712,0.96425644365423,-1.5315413136505371,0.48939774987729867,1.5007228570145048,-0.3693648410115938,0.4327933656785018,0.7676298785983874,-0.2775119048613757,0.5446511676720712,0.96425644365423,-1.5315413136505371,0.48939774987729867,1.80279450563953,0.8733211710569023,1.0659320872202023,1.5185852752920337,0.023134368167304607,1.6860811393205046,2.124898879553796,-1.0679505131647973,1.4196503768326576,-0.5892568139740777,0.2247862474698217,0.5195090584504164,-0.2811133522612637,-0.04105904351514409,0.42799519961826915,-1.3511866656994136,0.2263602181326639,-0.07639966350995119,0.2184329747796864,-0.09307115436717528,0.5281575091431288,0.770770541893495,-0.3694246287326534,0.048706956904792466,0.07498045644575013,-0.03958493668802583,0.9624460102277982,1.4694387837410756,-0.2943754514063852,0.26748572765974243,-0.1824556234616596,0.09169607123788796,0.030473735769331423,-0.5019144239909011,-0.2172938748258922,0.5449215208897721,1.1227307914744915,-1.107608862589304,0.7393377686336078,0.9989187709831968,-1.086381470456385,1.0640991990364888,-1.0507990843927357,-0.855906515359889,0.08106764742915833,-0.7376951317802901,0.7376951317802901,-0.4820426798824101,-0.3075623426146228,0.6158384251930635,-0.13085598064755344,-0.2359813632291101,-0.2662958158485814,-0.19611613513818404,-0.19300937626135234,-0.12168146174384352,-0.06715342778730747,-0.03352007615769955,0.5449249778098338,4.612483062299524,-0.5118980953829163,-1.175735064194511,-0.40583972495671383,-0.16278112867447064,-1.2316448970959013,-0.1699069165076462,-0.2081478487327801,1.4322604033532795,-0.7376951317802901,0.7376951317802901,-0.7376951317802901,0.7376951317802901,-0.7376951317802901,0.7376951317802901,-0.7376951317802901,0.7376951317802901,-0.4820426798824101,-0.3075623426146228,0.6158384251930635,-0.4820426798824101,-0.3075623426146228,0.6158384251930635,-0.4820426798824101,-0.3075623426146228,0.6158384251930635,-0.13085598064755344,-0.2359813632291101,-0.2662958158485814,-0.19611613513818404,-0.19300937626135234,-0.12168146174384352,-0.06715342778730747,-0.03352007615769955,0.5449249778098338,-0.13085598064755344,-0.2359813632291101,-0.2662958158485814,-0.19611613513818404,-0.19300937626135234,-0.12168146174384352,-0.06715342778730747,-0.03352007615769955,0.5449249778098338,4.612483062299524,-0.5118980953829163,-1.175735064194511,-0.40583972495671383,-0.16278112867447064
0,1.5046107400637654,0.8273772438659699,-0.47454519624983954,-0.4736736092984604,-0.4989475622371262,0.5446511676720712,-1.1168810094012038,-0.841999469050927,-0.6244040257055189,1.5046107400637654,0.8273772438659699,-0.47454519624983954,-0.4736736092984604,-0.4989475622371262,0.5446511676720712,-1.1168810094012038,-0.841999469050927,-0.6244040257055189,1.809821647117624,2.0093615595100216,-0.3760014818308347,-0.3895323082701867,-0.30860221658855275,1.6895633333877502,-0.33504274585444727,-0.18145048579431783,-0.10066792719256921,0.8635041745453002,-0.4030649954631285,-0.4194008220350217,-0.571347415835755,0.7925352191037062,-0.7285731700889909,-0.4975534921199921,-0.3576753639798948,-0.2328872501475753,-0.28708333828187355,-0.32078666523533045,-0.39610534423349997,-0.38113017778990566,-0.3694246287326534,-0.2751579580367754,-0.2900883232983121,-0.2955781683826058,-0.3888554871521795,-0.41265547100857053,-0.2943754514063852,-0.3658086479243954,-0.19836401418550262,-0.33212765423625973,-0.626822817058193,-0.45666540491192525,-0.4123594838653976,0.5449215208897721,-0.6685250661686233,-0.41925594351289297,-0.337529114616601,-1.1087392780725651,-0.8993508053382716,-0.7049484103449949,-0.9014630952079639,-0.6574644895504534,-0.4271559153457235,-0.7376951317802901,0.7376951317802901,2.0745051044939435,-0.3075623426146228,-1.6238025415294657,-0.13085598064755344,-0.2359813632291101,-0.2662958158485814,-0.19611613513818404,-0.19300937626135234,-0.12168146174384352,-0.06715342778730747,-0.03352007615769955,0.5449249778098338,-0.21680296415038888,-0.5118980953829163,0.8505317485662419,-0.40583972495671383,-0.16278112867447064,0.8119223343984152,-0.1699069165076462,-0.2081478487327801,-0.6981970580620328,-0.7376951317802901,0.7376951317802901,-0.7376951317802901,0.7376951317802901,-0.7376951317802901,0.7376951317802901,-0.7376951317802901,0.7376951317802901,2.0745051044939435,-0.3075623426146228,-1.6238025415294657,2.0745051044939435,-0.3075623426146228,-1.6238025415294657,2.0745051044939435,-0.3075623426146228,-1.6238025415294657,-0.13085598064755344,-0.2359813632291101,-0.2662958158485814,-0.19611613513818404,-0.19300937626135234,-0.12168146174384352,-0.06715342778730747,-0.03352007615769955,0.5449249778098338,-0.13085598064755344,-0.2359813632291101,-0.2662958158485814,-0.19611613513818404,-0.19300937626135234,-0.12168146174384352,-0.06715342778730747,-0.03352007615769955,0.5449249778098338,-0.21680296415038888,-0.5118980953829163,0.8505317485662419,-0.40583972495671383,-0.16278112867447064
0,1.5084986231130257,0.8273772438659699,-0.47454519624983954,-0.4736736092984604,-0.4989475622371262,0.5446511676720712,0.96425644365423,-0.497228546751122,-0.6244040257055189,1.5084986231130257,0.8273772438659699,-0.47454519624983954,-0.4736736092984604,-0.4989475622371262,0.5446511676720712,0.96425644365423,-0.497228546751122,-0.6244040257055189,1.8168572296065024,2.0134431417439846,-0.3760014818308347,-0.3895323082701867,-0.30834829027982763,1.6930455274549958,2.1328076596372902,0.2633958664756227,-0.09975372496525399,0.8635041745453002,-0.4030649954631285,-0.4194008220350217,-0.571347415835755,0.7925352191037062,1.3577269342345568,-0.07073690533028135,-0.3576753639798948,-0.2328872501475753,-0.28708333828187355,-0.32078666523533045,-0.39610534423349997,-0.38113017778990566,-0.3694246287326534,-0.2751579580367754,-0.2900883232983121,-0.2955781683826058,-0.3888554871521795,-0.41265547100857053,-0.2943754514063852,-0.3658086479243954,-0.19836401418550262,-0.33212765423625973,-0.41485036472765574,-0.4340408953724373,-0.4123594838653976,0.5449215208897721,1.1227307914744915,-0.07507948397468743,-0.337529114616601,0.9989187709831968,0.026867934339009688,-0.22342026433344614,-0.714793108726999,-0.5582434766457356,-0.4271559153457235,-0.7376951317802901,0.7376951317802901,-0.4820426798824101,-0.3075623426146228,0.6158384251930635,-0.13085598064755344,-0.2359813632291101,-0.2662958158485814,-0.19611613513818404,-0.19300937626135234,-0.12168146174384352,-0.06715342778730747,-0.03352007615769955,0.5449249778098338,-0.21680296415038888,-0.5118980953829163,0.8505317485662419,-0.40583972495671383,-0.16278112867447064,0.8119223343984152,-0.1699069165076462,-0.2081478487327801,-0.6981970580620328,-0.7376951317802901,0.7376951317802901,-0.7376951317802901,0.7376951317802901,-0.7376951317802901,0.7376951317802901,-0.7376951317802901,0.7376951317802901,-0.4820426798824101,-0.3075623426146228,0.6158384251930635,-0.4820426798824101,-0.3075623426146228,0.6158384251930635,-0.4820426798824101,-0.3075623426146228,0.6158384251930635,-0.13085598064755344,-0.2359813632291101,-0.2662958158485814,-0.19611613513818404,-0.19300937626135234,-0.12168146174384352,-0.06715342778730747,-0.03352007615769955,0.5449249778098338,-0.13085598064755344,-0.2359813632291101,-0.2662958158485814,-0.19611613513818404,-0.19300937626135234,-0.12168146174384352,-0.06715342778730747,-0.03352007615769955,0.5449249778098338,-0.21680296415038888,-0.5118980953829163,0.8505317485662419,-0.40583972495671383,-0.16278112867447064
0,1.512386506162286,0.8273772438659699,-0.47454519624983954,-0.4736736092984604,-0.4788170479302398,0.5446511676720712,0.96425644365423,-1.1867703913507321,-0.6244040257055189,1.512386506162286,0.8273772438659699,-0.47454519624983954,-0.4736736092984604,-0.4788170479302398,0.5446511676720712,0.96425644365423,-1.1867703913507321,-0.6244040257055189,1.8239012531061656,2.017524723977948,-0.3760014818308347,-0.3895323082701867,-0.2778045828588947,1.6965277215222414,2.136762049679038,-0.6236362737564237,-0.09883952273793876,0.8635041745453002,-0.4030649954631285,-0.4194008220350217,-0.5133006031208568,0.7925352191037062,1.3577269342345568,-0.9243700789097029,-0.3576753639798948,-0.2328872501475753,-0.28708333828187355,-0.32078666523533045,-0.39610534423349997,-0.38113017778990566,-0.3694246287326534,-0.2751579580367754,-0.2900883232983121,-0.2955781683826058,-0.3888554871521795,-0.41265547100857053,-0.2943754514063852,-0.3658086479243954,-0.1974962837823839,-0.29359822464770086,-0.374366355591566,-0.47605784166005777,-0.40820915175817407,0.5449215208897721,1.1227307914744915,-0.7634324030510985,-0.337529114616601,0.9989187709831968,-0.7152983355245868,-0.22342026433344614,-1.0134650870965427,-0.7566855024551713,-0.4271559153457235,-0.7376951317802901,0.7376951317802901,-0.4820426798824101,-0.3075623426146228,0.6158384251930635,-0.13085598064755344,-0.2359813632291101,-0.2662958158485814,-0.19611613513818404,-0.19300937626135234,-0.12168146174384352,-0.06715342778730747,-0.03352007615769955,0.5449249778098338,-0.21680296415038888,-0.5118980953829163,0.8505317485662419,-0.40583972495671383,-0.16278112867447064,0.8119223343984152,-0.1699069165076462,-0.2081478487327801,-0.6981970580620328,-0.7376951317802901,0.7376951317802901,-0.7376951317802901,0.7376951317802901,-0.7376951317802901,0.7376951317802901,-0.7376951317802901,0.7376951317802901,-0.4820426798824101,-0.3075623426146228,0.6158384251930635,-0.4820426798824101,-0.3075623426146228,0.6158384251930635,-0.4820426798824101,-0.3075623426146228,0.6158384251930635,-0.13085598064755344,-0.2359813632291101,-0.2662958158485814,-0.19611613513818404,-0.19300937626135234,-0.12168146174384352,-0.06715342778730747,-0.03352007615769955,0.5449249778098338,-0.13085598064755344,-0.2359813632291101,-0.2662958158485814,-0.19611613513818404,-0.19300937626135234,-0.12168146174384352,-0.06715342778730747,-0.03352007615769955,0.5449249778098338,-0.21680296415038888,-0.5118980953829163,0.8505317485662419,-0.40583972495671383,-0.16278112867447064
1,1.5162743892115464,-1.5661069258891576,0.4327933656785018,0.7676298785983874,1.030971525086241,-1.8792661492571456,-1.3133832581875537,0.8818551424480984,0.48939774987729867,1.5162743892115464,-1.5661069258891576,0.4327933656785018,0.7676298785983874,1.030971525086241,-1.8792661492571456,-1.3133832581875537,0.8818551424480984,0.48939774987729867,1.830953717616613,-0.2531955255169693,1.0728644601483324,1.5277589175206983,1.9969398410744352,-1.0933965496288784,-0.5655335413375389,2.045973952724786,1.4306208035604404,-1.4609134070857044,-0.0891393739966534,0.0500541182076973,0.6282867136054756,-1.6745420808165796,-1.2628331395795704,-0.35528129652342183,-0.3576753639798948,-0.07639966350995119,0.2184329747796864,0.7292348571011629,-0.35873376929420825,-0.17219794452469814,1.1170924095935137,0.048706956904792466,0.07498045644575013,0.884835066653513,-0.33421706368809756,-0.07128042961738269,1.2031936272409431,0.26748572765974243,0.19732104963662875,-0.4725282876975271,-0.0887688914613663,1.3759198677865991,0.5920208860826939,-1.8409560124108695,-1.254453953667688,-1.010194026408372,-0.8106496239735714,-1.177626087863427,-0.6152309732957872,-0.5168837696280381,0.7785667831207204,1.227734755639185,0.08106764742915833,1.3555735383351193,-1.3555735383351195,2.0745051044939435,-0.3075623426146228,-1.6238025415294657,-0.13085598064755344,-0.2359813632291101,-0.2662958158485814,-0.19611613513818404,5.181095444015676,-0.12168146174384352,-0.06715342778730747,-0.03352007615769955,-1.8351149988007645,-0.21680296415038888,1.9535138126504805,-1.175735064194511,-0.40583972495671383,-0.16278112867447064,-1.2316448970959013,-0.1699069165076462,-0.2081478487327801,1.4322604033532795,1.3555735383351193,-1.3555735383351195,1.3555735383351193,-1.3555735383351195,1.3555735383351193,-1.3555735383351195,1.3555735383351193,-1.3555735383351195,2.0745051044939435,-0.3075623426146228,-1.6238025415294657,2.0745051044939435,-0.3075623426146228,-1.6238025415294657,2.0745051044939435,-0.3075623426146228,-1.6238025415294657,-0.13085598064755344,-0.2359813632291101,-0.2662958158485814,-0.19611613513818404,5.181095444015676,-0.12168146174384352,-0.06715342778730747,-0.03352007615769955,-1.8351149988007645,-0.13085598064755344,-0.2359813632291101,-0.2662958158485814,-0.19611613513818404,5.181095444015676,-0.12168146174384352,-0.06715342778730747,-0.03352007615769955,-1.8351149988007645,-0.21680296415038888,1.9535138126504805,-1.175735064194511,-0.40583972495671383,-0.16278112867447064
0,1.5201622722608068,0.8273772438659699,-0.47454519624983954,-0.4736736092984604,-0.4788170479302398,0.5446511676720712,0.96425644365423,-0.841999469050927,-0.6244040257055189,1.5201622722608068,0.8273772438659699,-0.47454519624983954,-0.4736736092984604,-0.4788170479302398,0.5446511676720712,0.96425644365423,-0.841999469050927,-0.6244040257055189,1.838014623137845,2.0256878884458747,-0.3760014818308347,-0.3895323082701867,-0.277224179867523,1.7034921096567324,2.144670829762532,-0.17719358290178253,-0.0970111182833083,0.8635041745453002,-0.4030649954631285,-0.4194008220350217,-0.5133006031208568,0.7925352191037062,1.3577269342345568,-0.4975534921199921,-0.3576753639798948,-0.2328872501475753,-0.28708333828187355,-0.32078666523533045,-0.39610534423349997,-0.38113017778990566,-0.3694246287326534,-0.2751579580367754,-0.2900883232983121,-0.2955781683826058,-0.3888554871521795,-0.41265547100857053,-0.2943754514063852,-0.3658086479243954,-0.1974962837823839,-0.29359822464770086,-0.374366355591566,-0.4502012593292144,-0.40820915175817407,0.5449215208897721,1.1227307914744915,-0.41925594351289297,-0.337529114616601,0.9989187709831968,-0.34421520059278854,-0.22342026433344614,-0.9014630952079639,-0.6574644895504534,-0.4271559153457235,-0.7376951317802901,0.7376951317802901,-0.4820426798824101,-0.3075623426146228,0.6158384251930635,-0.13085598064755344,-0.2359813632291101,-0.2662958158485814,-0.19611613513818404,-0.19300937626135234,-0.12168146174384352,-0.06715342778730747,-0.03352007615769955,0.5449249778098338,-0.21680296415038888,-0.5118980953829163,0.8505317485662419,-0.40583972495671383,-0.16278112867447064,0.8119223343984152,-0.1699069165076462,-0.2081478487327801,-0.6981970580620328,-0.7376951317802901,0.7376951317802901,-0.7376951317802901,0.7376951317802901,-0.7376951317802901,0.7376951317802901,-0.7376951317802901,0.7376951317802901,-0.4820426798824101,-0.3075623426146228,0.6158384251930635,-0.4820426798824101,-0.3075623426146228,0.6158384251930635,-0.4820426798824101,-0.3075623426146228,0.6158384251930635,-0.13085598064755344,-0.2359813632291101,-0.2662958158485814,-0.19611613513818404,-0.19300937626135234,-0.12168146174384352,-0.06715342778730747,-0.03352007615769955,0.5449249778098338,-0.13085598064755344,-0.2359813632291101,-0.2662958158485814,-0.19611613513818404,-0.19300937626135234,-0.12168146174384352,-0.06715342778730747,-0.03352007615769955,0.5449249778098338,-0.21680296415038888,-0.5118980953829163,0.8505317485662419,-0.40583972495671383,-0.16278112867447064
0,1.5240501553100672,0.8273772438659699,-0.47454519624983954,-0.4736736092984604,-0.4788170479302398,0.5446511676720712,0.96425644365423,0.19231329784848822,-0.6244040257055189,1.5240501553100672,0.8273772438659699,-0.47454519624983954,-0.4736736092984604,-0.4788170479302398,0.5446511676720712,0.96425644365423,0.19231329784848822,-0.6244040257055189,1.8450839696698613,2.029769470679838,-0.3760014818308347,-0.3895323082701867,-0.2769339783718372,1.706974303723978,2.1486252198042792,1.1616023768005743,-0.09609691605599308,0.8635041745453002,-0.4030649954631285,-0.4194008220350217,-0.5133006031208568,0.7925352191037062,1.3577269342345568,0.7828962682491402,-0.3576753639798948,-0.2328872501475753,-0.28708333828187355,-0.32078666523533045,-0.39610534423349997,-0.38113017778990566,-0.3694246287326534,-0.2751579580367754,-0.2900883232983121,-0.2955781683826058,-0.3888554871521795,-0.41265547100857053,-0.2943754514063852,-0.3658086479243954,-0.1974962837823839,-0.29359822464770086,-0.374366355591566,-0.3726315123366843,-0.40820915175817407,0.5449215208897721,1.1227307914744915,0.6132734351017236,-0.337529114616601,0.9989187709831968,0.7690342042026062,-0.22342026433344614,-0.1174491519879112,-0.3598014508363,-0.4271559153457235,-0.7376951317802901,0.7376951317802901,-0.4820426798824101,-0.3075623426146228,0.6158384251930635,-0.13085598064755344,-0.2359813632291101,-0.2662958158485814,-0.19611613513818404,-0.19300937626135234,-0.12168146174384352,-0.06715342778730747,-0.03352007615769955,0.5449249778098338,-0.21680296415038888,-0.5118980953829163,0.8505317485662419,-0.40583972495671383,-0.16278112867447064,0.8119223343984152,-0.1699069165076462,-0.2081478487327801,-0.6981970580620328,-0.7376951317802901,0.7376951317802901,-0.7376951317802901,0.7376951317802901,-0.7376951317802901,0.7376951317802901,-0.7376951317802901,0.7376951317802901,-0.4820426798824101,-0.3075623426146228,0.6158384251930635,-0.4820426798824101,-0.3075623426146228,0.6158384251930635,-0.4820426798824101,-0.3075623426146228,0.6158384251930635,-0.13085598064755344,-0.2359813632291101,-0.2662958158485814,-0.19611613513818404,-0.19300937626135234,-0.12168146174384352,-0.06715342778730747,-0.03352007615769955,0.5449249778098338,-0.13085598064755344,-0.2359813632291101,-0.2662958158485814,-0.19611613513818404,-0.19300937626135234,-0.12168146174384352,-0.06715342778730747,-0.03352007615769955,0.5449249778098338,-0.21680296415038888,-0.5118980953829163,0.8505317485662419,-0.40583972495671383,-0.16278112867447064
1,1.5279380383593275,0.8273772438659699,-0.47454519624983954,-0.4736736092984604,0.4874476388003079,0.5446511676720712,0.96425644365423,0.5370842201482933,3.2739021888343425,1.5279380383593275,0.8273772438659699,-0.47454519624983954,-0.4736736092984604,0.4874476388003079,0.5446511676720712,0.96425644365423,0.5370842201482933,3.2739021888343425,1.8521617572126623,2.033851052913801,-0.3760014818308347,-0.3895323082701867,1.1842305524062857,1.7104564977912236,2.1525796098460264,1.6107056319630502,5.273926967193666,0.8635041745453002,-0.4030649954631285,-0.4194008220350217,2.2729464071942593,0.7925352191037062,1.3577269342345568,1.209712855038851,3.730573710808016,-0.2328872501475753,-0.28708333828187355,-0.32078666523533045,-0.39610534423349997,-0.38113017778990566,-0.3694246287326534,-0.2751579580367754,-0.2900883232983121,-0.2955781683826058,-0.3888554871521795,-0.41265547100857053,-0.2943754514063852,-0.3658086479243954,-0.019785097223672273,1.5558143956031254,1.5688660829407417,0.5840620339045206,1.4179369754201743,0.5449215208897721,1.1227307914744915,0.9574498946399291,3.43150497675913,0.9989187709831968,1.1401173391344044,4.282897857461326,0.29322481827021163,3.9067021040665657,3.575104641506471,-0.7376951317802901,0.7376951317802901,-0.4820426798824101,-0.3075623426146228,0.6158384251930635,-0.13085598064755344,-0.2359813632291101,-0.2662958158485814,-0.19611613513818404,-0.19300937626135234,-0.12168146174384352,-0.06715342778730747,-0.03352007615769955,0.5449249778098338,-0.21680296415038888,-0.5118980953829163,0.8505317485662419,-0.40583972495671383,-0.16278112867447064,0.8119223343984152,-0.1699069165076462,-0.2081478487327801,-0.6981970580620328,-0.7376951317802901,0.7376951317802901,-0.7376951317802901,0.7376951317802901,-0.7376951317802901,0.7376951317802901,-0.7376951317802901,0.7376951317802901,-0.4820426798824101,-0.3075623426146228,0.6158384251930635,-0.4820426798824101,-0.3075623426146228,0.6158384251930635,-0.4820426798824101,-0.3075623426146228,0.6158384251930635,-0.13085598064755344,-0.2359813632291101,-0.2662958158485814,-0.19611613513818404,-0.19300937626135234,-0.12168146174384352,-0.06715342778730747,-0.03352007615769955,0.5449249778098338,-0.13085598064755344,-0.2359813632291101,-0.2662958158485814,-0.19611613513818404,-0.19300937626135234,-0.12168146174384352,-0.06715342778730747,-0.03352007615769955,0.5449249778098338,-0.21680296415038888,-0.5118980953829163,0.8505317485662419,-0.40583972495671383,-0.16278112867447064
1,1.5318259214085879,-1.5661069258891576,-0.47454519624983954,-0.4736736092984604,-0.056076247485625196,-1.747233654090395,-1.1168810094012038,0.19231329784848822,-0.6244040257055189,1.5318259214085879,-1.5661069258891576,-0.47454519624983954,-0.4736736092984604,-0.056076247485625196,-1.747233654090395,-1.1168810094012038,0.19231329784848822,-0.6244040257055189,1.8592479857662478,-0.24775341587168484,-0.3760014818308347,-0.3895323082701867,0.36354072260677595,-0.9399464907523493,-0.3280670240954101,1.1669235054162435,-0.09426851160136261,-1.4609134070857044,-0.4030649954631285,-0.4194008220350217,-0.416555915262693,-1.6309715720209197,-1.1971699031058678,-0.6398256877165623,-0.7470324187216006,-0.2328872501475753,-0.28708333828187355,-0.32078666523533045,-0.39610534423349997,-0.38113017778990566,-0.3694246287326534,-0.2751579580367754,-0.2900883232983121,-0.2955781683826058,-0.3888554871521795,-0.41265547100857053,-0.2943754514063852,-0.3658086479243954,-0.15254784890083478,-0.49825257155497715,-0.4023737519601931,-0.033263869244364974,-0.3210521775064802,-1.8243260033503432,-1.2160718491425495,-0.9480793399236663,-0.8260486080042697,-1.1087392780725651,-0.6188048076611016,-0.7049484103449949,-0.1174491519879112,-0.3598014508363,-0.4271559153457235,-0.7376951317802901,0.7376951317802901,2.0745051044939435,-0.3075623426146228,-1.6238025415294657,-0.13085598064755344,-0.2359813632291101,3.755222352305419,-0.19611613513818404,-0.19300937626135234,-0.12168146174384352,-0.06715342778730747,-0.03352007615769955,-1.8351149988007645,-0.21680296415038888,-0.5118980953829163,0.8505317485662419,-0.40583972495671383,-0.16278112867447064,0.8119223343984152,-0.1699069165076462,-0.2081478487327801,-0.6981970580620328,-0.7376951317802901,0.7376951317802901,-0.7376951317802901,0.7376951317802901,-0.7376951317802901,0.7376951317802901,-0.7376951317802901,0.7376951317802901,2.0745051044939435,-0.3075623426146228,-1.6238025415294657,2.0745051044939435,-0.3075623426146228,-1.6238025415294657,2.0745051044939435,-0.3075623426146228,-1.6238025415294657,-0.13085598064755344,-0.2359813632291101,3.755222352305419,-0.19611613513818404,-0.19300937626135234,-0.12168146174384352,-0.06715342778730747,-0.03352007615769955,-1.8351149988007645,-0.13085598064755344,-0.2359813632291101,3.755222352305419,-0.19611613513818404,-0.19300937626135234,-0.12168146174384352,-0.06715342778730747,-0.03352007615769955,-1.8351149988007645,-0.21680296415038888,-0.5118980953829163,0.8505317485662419,-0.40583972495671383,-0.16278112867447064
0,1.5357138044578482,0.8273772438659699,-0.47454519624983954,-0.4736736092984604,-0.4989475622371262,0.5446511676720712,0.96425644365423,-0.841999469050927,-0.6244040257055189,1.5357138044578482,0.8273772438659699,-0.47454519624983954,-0.4736736092984604,-0.4989475622371262,0.5446511676720712,0.96425644365423,-0.841999469050927,-0.6244040257055189,1.866342655330618,2.0420142173817277,-0.3760014818308347,-0.3895323082701867,-0.306570806118752,1.7174208859257147,2.1604883899295206,-0.1729366800092472,-0.09335430937404739,0.8635041745453002,-0.4030649954631285,-0.4194008220350217,-0.571347415835755,0.7925352191037062,1.3577269342345568,-0.4975534921199921,-0.3576753639798948,-0.2328872501475753,-0.28708333828187355,-0.32078666523533045,-0.39610534423349997,-0.38113017778990566,-0.3694246287326534,-0.2751579580367754,-0.2900883232983121,-0.2955781683826058,-0.3888554871521795,-0.41265547100857053,-0.2943754514063852,-0.3658086479243954,-0.19836401418550262,-0.33212765423625973,-0.41485036472765574,-0.45666540491192525,-0.4123594838653976,0.5449215208897721,1.1227307914744915,-0.41925594351289297,-0.337529114616601,0.9989187709831968,-0.34421520059278854,-0.22342026433344614,-0.9014630952079639,-0.6574644895504534,-0.4271559153457235,-0.7376951317802901,0.7376951317802901,-0.4820426798824101,-0.3075623426146228,0.6158384251930635,-0.13085598064755344,-0.2359813632291101,-0.2662958158485814,-0.19611613513818404,-0.19300937626135234,-0.12168146174384352,-0.06715342778730747,-0.03352007615769955,0.5449249778098338,-0.21680296415038888,-0.5118980953829163,0.8505317485662419,-0.40583972495671383,-0.16278112867447064,0.8119223343984152,-0.1699069165076462,-0.2081478487327801,-0.6981970580620328,-0.7376951317802901,0.7376951317802901,-0.7376951317802901,0.7376951317802901,-0.7376951317802901,0.7376951317802901,-0.7376951317802901,0.7376951317802901,-0.4820426798824101,-0.3075623426146228,0.6158384251930635,-0.4820426798824101,-0.3075623426146228,0.6158384251930635,-0.4820426798824101,-0.3075623426146228,0.6158384251930635,-0.13085598064755344,-0.2359813632291101,-0.2662958158485814,-0.19611613513818404,-0.19300937626135234,-0.12168146174384352,-0.06715342778730747,-0.03352007615769955,0.5449249778098338,-0.13085598064755344,-0.2359813632291101,-0.2662958158485814,-0.19611613513818404,-0.19300937626135234,-0.12168146174384352,-0.06715342778730747,-0.03352007615769955,0.5449249778098338,-0.21680296415038888,-0.5118980953829163,0.8505317485662419,-0.40583972495671383,-0.16278112867447064
0,1.5396016875071086,-0.3693648410115938,-0.47454519624983954,-0.4736736092984604,-0.438556019316467,0.5446511676720712,0.96425644365423,-1.1867703913507321,-0.0675031379141101,1.5396016875071086,-0.3693648410115938,-0.47454519624983954,-0.4736736092984604,-0.438556019316467,0.5446511676720712,0.96425644365423,-1.1867703913507321,-0.0675031379141101,1.8734457659057724,0.9005317192833243,-0.3760014818308347,-0.3895323082701867,-0.214685757547228,1.7209030799929603,2.164442779971268,-0.6199114837254553,0.6773181682526913,-0.5892568139740777,-0.4030649954631285,-0.4194008220350217,-0.5906963534073878,-0.04105904351514409,0.42799519961826915,-1.0666422745062731,-0.1629968366090419,-0.2328872501475753,-0.28708333828187355,-0.32078666523533045,-0.39610534423349997,-0.38113017778990566,-0.3694246287326534,-0.2751579580367754,-0.2900883232983121,-0.2955781683826058,-0.3888554871521795,-0.41265547100857053,-0.2943754514063852,-0.3658086479243954,-0.19541373081489902,-0.21653936547058308,-0.2933983373193865,-0.46959369607734697,-0.35840516647149184,0.5449215208897721,1.1227307914744915,-0.7634324030510985,0.20090432700850336,0.9989187709831968,-0.7152983355245868,0.42033946735152133,-1.0134650870965427,-0.6574644895504534,-0.23657207930514282,-0.7376951317802901,0.7376951317802901,-0.4820426798824101,-0.3075623426146228,0.6158384251930635,-0.13085598064755344,-0.2359813632291101,-0.2662958158485814,-0.19611613513818404,-0.19300937626135234,-0.12168146174384352,-0.06715342778730747,-0.03352007615769955,0.5449249778098338,-0.21680296415038888,-0.5118980953829163,0.8505317485662419,-0.40583972495671383,-0.16278112867447064,0.8119223343984152,-0.1699069165076462,-0.2081478487327801,-0.6981970580620328,-0.7376951317802901,0.7376951317802901,-0.7376951317802901,0.7376951317802901,-0.7376951317802901,0.7376951317802901,-0.7376951317802901,0.7376951317802901,-0.4820426798824101,-0.3075623426146228,0.6158384251930635,-0.4820426798824101,-0.3075623426146228,0.6158384251930635,-0.4820426798824101,-0.3075623426146228,0.6158384251930635,-0.13085598064755344,-0.2359813632291101,-0.2662958158485814,-0.19611613513818404,-0.19300937626135234,-0.12168146174384352,-0.06715342778730747,-0.03352007615769955,0.5449249778098338,-0.13085598064755344,-0.2359813632291101,-0.2662958158485814,-0.19611613513818404,-0.19300937626135234,-0.12168146174384352,-0.06715342778730747,-0.03352007615769955,0.5449249778098338,-0.21680296415038888,-0.5118980953829163,0.8505317485662419,-0.40583972495671383,-0.16278112867447064
1,1.543489570556369,-1.5661069258891576,-0.47454519624983954,-0.4736736092984604,-0.01581521887185237,0.5446511676720712,-1.3133832581875537,0.19231329784848822,-0.0675031379141101,1.543489570556369,-1.5661069258891576,-0.47454519624983954,-0.4736736092984604,-0.01581521887185237,0.5446511676720712,-1.3133832581875537,0.19231329784848822,-0.0675031379141101,1.8805573174917112,-0.24367183363772155,-0.3760014818308347,-0.3895323082701867,0.42785662908814664,1.7243852740602057,-0.5605127989249834,1.1749051983397472,0.6791465727073217,-1.4609134070857044,-0.4030649954631285,-0.4194008220350217,-0.3778580401194275,-0.8746533061339944,-1.2628331395795704,-0.6398256877165623,-0.5523538913507477,-0.2328872501475753,-0.28708333828187355,-0.32078666523533045,-0.39610534423349997,-0.38113017778990566,-0.3694246287326534,-0.2751579580367754,-0.2900883232983121,-0.2955781683826058,-0.3888554871521795,-0.41265547100857053,-0.2943754514063852,-0.3658086479243954,-0.1456060056758851,0.5925786558891535,-0.47060522803225446,-0.0009431413308107509,-0.18409121796810404,0.5449215208897721,-0.8376565205383595,0.6132734351017236,0.20090432700850336,-1.177626087863427,-0.7498454010559581,-0.6336491784248299,-0.1174491519879112,0.13630361368728913,-0.23657207930514282,1.3555735383351193,-1.3555735383351195,2.0745051044939435,-0.3075623426146228,-1.6238025415294657,-0.13085598064755344,-0.2359813632291101,-0.2662958158485814,-0.19611613513818404,-0.19300937626135234,-0.12168146174384352,-0.06715342778730747,-0.03352007615769955,0.5449249778098338,-0.21680296415038888,1.9535138126504805,-1.175735064194511,-0.40583972495671383,-0.16278112867447064,0.8119223343984152,-0.1699069165076462,-0.2081478487327801,-0.6981970580620328,1.3555735383351193,-1.3555735383351195,1.3555735383351193,-1.3555735383351195,1.3555735383351193,-1.3555735383351195,1.3555735383351193,-1.3555735383351195,2.0745051044939435,-0.3075623426146228,-1.6238025415294657,2.0745051044939435,-0.3075623426146228,-1.6238025415294657,2.0745051044939435,-0.3075623426146228,-1.6238025415294657,-0.13085598064755344,-0.2359813632291101,-0.2662958158485814,-0.19611613513818404,-0.19300937626135234,-0.12168146174384352,-0.06715342778730747,-0.03352007615769955,0.5449249778098338,-0.13085598064755344,-0.2359813632291101,-0.2662958158485814,-0.19611613513818404,-0.19300937626135234,-0.12168146174384352,-0.06715342778730747,-0.03352007615769955,0.5449249778098338,-0.21680296415038888,1.9535138126504805,-1.175735064194511,-0.40583972495671383,-0.16278112867447064
0,1.5473774536056295,0.8273772438659699,-0.47454519624983954,-0.4736736092984604,-0.5190780765440126,0.5446511676720712,-1.1168810094012038,0.5370842201482933,-0.6244040257055189,1.5473774536056295,0.8273772438659699,-0.47454519624983954,-0.4736736092984604,-0.5190780765440126,0.5446511676720712,-1.1168810094012038,0.5370842201482933,-0.6244040257055189,1.8876773100884348,2.0542589640836177,-0.3760014818308347,-0.3895323082701867,-0.3364252849874311,1.7278674681274513,-0.32408089737596024,1.6266690178100576,-0.0906117026921017,0.8635041745453002,-0.4030649954631285,-0.4194008220350217,-0.6293942285506533,0.7925352191037062,-0.7285731700889909,1.209712855038851,-0.3576753639798948,-0.2328872501475753,-0.28708333828187355,-0.32078666523533045,-0.39610534423349997,-0.38113017778990566,-0.3694246287326534,-0.2751579580367754,-0.2900883232983121,-0.2955781683826058,-0.3888554871521795,-0.41265547100857053,-0.2943754514063852,-0.3658086479243954,-0.19911604720153883,-0.3706570838248186,-0.6370250472899203,-0.385559803502106,-0.4165098159726211,0.5449215208897721,-0.6685250661686233,0.9574498946399291,-0.337529114616601,-1.1087392780725651,-0.5252894751020448,-0.7049484103449949,0.29322481827021163,-0.26058043793158214,-0.4271559153457235,-0.7376951317802901,0.7376951317802901,2.0745051044939435,-0.3075623426146228,-1.6238025415294657,-0.13085598064755344,-0.2359813632291101,-0.2662958158485814,-0.19611613513818404,-0.19300937626135234,-0.12168146174384352,-0.06715342778730747,-0.03352007615769955,0.5449249778098338,-0.21680296415038888,-0.5118980953829163,0.8505317485662419,-0.40583972495671383,-0.16278112867447064,0.8119223343984152,-0.1699069165076462,-0.2081478487327801,-0.6981970580620328,-0.7376951317802901,0.7376951317802901,-0.7376951317802901,0.7376951317802901,-0.7376951317802901,0.7376951317802901,-0.7376951317802901,0.7376951317802901,2.0745051044939435,-0.3075623426146228,-1.6238025415294657,2.0745051044939435,-0.3075623426146228,-1.6238025415294657,2.0745051044939435,-0.3075623426146228,-1.6238025415294657,-0.13085598064755344,-0.2359813632291101,-0.2662958158485814,-0.19611613513818404,-0.19300937626135234,-0.12168146174384352,-0.06715342778730747,-0.03352007615769955,0.5449249778098338,-0.13085598064755344,-0.2359813632291101,-0.2662958158485814,-0.19611613513818404,-0.19300937626135234,-0.12168146174384352,-0.06715342778730747,-0.03352007615769955,0.5449249778098338,-0.21680296415038888,-0.5118980953829163,0.8505317485662419,-0.40583972495671383,-0.16278112867447064
0,1.5512653366548899,0.8273772438659699,-0.47454519624983954,-0.4736736092984604,-0.4788170479302398,0.5446511676720712,0.96425644365423,-1.1867703913507321,-0.6244040257055189,1.5512653366548899,0.8273772438659699,-0.47454519624983954,-0.4736736092984604,-0.4788170479302398,0.5446511676720712,0.96425644365423,-1.1867703913507321,-0.6244040257055189,1.8948057436959427,2.0583405463175812,-0.3760014818308347,-0.3895323082701867,-0.27490256790203643,1.7313496621946969,2.1763059500965096,-0.6183151451407546,-0.08969750046478646,0.8635041745453002,-0.4030649954631285,-0.4194008220350217,-0.5133006031208568,0.7925352191037062,1.3577269342345568,-0.9243700789097029,-0.3576753639798948,-0.2328872501475753,-0.28708333828187355,-0.32078666523533045,-0.39610534423349997,-0.38113017778990566,-0.3694246287326534,-0.2751579580367754,-0.2900883232983121,-0.2955781683826058,-0.3888554871521795,-0.41265547100857053,-0.2943754514063852,-0.3658086479243954,-0.1974962837823839,-0.29359822464770086,-0.374366355591566,-0.47605784166005777,-0.40820915175817407,0.5449215208897721,1.1227307914744915,-0.7634324030510985,-0.337529114616601,0.9989187709831968,-0.7152983355245868,-0.22342026433344614,-1.0134650870965427,-0.7566855024551713,-0.4271559153457235,-0.7376951317802901,0.7376951317802901,-0.4820426798824101,-0.3075623426146228,0.6158384251930635,-0.13085598064755344,-0.2359813632291101,-0.2662958158485814,-0.19611613513818404,-0.19300937626135234,-0.12168146174384352,-0.06715342778730747,-0.03352007615769955,0.5449249778098338,-0.21680296415038888,-0.5118980953829163,0.8505317485662419,-0.40583972495671383,-0.16278112867447064,0.8119223343984152,-0.1699069165076462,-0.2081478487327801,-0.6981970580620328,-0.7376951317802901,0.7376951317802901,-0.7376951317802901,0.7376951317802901,-0.7376951317802901,0.7376951317802901,-0.7376951317802901,0.7376951317802901,-0.4820426798824101,-0.3075623426146228,0.6158384251930635,-0.4820426798824101,-0.3075623426146228,0.6158384251930635,-0.4820426798824101,-0.3075623426146228,0.6158384251930635,-0.13085598064755344,-0.2359813632291101,-0.2662958158485814,-0.19611613513818404,-0.19300937626135234,-0.12168146174384352,-0.06715342778730747,-0.03352007615769955,0.5449249778098338,-0.13085598064755344,-0.2359813632291101,-0.2662958158485814,-0.19611613513818404,-0.19300937626135234,-0.12168146174384352,-0.06715342778730747,-0.03352007615769955,0.5449249778098338,-0.21680296415038888,-0.5118980953829163,0.8505317485662419,-0.40583972495671383,-0.16278112867447064
0,1.5551532197041502,0.8273772438659699,-0.47454519624983954,-0.4736736092984604,-0.4989475622371262,0.5446511676720712,0.96425644365423,1.2266260647479035,-0.6244040257055189,1.5551532197041502,0.8273772438659699,-0.47454519624983954,-0.4736736092984604,-0.4989475622371262,0.5446511676720712,0.96425644365423,1.2266260647479035,-0.6244040257055189,1.9019426183142352,2.0624221285515443,-0.3760014818308347,-0.3895323082701867,-0.30530117457512645,1.7348318562619425,2.1802603401382568,2.5333893339200797,-0.08878329823747123,0.8635041745453002,-0.4030649954631285,-0.4194008220350217,-0.571347415835755,0.7925352191037062,1.3577269342345568,2.0633460286182723,-0.3576753639798948,-0.2328872501475753,-0.28708333828187355,-0.32078666523533045,-0.39610534423349997,-0.38113017778990566,-0.3694246287326534,-0.2751579580367754,-0.2900883232983121,-0.2955781683826058,-0.3888554871521795,-0.41265547100857053,-0.2943754514063852,-0.3658086479243954,-0.19836401418550262,-0.33212765423625973,-0.41485036472765574,-0.32091834767499755,-0.4123594838653976,0.5449215208897721,1.1227307914744915,1.64580281371634,-0.337529114616601,0.9989187709831968,1.8822836089980008,-0.22342026433344614,1.3385767425636153,-0.06213841212214652,-0.4271559153457235,-0.7376951317802901,0.7376951317802901,-0.4820426798824101,-0.3075623426146228,0.6158384251930635,-0.13085598064755344,-0.2359813632291101,-0.2662958158485814,-0.19611613513818404,-0.19300937626135234,-0.12168146174384352,-0.06715342778730747,-0.03352007615769955,0.5449249778098338,-0.21680296415038888,-0.5118980953829163,0.8505317485662419,-0.40583972495671383,-0.16278112867447064,0.8119223343984152,-0.1699069165076462,-0.2081478487327801,-0.6981970580620328,-0.7376951317802901,0.7376951317802901,-0.7376951317802901,0.7376951317802901,-0.7376951317802901,0.7376951317802901,-0.7376951317802901,0.7376951317802901,-0.4820426798824101,-0.3075623426146228,0.6158384251930635,-0.4820426798824101,-0.3075623426146228,0.6158384251930635,-0.4820426798824101,-0.3075623426146228,0.6158384251930635,-0.13085598064755344,-0.2359813632291101,-0.2662958158485814,-0.19611613513818404,-0.19300937626135234,-0.12168146174384352,-0.06715342778730747,-0.03352007615769955,0.5449249778098338,-0.13085598064755344,-0.2359813632291101,-0.2662958158485814,-0.19611613513818404,-0.19300937626135234,-0.12168146174384352,-0.06715342778730747,-0.03352007615769955,0.5449249778098338,-0.21680296415038888,-0.5118980953829163,0.8505317485662419,-0.40583972495671383,-0.16278112867447064
0,1.5590411027534106,0.8273772438659699,6.784163299176891,2.0089333664952354,0.7491443247898313,0.5446511676720712,0.96425644365423,0.5370842201482933,4.944604852208569,1.5590411027534106,0.8273772438659699,6.784163299176891,2.0089333664952354,0.7491443247898313,0.5446511676720712,0.96425644365423,0.5370842201482933,4.944604852208569,1.909087933943312,2.0665037107855078,11.36743825842136,3.4955051755692383,1.5999079197892676,1.738314050329188,2.184214730180004,1.636247049318262,7.655423769349841,0.8635041745453002,7.131149919732275,2.3973288194212925,3.027554972487937,0.7925352191037062,1.3577269342345568,1.209712855038851,5.482680457145692,9.782318294660367,7.801177670703085,6.662489001388096,6.99799748277953,8.8340755796773,9.823835062646777,9.224879546915881,1.1701867956779368,1.6670366079425074,2.313747507607776,3.351533038490722,2.272885826274749,4.278350106359282,0.07421902978085455,2.056696980254391,2.0951582017099084,0.8361637116302436,2.708690260766689,0.5449215208897721,1.1227307914744915,0.9574498946399291,5.046805301634443,0.9989187709831968,1.1401173391344044,6.214177052516229,0.29322481827021163,5.692680336351486,7.196197526277503,-0.7376951317802901,0.7376951317802901,-0.4820426798824101,-0.3075623426146228,0.6158384251930635,-0.13085598064755344,-0.2359813632291101,-0.2662958158485814,-0.19611613513818404,-0.19300937626135234,-0.12168146174384352,-0.06715342778730747,-0.03352007615769955,0.5449249778098338,-0.21680296415038888,-0.5118980953829163,0.8505317485662419,-0.40583972495671383,-0.16278112867447064,-1.2316448970959013,5.885575587824865,-0.2081478487327801,-0.6981970580620328,-0.7376951317802901,0.7376951317802901,-0.7376951317802901,0.7376951317802901,-0.7376951317802901,0.7376951317802901,-0.7376951317802901,0.7376951317802901,-0.4820426798824101,-0.3075623426146228,0.6158384251930635,-0.4820426798824101,-0.3075623426146228,0.6158384251930635,-0.4820426798824101,-0.3075623426146228,0.6158384251930635,-0.13085598064755344,-0.2359813632291101,-0.2662958158485814,-0.19611613513818404,-0.19300937626135234,-0.12168146174384352,-0.06715342778730747,-0.03352007615769955,0.5449249778098338,-0.13085598064755344,-0.2359813632291101,-0.2662958158485814,-0.19611613513818404,-0.19300937626135234,-0.12168146174384352,-0.06715342778730747,-0.03352007615769955,0.5449249778098338,-0.21680296415038888,-0.5118980953829163,0.8505317485662419,-0.40583972495671383,-0.16278112867447064
0,1.562928985802671,0.8273772438659699,-0.47454519624983954,-0.4736736092984604,-0.4989475622371262,0.5446511676720712,-1.1168810094012038,0.5370842201482933,-0.6244040257055189,1.562928985802671,0.8273772438659699,-0.47454519624983954,-0.4736736092984604,-0.4989475622371262,0.5446511676720712,-1.1168810094012038,0.5370842201482933,-0.6244040257055189,1.9162416905831736,2.070585293019471,-0.3760014818308347,-0.3895323082701867,-0.3047933219576763,1.7417962443964337,-0.32009477065651043,1.6394397264876635,-0.08695489378284077,0.8635041745453002,-0.4030649954631285,-0.4194008220350217,-0.571347415835755,0.7925352191037062,-0.7285731700889909,1.209712855038851,-0.3576753639798948,-0.2328872501475753,-0.28708333828187355,-0.32078666523533045,-0.39610534423349997,-0.38113017778990566,-0.3694246287326534,-0.2751579580367754,-0.2900883232983121,-0.2955781683826058,-0.3888554871521795,-0.41265547100857053,-0.2943754514063852,-0.3658086479243954,-0.19836401418550262,-0.33212765423625973,-0.626822817058193,-0.36616736675397343,-0.4123594838653976,0.5449215208897721,-0.6685250661686233,0.9574498946399291,-0.337529114616601,-1.1087392780725651,-0.5252894751020448,-0.7049484103449949,0.29322481827021163,-0.26058043793158214,-0.4271559153457235,-0.7376951317802901,0.7376951317802901,2.0745051044939435,-0.3075623426146228,-1.6238025415294657,-0.13085598064755344,-0.2359813632291101,-0.2662958158485814,-0.19611613513818404,-0.19300937626135234,-0.12168146174384352,-0.06715342778730747,-0.03352007615769955,0.5449249778098338,-0.21680296415038888,-0.5118980953829163,0.8505317485662419,-0.40583972495671383,-0.16278112867447064,0.8119223343984152,-0.1699069165076462,-0.2081478487327801,-0.6981970580620328,-0.7376951317802901,0.7376951317802901,-0.7376951317802901,0.7376951317802901,-0.7376951317802901,0.7376951317802901,-0.7376951317802901,0.7376951317802901,2.0745051044939435,-0.3075623426146228,-1.6238025415294657,2.0745051044939435,-0.3075623426146228,-1.6238025415294657,2.0745051044939435,-0.3075623426146228,-1.6238025415294657,-0.13085598064755344,-0.2359813632291101,-0.2662958158485814,-0.19611613513818404,-0.19300937626135234,-0.12168146174384352,-0.06715342778730747,-0.03352007615769955,0.5449249778098338,-0.13085598064755344,-0.2359813632291101,-0.2662958158485814,-0.19611613513818404,-0.19300937626135234,-0.12168146174384352,-0.06715342778730747,-0.03352007615769955,0.5449249778098338,-0.21680296415038888,-0.5118980953829163,0.8505317485662419,-0.40583972495671383,-0.16278112867447064
0,1.5668168688519313,-0.3693648410115938,-0.47454519624983954,0.7676298785983874,0.02444580974192045,0.5446511676720712,0.96425644365423,-0.1524576244513169,0.48939774987729867,1.5668168688519313,-0.3693648410115938,-0.47454519624983954,0.7676298785983874,0.02444580974192045,0.5446511676720712,0.96425644365423,-0.1524576244513169,0.48939774987729867,1.9234038882338194,0.9195791030418198,-0.3760014818308347,1.5575732547638579,0.4961990813221581,1.7452784384636792,2.1921235102634986,0.7391047647164442,1.4662746904257344,-0.5892568139740777,-0.4030649954631285,0.5195090584504164,0.29935477488771883,-0.04105904351514409,0.42799519961826915,-0.2130091009268516,0.2263602181326639,-0.2328872501475753,-0.28708333828187355,-0.32078666523533045,-0.39610534423349997,-0.38113017778990566,-0.3694246287326534,-0.2751579580367754,0.07498045644575013,0.17374275639079081,0.9624460102277982,1.4694387837410756,0.5613783078206596,0.26748572765974243,-0.13820137290260545,0.6696375150662711,0.6377338728106775,-0.07528081553198546,-0.030528930000833853,0.5449215208897721,1.1227307914744915,0.2690969755635181,0.7393377686336078,0.9989187709831968,0.3979510692708079,1.0640991990364888,-0.45345512765364804,0.33474563949672476,0.08106764742915833,-0.7376951317802901,0.7376951317802901,-0.4820426798824101,-0.3075623426146228,0.6158384251930635,-0.13085598064755344,-0.2359813632291101,-0.2662958158485814,-0.19611613513818404,-0.19300937626135234,-0.12168146174384352,-0.06715342778730747,-0.03352007615769955,0.5449249778098338,-0.21680296415038888,-0.5118980953829163,-1.175735064194511,-0.40583972495671383,6.1432182473669785,-1.2316448970959013,-0.1699069165076462,-0.2081478487327801,1.4322604033532795,-0.7376951317802901,0.7376951317802901,-0.7376951317802901,0.7376951317802901,-0.7376951317802901,0.7376951317802901,-0.7376951317802901,0.7376951317802901,-0.4820426798824101,-0.3075623426146228,0.6158384251930635,-0.4820426798824101,-0.3075623426146228,0.6158384251930635,-0.4820426798824101,-0.3075623426146228,0.6158384251930635,-0.13085598064755344,-0.2359813632291101,-0.2662958158485814,-0.19611613513818404,-0.19300937626135234,-0.12168146174384352,-0.06715342778730747,-0.03352007615769955,0.5449249778098338,-0.13085598064755344,-0.2359813632291101,-0.2662958158485814,-0.19611613513818404,-0.19300937626135234,-0.12168146174384352,-0.06715342778730747,-0.03352007615769955,0.5449249778098338,-0.21680296415038888,-0.5118980953829163,-1.175735064194511,-0.40583972495671383,6.1432182473669785
1,1.5707047519011916,-1.5661069258891576,0.4327933656785018,-0.4736736092984604,1.1517546109275594,-1.747233654090395,-1.3133832581875537,-0.1524576244513169,-0.0675031379141101,1.5707047519011916,-1.5661069258891576,0.4327933656785018,-0.4736736092984604,1.1517546109275594,-1.747233654090395,-1.3133832581875537,-0.1524576244513169,-0.0675031379141101,1.9305745268952499,-0.23414814175847384,1.0971277653967872,-0.3895323082701867,2.224095061822514,-0.936718421301451,-0.555492056512428,0.7412332161627119,0.6919454038897349,-1.4609134070857044,-0.0891393739966534,-0.4194008220350217,0.7443803390352721,-1.6309715720209197,-1.2628331395795704,-0.7820978833131326,-0.5523538913507477,-0.07639966350995119,-0.28708333828187355,0.8051400273905479,-0.31042417242146536,-0.17219794452469814,0.48001367888229923,-0.05924801474239681,-0.2900883232983121,-0.2955781683826058,-0.3888554871521795,-0.41265547100857053,-0.2943754514063852,-0.3658086479243954,0.25702090137119593,-0.2839468685180224,-0.044710852626263814,0.6487034897316291,0.29734730646982416,-1.8243260033503432,-1.2317507019144973,-0.9799852444567939,-0.7761346597668339,-1.177626087863427,-0.8171526149360434,-0.6336491784248299,-0.45345512765364804,-0.06213841212214652,-0.23657207930514282,1.3555735383351193,-1.3555735383351195,2.0745051044939435,-0.3075623426146228,-1.6238025415294657,-0.13085598064755344,-0.2359813632291101,3.755222352305419,-0.19611613513818404,-0.19300937626135234,-0.12168146174384352,-0.06715342778730747,-0.03352007615769955,-1.8351149988007645,-0.21680296415038888,-0.5118980953829163,-1.175735064194511,2.4640269015229057,-0.16278112867447064,-1.2316448970959013,-0.1699069165076462,-0.2081478487327801,1.4322604033532795,1.3555735383351193,-1.3555735383351195,1.3555735383351193,-1.3555735383351195,1.3555735383351193,-1.3555735383351195,1.3555735383351193,-1.3555735383351195,2.0745051044939435,-0.3075623426146228,-1.6238025415294657,2.0745051044939435,-0.3075623426146228,-1.6238025415294657,2.0745051044939435,-0.3075623426146228,-1.6238025415294657,-0.13085598064755344,-0.2359813632291101,3.755222352305419,-0.19611613513818404,-0.19300937626135234,-0.12168146174384352,-0.06715342778730747,-0.03352007615769955,-1.8351149988007645,-0.13085598064755344,-0.2359813632291101,3.755222352305419,-0.19611613513818404,-0.19300937626135234,-0.12168146174384352,-0.06715342778730747,-0.03352007615769955,-1.8351149988007645,-0.21680296415038888,-0.5118980953829163,-1.175735064194511,2.4640269015229057,-0.16278112867447064
0,1.574592634950452,0.8273772438659699,3.1548090514635256,2.0089333664952354,-0.01581521887185237,0.5446511676720712,0.96425644365423,-1.5315413136505371,2.717001301042934,1.574592634950452,0.8273772438659699,3.1548090514635256,2.0089333664952354,-0.01581521887185237,0.5446511676720712,0.96425644365423,-1.5315413136505371,2.717001301042934,1.9377536065674648,2.082830039721361,5.523447880007782,3.5138524600265675,0.43685287545440715,1.7522428265981702,2.200032290346993,-1.0679505131647973,4.583704285570668,0.8635041745453002,3.364042462134573,2.3973288194212925,0.8217760893218031,0.7925352191037062,1.3577269342345568,-1.3511866656994136,3.1465381286954575,2.2709141360544107,3.757047166210606,1.2479201874119608,3.3009460692730155,4.226472700943698,-0.3694246287326534,2.7475812480845243,1.1701867956779368,0.5861762963431696,2.313747507607776,3.351533038490722,-0.2943754514063852,2.589565104801581,-0.1456060056758851,0.5925786558891535,0.556765854538498,-0.5019144239909011,0.45921025865154136,0.5449215208897721,1.1227307914744915,-1.107608862589304,2.8930715351340255,0.9989187709831968,-1.086381470456385,3.6391381257763586,-1.0507990843927357,-0.855906515359889,2.6221854613035673,-0.7376951317802901,0.7376951317802901,-0.4820426798824101,-0.3075623426146228,0.6158384251930635,-0.13085598064755344,-0.2359813632291101,-0.2662958158485814,-0.19611613513818404,-0.19300937626135234,-0.12168146174384352,-0.06715342778730747,-0.03352007615769955,0.5449249778098338,4.612483062299524,-0.5118980953829163,-1.175735064194511,-0.40583972495671383,-0.16278112867447064,-1.2316448970959013,5.885575587824865,-0.2081478487327801,-0.6981970580620328,-0.7376951317802901,0.7376951317802901,-0.7376951317802901,0.7376951317802901,-0.7376951317802901,0.7376951317802901,-0.7376951317802901,0.7376951317802901,-0.4820426798824101,-0.3075623426146228,0.6158384251930635,-0.4820426798824101,-0.3075623426146228,0.6158384251930635,-0.4820426798824101,-0.3075623426146228,0.6158384251930635,-0.13085598064755344,-0.2359813632291101,-0.2662958158485814,-0.19611613513818404,-0.19300937626135234,-0.12168146174384352,-0.06715342778730747,-0.03352007615769955,0.5449249778098338,-0.13085598064755344,-0.2359813632291101,-0.2662958158485814,-0.19611613513818404,-0.19300937626135234,-0.12168146174384352,-0.06715342778730747,-0.03352007615769955,0.5449249778098338,4.612483062299524,-0.5118980953829163,-1.175735064194511,-0.40583972495671383,-0.16278112867447064
0,1.5784805179997123,0.8273772438659699,-0.47454519624983954,-0.4736736092984604,-0.4989475622371262,0.5446511676720712,0.96425644365423,1.5713969870477085,-0.6244040257055189,1.5784805179997123,0.8273772438659699,-0.47454519624983954,-0.4736736092984604,-0.4989475622371262,0.5446511676720712,0.96425644365423,1.5713969870477085,-0.6244040257055189,1.9449411272504642,2.0869116219553243,-0.3760014818308347,-0.3895323082701867,-0.3037776167227759,1.7557250206654158,2.20398668038874,3.0122909093303027,-0.08329808487357986,0.8635041745453002,-0.4030649954631285,-0.4194008220350217,-0.571347415835755,0.7925352191037062,1.3577269342345568,2.490162615407983,-0.3576753639798948,-0.2328872501475753,-0.28708333828187355,-0.32078666523533045,-0.39610534423349997,-0.38113017778990566,-0.3694246287326534,-0.2751579580367754,-0.2900883232983121,-0.2955781683826058,-0.3888554871521795,-0.41265547100857053,-0.2943754514063852,-0.3658086479243954,-0.19836401418550262,-0.33212765423625973,-0.41485036472765574,-0.2982938381355096,-0.4123594838653976,0.5449215208897721,1.1227307914744915,1.9899792732545456,-0.337529114616601,0.9989187709831968,2.2533667439297993,-0.22342026433344614,1.973254696598896,0.0370826007825713,-0.4271559153457235,-0.7376951317802901,0.7376951317802901,-0.4820426798824101,-0.3075623426146228,0.6158384251930635,-0.13085598064755344,-0.2359813632291101,-0.2662958158485814,-0.19611613513818404,-0.19300937626135234,-0.12168146174384352,-0.06715342778730747,-0.03352007615769955,0.5449249778098338,-0.21680296415038888,-0.5118980953829163,0.8505317485662419,-0.40583972495671383,-0.16278112867447064,0.8119223343984152,-0.1699069165076462,-0.2081478487327801,-0.6981970580620328,-0.7376951317802901,0.7376951317802901,-0.7376951317802901,0.7376951317802901,-0.7376951317802901,0.7376951317802901,-0.7376951317802901,0.7376951317802901,-0.4820426798824101,-0.3075623426146228,0.6158384251930635,-0.4820426798824101,-0.3075623426146228,0.6158384251930635,-0.4820426798824101,-0.3075623426146228,0.6158384251930635,-0.13085598064755344,-0.2359813632291101,-0.2662958158485814,-0.19611613513818404,-0.19300937626135234,-0.12168146174384352,-0.06715342778730747,-0.03352007615769955,0.5449249778098338,-0.13085598064755344,-0.2359813632291101,-0.2662958158485814,-0.19611613513818404,-0.19300937626135234,-0.12168146174384352,-0.06715342778730747,-0.03352007615769955,0.5449249778098338,-0.21680296415038888,-0.5118980953829163,0.8505317485662419,-0.40583972495671383,-0.16278112867447064
0,1.5823684010489727,0.8273772438659699,0.4327933656785018,0.7676298785983874,-0.33790344778203496,0.5446511676720712,-1.3133832581875537,-1.5315413136505371,0.48939774987729867,1.5823684010489727,0.8273772438659699,0.4327933656785018,0.7676298785983874,-0.33790344778203496,0.5446511676720712,-1.3133832581875537,-1.5315413136505371,0.48939774987729867,1.9521370889442482,2.0909932041892874,1.1023270450928848,1.5667468969925225,-0.055981814594043104,1.7592072147326614,-0.5533403097641899,-1.0679505131647973,1.4772451171535173,0.8635041745453002,0.5387118689362969,0.9889639986931354,-0.10697291411656897,0.7925352191037062,-0.9255628795100984,-1.3511866656994136,0.8103958002452226,-0.07639966350995119,0.2184329747796864,-0.1310237395118678,0.5281575091431288,-0.17219794452469814,-0.3694246287326534,0.048706956904792466,0.07498045644575013,-0.08225047530378916,0.9624460102277982,-0.07128042961738269,-0.2943754514063852,0.26748572765974243,-0.1881826441222431,-0.023892217527788678,-0.5880933315925277,-0.5019144239909011,-0.2546468637909039,0.5449215208897721,-0.8376565205383595,-1.107608862589304,0.7393377686336078,-1.177626087863427,-1.086381470456385,-0.5168837696280381,-1.0507990843927357,-0.855906515359889,0.08106764742915833,1.3555735383351193,-1.3555735383351195,2.0745051044939435,-0.3075623426146228,-1.6238025415294657,-0.13085598064755344,-0.2359813632291101,-0.2662958158485814,-0.19611613513818404,-0.19300937626135234,-0.12168146174384352,-0.06715342778730747,-0.03352007615769955,0.5449249778098338,-0.21680296415038888,1.9535138126504805,-1.175735064194511,-0.40583972495671383,-0.16278112867447064,-1.2316448970959013,-0.1699069165076462,-0.2081478487327801,1.4322604033532795,1.3555735383351193,-1.3555735383351195,1.3555735383351193,-1.3555735383351195,1.3555735383351193,-1.3555735383351195,1.3555735383351193,-1.3555735383351195,2.0745051044939435,-0.3075623426146228,-1.6238025415294657,2.0745051044939435,-0.3075623426146228,-1.6238025415294657,2.0745051044939435,-0.3075623426146228,-1.6238025415294657,-0.13085598064755344,-0.2359813632291101,-0.2662958158485814,-0.19611613513818404,-0.19300937626135234,-0.12168146174384352,-0.06715342778730747,-0.03352007615769955,0.5449249778098338,-0.13085598064755344,-0.2359813632291101,-0.2662958158485814,-0.19611613513818404,-0.19300937626135234,-0.12168146174384352,-0.06715342778730747,-0.03352007615769955,0.5449249778098338,-0.21680296415038888,1.9535138126504805,-1.175735064194511,-0.40583972495671383,-0.16278112867447064
1,1.5862562840982333,-1.5661069258891576,-0.47454519624983954,0.7676298785983874,0.14522889558323893,-1.8668102534866975,-0.5095104222433947,-1.1867703913507321,-0.0675031379141101,1.5862562840982333,-1.5661069258891576,-0.47454519624983954,0.7676298785983874,0.14522889558323893,-1.8668102534866975,-0.5095104222433947,-1.1867703913507321,-0.0675031379141101,1.9593414916488165,-0.22870603211318943,-0.3760014818308347,1.5690403075496886,0.6880585451574485,-1.0761984945117524,0.4230893584414229,-0.6135261293866524,0.6992590217082568,-1.4609134070857044,-0.4030649954631285,0.0500541182076973,-0.2230665395463655,-1.6704316554584984,-0.9942108085507874,-1.2089144701028434,-0.5523538913507477,-0.2328872501475753,-0.28708333828187355,-0.32078666523533045,-0.39610534423349997,-0.38113017778990566,-0.3694246287326534,-0.2751579580367754,0.07498045644575013,0.25907383362231745,-0.32755384131442905,0.4725028221561908,-0.080437011599624,0.056387602465029836,-0.11321073729278662,-0.5336662090071831,0.044314978058235296,-0.3758635851280397,-0.11768590425252776,-1.8399449636419904,-1.2209241053195545,-1.09199533483905,-0.8271106069029386,-0.7538678336953983,-0.9118592256168716,-0.26165318579788244,-1.0134650870965427,-0.6574644895504534,-0.23657207930514282,1.3555735383351193,-1.3555735383351195,-0.4820426798824101,-0.3075623426146228,0.6158384251930635,-0.13085598064755344,-0.2359813632291101,-0.2662958158485814,5.099019513592785,-0.19300937626135234,-0.12168146174384352,-0.06715342778730747,-0.03352007615769955,-1.8351149988007645,-0.21680296415038888,1.9535138126504805,-1.175735064194511,-0.40583972495671383,-0.16278112867447064,-1.2316448970959013,-0.1699069165076462,-0.2081478487327801,1.4322604033532795,1.3555735383351193,-1.3555735383351195,1.3555735383351193,-1.3555735383351195,1.3555735383351193,-1.3555735383351195,1.3555735383351193,-1.3555735383351195,-0.4820426798824101,-0.3075623426146228,0.6158384251930635,-0.4820426798824101,-0.3075623426146228,0.6158384251930635,-0.4820426798824101,-0.3075623426146228,0.6158384251930635,-0.13085598064755344,-0.2359813632291101,-0.2662958158485814,5.099019513592785,-0.19300937626135234,-0.12168146174384352,-0.06715342778730747,-0.03352007615769955,-1.8351149988007645,-0.13085598064755344,-0.2359813632291101,-0.2662958158485814,5.099019513592785,-0.19300937626135234,-0.12168146174384352,-0.06715342778730747,-0.03352007615769955,-1.8351149988007645,-0.21680296415038888,1.9535138126504805,-1.175735064194511,-0.40583972495671383,-0.16278112867447064
0,1.5901441671474936,-0.3693648410115938,0.4327933656785018,-0.4736736092984604,-0.11646779040628442,0.5446511676720712,-0.5095104222433947,1.2266260647479035,-0.0675031379141101,1.5901441671474936,-0.3693648410115938,0.4327933656785018,-0.4736736092984604,-0.11646779040628442,0.5446511676720712,-0.5095104222433947,1.2266260647479035,-0.0675031379141101,1.9665543353641695,0.935905431977673,1.1057932315569496,-0.3895323082701867,0.2862745743804253,1.7661716028671526,0.42494912775479676,2.5717014599528976,0.7010874261628872,-0.5892568139740777,0.2247862474698217,-0.4194008220350217,0.028469648884860296,-0.04105904351514409,-0.5569533474872684,0.9251684638457104,-0.1629968366090419,-0.07639966350995119,-0.28708333828187355,0.008135739352004802,0.5281575091431288,0.16061446244642888,1.3294519864972518,-0.05924801474239681,-0.2900883232983121,-0.2955781683826058,-0.3888554871521795,-0.41265547100857053,-0.2943754514063852,-0.3658086479243954,-0.16209288333514058,0.399931507946359,-0.20320282418793778,0.1703567166110266,-0.22559453904033924,0.5449215208897721,-0.14575511629852972,1.64580281371634,0.20090432700850336,-0.7538678336953983,0.3097964882597226,-0.26165318579788244,1.3385767425636153,0.7316296911155961,-0.23657207930514282,1.3555735383351193,-1.3555735383351195,-0.4820426798824101,-0.3075623426146228,0.6158384251930635,-0.13085598064755344,-0.2359813632291101,-0.2662958158485814,-0.19611613513818404,-0.19300937626135234,-0.12168146174384352,-0.06715342778730747,-0.03352007615769955,0.5449249778098338,-0.21680296415038888,-0.5118980953829163,-1.175735064194511,2.4640269015229057,-0.16278112867447064,-1.2316448970959013,-0.1699069165076462,-0.2081478487327801,1.4322604033532795,1.3555735383351193,-1.3555735383351195,1.3555735383351193,-1.3555735383351195,1.3555735383351193,-1.3555735383351195,1.3555735383351193,-1.3555735383351195,-0.4820426798824101,-0.3075623426146228,0.6158384251930635,-0.4820426798824101,-0.3075623426146228,0.6158384251930635,-0.4820426798824101,-0.3075623426146228,0.6158384251930635,-0.13085598064755344,-0.2359813632291101,-0.2662958158485814,-0.19611613513818404,-0.19300937626135234,-0.12168146174384352,-0.06715342778730747,-0.03352007615769955,0.5449249778098338,-0.13085598064755344,-0.2359813632291101,-0.2662958158485814,-0.19611613513818404,-0.19300937626135234,-0.12168146174384352,-0.06715342778730747,-0.03352007615769955,0.5449249778098338,-0.21680296415038888,-0.5118980953829163,-1.175735064194511,2.4640269015229057,-0.16278112867447064
1,1.594032050196754,0.8273772438659699,-0.47454519624983954,0.7676298785983874,-0.45868653362335343,0.5446511676720712,-0.5095104222433947,-1.1867703913507321,-0.0675031379141101,1.594032050196754,0.8273772438659699,-0.47454519624983954,0.7676298785983874,-0.45868653362335343,0.5446511676720712,-0.5095104222433947,-1.1867703913507321,-0.0675031379141101,1.973775620090307,2.1032379508911774,-0.3760014818308347,1.5736271286640209,-0.2406587914111092,1.7696537969343982,0.42680889706817066,-0.6124619036635186,0.7029158306175177,0.8635041745453002,-0.4030649954631285,0.9889639986931354,-0.4552537904059585,0.7925352191037062,-0.11969588642374947,-0.9243700789097029,0.2263602181326639,-0.2328872501475753,-0.28708333828187355,-0.32078666523533045,-0.39610534423349997,-0.38113017778990566,-0.3694246287326534,-0.2751579580367754,0.07498045644575013,-0.16758155253531581,0.9624460102277982,0.4725028221561908,-0.080437011599624,0.056387602465029836,-0.1965128559921827,-0.255068795059142,-0.526879950202164,-0.47282576886870237,-0.36670583068593887,0.5449215208897721,-0.14575511629852972,-0.7634324030510985,0.20090432700850336,-0.7538678336953983,-0.9118592256168716,-0.26165318579788244,-1.0134650870965427,-0.6574644895504534,-0.23657207930514282,1.3555735383351193,-1.3555735383351195,-0.4820426798824101,-0.3075623426146228,0.6158384251930635,-0.13085598064755344,-0.2359813632291101,-0.2662958158485814,-0.19611613513818404,-0.19300937626135234,-0.12168146174384352,-0.06715342778730747,-0.03352007615769955,0.5449249778098338,-0.21680296415038888,-0.5118980953829163,-1.175735064194511,2.4640269015229057,-0.16278112867447064,-1.2316448970959013,-0.1699069165076462,-0.2081478487327801,1.4322604033532795,1.3555735383351193,-1.3555735383351195,1.3555735383351193,-1.3555735383351195,1.3555735383351193,-1.3555735383351195,1.3555735383351193,-1.3555735383351195,-0.4820426798824101,-0.3075623426146228,0.6158384251930635,-0.4820426798824101,-0.3075623426146228,0.6158384251930635,-0.4820426798824101,-0.3075623426146228,0.6158384251930635,-0.13085598064755344,-0.2359813632291101,-0.2662958158485814,-0.19611613513818404,-0.19300937626135234,-0.12168146174384352,-0.06715342778730747,-0.03352007615769955,0.5449249778098338,-0.13085598064755344,-0.2359813632291101,-0.2662958158485814,-0.19611613513818404,-0.19300937626135234,-0.12168146174384352,-0.06715342778730747,-0.03352007615769955,0.5449249778098338,-0.21680296415038888,-0.5118980953829163,-1.175735064194511,2.4640269015229057,-0.16278112867447064
1,1.5979199332460143,-1.5661069258891576,0.4327933656785018,0.7676298785983874,2.6615431839440404,0.5446511676720712,-0.5095104222433947,1.2266260647479035,1.0462986376687076,1.5979199332460143,-1.5661069258891576,0.4327933656785018,0.7676298785983874,2.6615431839440404,0.5446511676720712,-0.5095104222433947,1.2266260647479035,1.0462986376687076,1.981005345827229,-0.22462444987922614,1.1092594180210147,1.575920539221187,4.578282145199838,1.7731359910016438,0.42866866638154455,2.5802152657379684,2.271686852690452,-1.4609134070857044,-0.0891393739966534,0.0500541182076973,2.1955506569077285,-0.8746533061339944,-0.9942108085507874,-0.2130091009268516,-0.1629968366090419,-0.07639966350995119,0.2184329747796864,1.753954656007861,0.5281575091431288,0.16061446244642888,1.3294519864972518,0.15666192855198174,0.07498045644575013,2.0368046092791228,0.9624460102277982,0.4725028221561908,1.4171320670477043,0.4785838528544551,1.354699861316363,5.716992791167486,2.4242938458098995,3.7385650782674125,2.2812060537226664,0.5449215208897721,-0.14575511629852972,1.64580281371634,1.2777712102587122,-0.7538678336953983,0.3097964882597226,0.3438736244226488,1.3385767425636153,2.319165897591081,0.52576326485718,1.3555735383351193,-1.3555735383351195,-0.4820426798824101,-0.3075623426146228,0.6158384251930635,-0.13085598064755344,-0.2359813632291101,-0.2662958158485814,-0.19611613513818404,-0.19300937626135234,-0.12168146174384352,-0.06715342778730747,-0.03352007615769955,0.5449249778098338,-0.21680296415038888,-0.5118980953829163,-1.175735064194511,2.4640269015229057,-0.16278112867447064,-1.2316448970959013,-0.1699069165076462,-0.2081478487327801,1.4322604033532795,1.3555735383351193,-1.3555735383351195,1.3555735383351193,-1.3555735383351195,1.3555735383351193,-1.3555735383351195,1.3555735383351193,-1.3555735383351195,-0.4820426798824101,-0.3075623426146228,0.6158384251930635,-0.4820426798824101,-0.3075623426146228,0.6158384251930635,-0.4820426798824101,-0.3075623426146228,0.6158384251930635,-0.13085598064755344,-0.2359813632291101,-0.2662958158485814,-0.19611613513818404,-0.19300937626135234,-0.12168146174384352,-0.06715342778730747,-0.03352007615769955,0.5449249778098338,-0.13085598064755344,-0.2359813632291101,-0.2662958158485814,-0.19611613513818404,-0.19300937626135234,-0.12168146174384352,-0.06715342778730747,-0.03352007615769955,0.5449249778098338,-0.21680296415038888,-0.5118980953829163,-1.175735064194511,2.4640269015229057,-0.16278112867447064
1,1.6018078162952747,-1.5661069258891576,-0.47454519624983954,-0.4736736092984604,-0.11646779040628442,-1.8792661492571456,0.96425644365423,1.5713969870477085,-0.6244040257055189,1.6018078162952747,-1.5661069258891576,-0.47454519624983954,-0.4736736092984604,-0.11646779040628442,-1.8792661492571456,0.96425644365423,1.5713969870477085,-0.6244040257055189,1.9882435125749354,-0.22326392246790502,-0.3760014818308347,-0.3895323082701867,0.2891040389633621,-1.090298976602591,2.2277130206392233,3.0410250038549163,-0.07781287150968848,-1.4609134070857044,-0.4030649954631285,-0.4194008220350217,-0.4746027279775913,-1.6745420808165796,-0.5017365349980186,-0.07073690533028135,-0.7470324187216006,-0.2328872501475753,-0.28708333828187355,-0.32078666523533045,-0.39610534423349997,-0.38113017778990566,-0.3694246287326534,-0.2751579580367754,-0.2900883232983121,-0.2955781683826058,-0.3888554871521795,-0.41265547100857053,-0.2943754514063852,-0.3658086479243954,-0.16209288333514058,-0.5613283635835844,0.35434580885804934,0.2543906091862676,-0.33350317382815076,-1.8409560124108695,-1.1751878000261426,-0.9823612160709629,-0.8541915788189941,0.9989187709831968,2.2533667439297993,-0.22342026433344614,1.973254696598896,0.0370826007825713,-0.4271559153457235,-0.7376951317802901,0.7376951317802901,-0.4820426798824101,-0.3075623426146228,0.6158384251930635,-0.13085598064755344,-0.2359813632291101,-0.2662958158485814,-0.19611613513818404,5.181095444015676,-0.12168146174384352,-0.06715342778730747,-0.03352007615769955,-1.8351149988007645,-0.21680296415038888,-0.5118980953829163,0.8505317485662419,-0.40583972495671383,-0.16278112867447064,0.8119223343984152,-0.1699069165076462,-0.2081478487327801,-0.6981970580620328,-0.7376951317802901,0.7376951317802901,-0.7376951317802901,0.7376951317802901,-0.7376951317802901,0.7376951317802901,-0.7376951317802901,0.7376951317802901,-0.4820426798824101,-0.3075623426146228,0.6158384251930635,-0.4820426798824101,-0.3075623426146228,0.6158384251930635,-0.4820426798824101,-0.3075623426146228,0.6158384251930635,-0.13085598064755344,-0.2359813632291101,-0.2662958158485814,-0.19611613513818404,5.181095444015676,-0.12168146174384352,-0.06715342778730747,-0.03352007615769955,-1.8351149988007645,-0.13085598064755344,-0.2359813632291101,-0.2662958158485814,-0.19611613513818404,5.181095444015676,-0.12168146174384352,-0.06715342778730747,-0.03352007615769955,-1.8351149988007645,-0.21680296415038888,-0.5118980953829163,0.8505317485662419,-0.40583972495671383,-0.16278112867447064
1,1.605695699344535,0.8273772438659699,-0.47454519624983954,3.250236854392083,-0.25738139055448933,0.5446511676720712,-1.3133832581875537,-0.497228546751122,1.0462986376687076,1.605695699344535,0.8273772438659699,-0.47454519624983954,3.250236854392083,-0.25738139055448933,0.5446511676720712,-1.3133832581875537,-0.497228546751122,1.0462986376687076,1.9954901203334263,2.1154826975930674,-0.3760014818308347,5.520586697546931,0.07192449462948373,1.7801003791361347,-0.5490368162677138,0.30330433109314126,2.2790004705089735,0.8635041745453002,-0.4030649954631285,3.8056936401494497,0.12521433674302407,0.7925352191037062,-0.9255628795100984,-0.07073690533028135,1.3944313823577814,-0.2328872501475753,-0.28708333828187355,-0.32078666523533045,-0.39610534423349997,-0.38113017778990566,-0.3694246287326534,-0.2751579580367754,2.995530694398248,0.5150670653168974,3.665049004987753,0.611469653164993,1.6310705068544655,2.167368854412156,-0.18031522180063347,0.13022550082644685,-0.5587213057024594,-0.3176862748836421,-0.12598656846697479,0.5449215208897721,-0.8376565205383595,-0.07507948397468743,1.2777712102587122,-1.177626087863427,-0.8844598288161288,-0.4001183608312462,-0.714793108726999,0.33474563949672476,0.52576326485718,1.3555735383351193,-1.3555735383351195,2.0745051044939435,-0.3075623426146228,-1.6238025415294657,-0.13085598064755344,-0.2359813632291101,-0.2662958158485814,-0.19611613513818404,-0.19300937626135234,-0.12168146174384352,-0.06715342778730747,-0.03352007615769955,0.5449249778098338,-0.21680296415038888,-0.5118980953829163,-1.175735064194511,2.4640269015229057,-0.16278112867447064,-1.2316448970959013,-0.1699069165076462,-0.2081478487327801,1.4322604033532795,1.3555735383351193,-1.3555735383351195,1.3555735383351193,-1.3555735383351195,1.3555735383351193,-1.3555735383351195,1.3555735383351193,-1.3555735383351195,2.0745051044939435,-0.3075623426146228,-1.6238025415294657,2.0745051044939435,-0.3075623426146228,-1.6238025415294657,2.0745051044939435,-0.3075623426146228,-1.6238025415294657,-0.13085598064755344,-0.2359813632291101,-0.2662958158485814,-0.19611613513818404,-0.19300937626135234,-0.12168146174384352,-0.06715342778730747,-0.03352007615769955,0.5449249778098338,-0.13085598064755344,-0.2359813632291101,-0.2662958158485814,-0.19611613513818404,-0.19300937626135234,-0.12168146174384352,-0.06715342778730747,-0.03352007615769955,0.5449249778098338,-0.21680296415038888,-0.5118980953829163,-1.175735064194511,2.4640269015229057,-0.16278112867447064
0,1.6095835823937954,0.8273772438659699,-0.47454519624983954,-0.4736736092984604,-0.4989475622371262,0.5446511676720712,-1.1168810094012038,0.8818551424480984,-0.6244040257055189,1.6095835823937954,0.8273772438659699,-0.47454519624983954,-0.4736736092984604,-0.4989475622371262,0.5446511676720712,-1.1168810094012038,0.8818551424480984,-0.6244040257055189,2.0027451691027016,2.1195642798270304,-0.3760014818308347,-0.3895323082701867,-0.30174620625297516,1.7835825732033803,-0.308136390498161,2.1353689134680276,-0.07598446705505801,0.8635041745453002,-0.4030649954631285,-0.4194008220350217,-0.571347415835755,0.7925352191037062,-0.7285731700889909,1.6365294418285616,-0.3576753639798948,-0.2328872501475753,-0.28708333828187355,-0.32078666523533045,-0.39610534423349997,-0.38113017778990566,-0.3694246287326534,-0.2751579580367754,-0.2900883232983121,-0.2955781683826058,-0.3888554871521795,-0.41265547100857053,-0.2943754514063852,-0.3658086479243954,-0.19836401418550262,-0.33212765423625973,-0.626822817058193,-0.34354285721448546,-0.4123594838653976,0.5449215208897721,-0.6685250661686233,1.3016263541781348,-0.337529114616601,-1.1087392780725651,-0.4317741425429881,-0.7049484103449949,0.7785667831207204,-0.16135942502686434,-0.4271559153457235,-0.7376951317802901,0.7376951317802901,2.0745051044939435,-0.3075623426146228,-1.6238025415294657,-0.13085598064755344,-0.2359813632291101,-0.2662958158485814,-0.19611613513818404,-0.19300937626135234,-0.12168146174384352,-0.06715342778730747,-0.03352007615769955,0.5449249778098338,-0.21680296415038888,-0.5118980953829163,0.8505317485662419,-0.40583972495671383,-0.16278112867447064,0.8119223343984152,-0.1699069165076462,-0.2081478487327801,-0.6981970580620328,-0.7376951317802901,0.7376951317802901,-0.7376951317802901,0.7376951317802901,-0.7376951317802901,0.7376951317802901,-0.7376951317802901,0.7376951317802901,2.0745051044939435,-0.3075623426146228,-1.6238025415294657,2.0745051044939435,-0.3075623426146228,-1.6238025415294657,2.0745051044939435,-0.3075623426146228,-1.6238025415294657,-0.13085598064755344,-0.2359813632291101,-0.2662958158485814,-0.19611613513818404,-0.19300937626135234,-0.12168146174384352,-0.06715342778730747,-0.03352007615769955,0.5449249778098338,-0.13085598064755344,-0.2359813632291101,-0.2662958158485814,-0.19611613513818404,-0.19300937626135234,-0.12168146174384352,-0.06715342778730747,-0.03352007615769955,0.5449249778098338,-0.21680296415038888,-0.5118980953829163,0.8505317485662419,-0.40583972495671383,-0.16278112867447064
0,1.6134714654430558,0.8273772438659699,1.340131927606843,-0.4736736092984604,-0.35803396208892135,0.5446511676720712,0.96425644365423,1.2266260647479035,-0.0675031379141101,1.6134714654430558,0.8273772438659699,1.340131927606843,-0.4736736092984604,-0.35803396208892135,0.5446511676720712,0.96425644365423,1.2266260647479035,-0.0675031379141101,2.0100086588827617,2.123645862060994,2.608385063729124,-0.3895323082701867,-0.08286172813194254,1.787064767270626,2.2395761907644647,2.5972428773081098,0.71205785289067,0.8635041745453002,1.480488733335722,-0.4194008220350217,-0.16501972683146723,0.7925352191037062,1.3577269342345568,2.0633460286182723,0.2263602181326639,0.39306309640292114,-0.28708333828187355,0.03343746278179982,1.4524203625197576,1.9226712615768957,3.028328601727157,0.15666192855198174,-0.2900883232983121,-0.2955781683826058,-0.3888554871521795,-0.41265547100857053,-0.2943754514063852,-0.3658086479243954,-0.18986025623493927,-0.06242164711634756,-0.13146230077502755,-0.1399222713590939,-0.32520250961370367,0.5449215208897721,1.1227307914744915,1.64580281371634,0.20090432700850336,0.9989187709831968,1.8822836089980008,0.42033946735152133,1.3385767425636153,0.7316296911155961,-0.23657207930514282,-0.7376951317802901,0.7376951317802901,-0.4820426798824101,-0.3075623426146228,0.6158384251930635,-0.13085598064755344,-0.2359813632291101,-0.2662958158485814,-0.19611613513818404,-0.19300937626135234,-0.12168146174384352,-0.06715342778730747,-0.03352007615769955,0.5449249778098338,-0.21680296415038888,-0.5118980953829163,0.8505317485662419,-0.40583972495671383,-0.16278112867447064,-1.2316448970959013,-0.1699069165076462,-0.2081478487327801,1.4322604033532795,-0.7376951317802901,0.7376951317802901,-0.7376951317802901,0.7376951317802901,-0.7376951317802901,0.7376951317802901,-0.7376951317802901,0.7376951317802901,-0.4820426798824101,-0.3075623426146228,0.6158384251930635,-0.4820426798824101,-0.3075623426146228,0.6158384251930635,-0.4820426798824101,-0.3075623426146228,0.6158384251930635,-0.13085598064755344,-0.2359813632291101,-0.2662958158485814,-0.19611613513818404,-0.19300937626135234,-0.12168146174384352,-0.06715342778730747,-0.03352007615769955,0.5449249778098338,-0.13085598064755344,-0.2359813632291101,-0.2662958158485814,-0.19611613513818404,-0.19300937626135234,-0.12168146174384352,-0.06715342778730747,-0.03352007615769955,0.5449249778098338,-0.21680296415038888,-0.5118980953829163,0.8505317485662419,-0.40583972495671383,-0.16278112867447064
0,1.617359348492316,-0.3693648410115938,0.4327933656785018,-0.4736736092984604,-0.4184255050095806,0.5446511676720712,0.96425644365423,-0.841999469050927,-0.6244040257055189,1.617359348492316,-0.3693648410115938,0.4327933656785018,-0.4736736092984604,-0.4184255050095806,0.5446511676720712,0.96425644365423,-0.841999469050927,-0.6244040257055189,2.017280589673606,0.9549528157361684,1.1179248841811773,-0.3895323082701867,-0.17616150899493488,1.7905469613378715,2.243530580806212,-0.1505879398234368,-0.07415606260042756,-0.5892568139740777,0.2247862474698217,-0.4194008220350217,-0.5519984782641223,-0.04105904351514409,0.42799519961826915,-0.7820978833131326,-0.5523538913507477,-0.07639966350995119,-0.28708333828187355,-0.18162718637145783,0.5281575091431288,0.770770541893495,0.055294525074822944,-0.16720298638958608,-0.2900883232983121,-0.2955781683826058,-0.3888554871521795,-0.41265547100857053,-0.2943754514063852,-0.3658086479243954,-0.19419890825053282,-0.1780099358820242,-0.2529143281832968,-0.4308088225810819,-0.3957581554365035,0.5449215208897721,1.1227307914744915,-0.41925594351289297,-0.337529114616601,0.9989187709831968,-0.34421520059278854,-0.22342026433344614,-0.9014630952079639,-0.6574644895504534,-0.4271559153457235,-0.7376951317802901,0.7376951317802901,-0.4820426798824101,-0.3075623426146228,0.6158384251930635,-0.13085598064755344,-0.2359813632291101,-0.2662958158485814,-0.19611613513818404,-0.19300937626135234,-0.12168146174384352,-0.06715342778730747,-0.03352007615769955,0.5449249778098338,-0.21680296415038888,-0.5118980953829163,0.8505317485662419,-0.40583972495671383,-0.16278112867447064,-1.2316448970959013,-0.1699069165076462,-0.2081478487327801,1.4322604033532795,-0.7376951317802901,0.7376951317802901,-0.7376951317802901,0.7376951317802901,-0.7376951317802901,0.7376951317802901,-0.7376951317802901,0.7376951317802901,-0.4820426798824101,-0.3075623426146228,0.6158384251930635,-0.4820426798824101,-0.3075623426146228,0.6158384251930635,-0.4820426798824101,-0.3075623426146228,0.6158384251930635,-0.13085598064755344,-0.2359813632291101,-0.2662958158485814,-0.19611613513818404,-0.19300937626135234,-0.12168146174384352,-0.06715342778730747,-0.03352007615769955,0.5449249778098338,-0.13085598064755344,-0.2359813632291101,-0.2662958158485814,-0.19611613513818404,-0.19300937626135234,-0.12168146174384352,-0.06715342778730747,-0.03352007615769955,0.5449249778098338,-0.21680296415038888,-0.5118980953829163,0.8505317485662419,-0.40583972495671383,-0.16278112867447064
1,1.6212472315415765,-1.5661069258891576,-0.47454519624983954,-0.4736736092984604,-0.13659830471317083,-1.8668102534866975,-0.5095104222433947,1.5713969870477085,-0.6244040257055189,1.6212472315415765,-1.5661069258891576,-0.47454519624983954,-0.4736736092984604,-0.13659830471317083,-1.8668102534866975,-0.5095104222433947,1.5713969870477085,-0.6244040257055189,2.0245609614752347,-0.21646128541129953,-0.3760014818308347,-0.3895323082701867,0.2625143269211485,-1.0747767703067823,0.43982728226178786,3.0649700826254276,-0.07324186037311232,-1.4609134070857044,-0.4030649954631285,-0.4194008220350217,-0.49395166554922404,-1.6704316554584984,-0.9942108085507874,-0.07073690533028135,-0.7470324187216006,-0.2328872501475753,-0.28708333828187355,-0.32078666523533045,-0.39610534423349997,-0.38113017778990566,-0.3694246287326534,-0.2751579580367754,-0.2900883232983121,-0.2955781683826058,-0.3888554871521795,-0.41265547100857053,-0.2943754514063852,-0.3658086479243954,-0.16504316670574418,-0.5581365765170765,-0.2222426551299511,0.2253019540640688,-0.33765350593537424,-1.8399449636419904,-1.2209241053195545,-0.9670871128370189,-0.8515365815723219,-0.7538678336953983,0.48431873309923607,-0.564416590908148,1.973254696598896,0.0370826007825713,-0.4271559153457235,1.3555735383351193,-1.3555735383351195,-0.4820426798824101,-0.3075623426146228,0.6158384251930635,-0.13085598064755344,-0.2359813632291101,-0.2662958158485814,5.099019513592785,-0.19300937626135234,-0.12168146174384352,-0.06715342778730747,-0.03352007615769955,-1.8351149988007645,-0.21680296415038888,-0.5118980953829163,-1.175735064194511,2.4640269015229057,-0.16278112867447064,0.8119223343984152,-0.1699069165076462,-0.2081478487327801,-0.6981970580620328,1.3555735383351193,-1.3555735383351195,1.3555735383351193,-1.3555735383351195,1.3555735383351193,-1.3555735383351195,1.3555735383351193,-1.3555735383351195,-0.4820426798824101,-0.3075623426146228,0.6158384251930635,-0.4820426798824101,-0.3075623426146228,0.6158384251930635,-0.4820426798824101,-0.3075623426146228,0.6158384251930635,-0.13085598064755344,-0.2359813632291101,-0.2662958158485814,5.099019513592785,-0.19300937626135234,-0.12168146174384352,-0.06715342778730747,-0.03352007615769955,-1.8351149988007645,-0.13085598064755344,-0.2359813632291101,-0.2662958158485814,5.099019513592785,-0.19300937626135234,-0.12168146174384352,-0.06715342778730747,-0.03352007615769955,-1.8351149988007645,-0.21680296415038888,-0.5118980953829163,-1.175735064194511,2.4640269015229057,-0.16278112867447064
0,1.6251351145908368,0.8273772438659699,6.784163299176891,2.0089333664952354,0.7491443247898313,0.5446511676720712,-0.5095104222433947,0.19231329784848822,4.944604852208569,1.6251351145908368,0.8273772438659699,6.784163299176891,2.0089333664952354,0.7491443247898313,0.5446511676720712,-0.5095104222433947,0.19231329784848822,4.944604852208569,2.0318497742876485,2.135890608762884,11.60313893797778,3.5734811345128867,1.6424587140942015,1.7975113494723627,0.44168705157516175,1.230777048804273,7.826379585857788,0.8635041745453002,7.131149919732275,2.3973288194212925,3.027554972487937,0.7925352191037062,-0.11969588642374947,0.7828962682491402,5.482680457145692,9.782318294660367,7.801177670703085,6.662489001388096,6.99799748277953,3.952826944100771,8.124958447416873,9.224879546915881,1.1701867956779368,1.6670366079425074,2.313747507607776,1.3576611153209521,1.8450089466612265,4.278350106359282,0.07421902978085455,2.056696980254391,0.6155099063186347,0.6131506890267194,2.708690260766689,0.5449215208897721,-0.14575511629852972,0.6132734351017236,5.046805301634443,-0.7538678336953983,-0.21377024625881774,2.463217460194508,-0.1174491519879112,4.601249194399591,7.196197526277503,1.3555735383351193,-1.3555735383351195,-0.4820426798824101,-0.3075623426146228,0.6158384251930635,-0.13085598064755344,-0.2359813632291101,-0.2662958158485814,-0.19611613513818404,-0.19300937626135234,-0.12168146174384352,-0.06715342778730747,-0.03352007615769955,0.5449249778098338,-0.21680296415038888,1.9535138126504805,-1.175735064194511,-0.40583972495671383,-0.16278112867447064,-1.2316448970959013,5.885575587824865,-0.2081478487327801,-0.6981970580620328,1.3555735383351193,-1.3555735383351195,1.3555735383351193,-1.3555735383351195,1.3555735383351193,-1.3555735383351195,1.3555735383351193,-1.3555735383351195,-0.4820426798824101,-0.3075623426146228,0.6158384251930635,-0.4820426798824101,-0.3075623426146228,0.6158384251930635,-0.4820426798824101,-0.3075623426146228,0.6158384251930635,-0.13085598064755344,-0.2359813632291101,-0.2662958158485814,-0.19611613513818404,-0.19300937626135234,-0.12168146174384352,-0.06715342778730747,-0.03352007615769955,0.5449249778098338,-0.13085598064755344,-0.2359813632291101,-0.2662958158485814,-0.19611613513818404,-0.19300937626135234,-0.12168146174384352,-0.06715342778730747,-0.03352007615769955,0.5449249778098338,-0.21680296415038888,1.9535138126504805,-1.175735064194511,-0.40583972495671383,-0.16278112867447064
0,1.6290229976400974,-0.3693648410115938,-0.47454519624983954,-0.4736736092984604,-0.37816447639580775,0.5446511676720712,0.96425644365423,-0.497228546751122,-0.6244040257055189,1.6290229976400974,-0.3693648410115938,-0.47454519624983954,-0.4736736092984604,-0.37816447639580775,0.5446511676720712,0.96425644365423,-0.497228546751122,-0.6244040257055189,2.0391470281108464,0.963115980204095,-0.3760014818308347,-0.3895323082701867,-0.11220835438317146,1.800993543539608,2.2553937509314537,0.3128823626013457,-0.07141345591848187,-0.5892568139740777,-0.4030649954631285,-0.4194008220350217,-0.4746027279775913,-0.04105904351514409,0.42799519961826915,-0.4975534921199921,-0.5523538913507477,-0.2328872501475753,-0.28708333828187355,-0.32078666523533045,-0.39610534423349997,-0.38113017778990566,-0.3694246287326534,-0.2751579580367754,-0.2900883232983121,-0.2955781683826058,-0.3888554871521795,-0.41265547100857053,-0.2943754514063852,-0.3658086479243954,-0.19142217096055295,-0.10095107670490644,-0.17194630991111728,-0.3758635851280397,-0.38745749122205647,0.5449215208897721,1.1227307914744915,-0.07507948397468743,-0.337529114616601,0.9989187709831968,0.026867934339009688,-0.22342026433344614,-0.714793108726999,-0.5582434766457356,-0.4271559153457235,-0.7376951317802901,0.7376951317802901,-0.4820426798824101,-0.3075623426146228,0.6158384251930635,-0.13085598064755344,-0.2359813632291101,-0.2662958158485814,-0.19611613513818404,-0.19300937626135234,-0.12168146174384352,-0.06715342778730747,-0.03352007615769955,0.5449249778098338,-0.21680296415038888,-0.5118980953829163,0.8505317485662419,-0.40583972495671383,-0.16278112867447064,0.8119223343984152,-0.1699069165076462,-0.2081478487327801,-0.6981970580620328,-0.7376951317802901,0.7376951317802901,-0.7376951317802901,0.7376951317802901,-0.7376951317802901,0.7376951317802901,-0.7376951317802901,0.7376951317802901,-0.4820426798824101,-0.3075623426146228,0.6158384251930635,-0.4820426798824101,-0.3075623426146228,0.6158384251930635,-0.4820426798824101,-0.3075623426146228,0.6158384251930635,-0.13085598064755344,-0.2359813632291101,-0.2662958158485814,-0.19611613513818404,-0.19300937626135234,-0.12168146174384352,-0.06715342778730747,-0.03352007615769955,0.5449249778098338,-0.13085598064755344,-0.2359813632291101,-0.2662958158485814,-0.19611613513818404,-0.19300937626135234,-0.12168146174384352,-0.06715342778730747,-0.03352007615769955,0.5449249778098338,-0.21680296415038888,-0.5118980953829163,0.8505317485662419,-0.40583972495671383,-0.16278112867447064
1,1.6329108806893577,-0.3693648410115938,-0.47454519624983954,-0.4736736092984604,-0.37816447639580775,0.5446511676720712,-0.5095104222433947,1.2266260647479035,-0.6244040257055189,1.6329108806893577,-0.3693648410115938,-0.47454519624983954,-0.4736736092984604,-0.37816447639580775,0.5446511676720712,-0.5095104222433947,1.2266260647479035,-0.6244040257055189,2.0464527229448284,0.9658370350267371,-0.3760014818308347,-0.3895323082701867,-0.111736776952682,1.8044757376068534,0.4454065902019095,2.6185273917707863,-0.07049925369116664,-0.5892568139740777,-0.4030649954631285,-0.4194008220350217,-0.4746027279775913,-0.04105904351514409,-0.5569533474872684,0.9251684638457104,-0.5523538913507477,-0.2328872501475753,-0.28708333828187355,-0.32078666523533045,-0.39610534423349997,-0.38113017778990566,-0.3694246287326534,-0.2751579580367754,-0.2900883232983121,-0.2955781683826058,-0.3888554871521795,-0.41265547100857053,-0.2943754514063852,-0.3658086479243954,-0.19142217096055295,-0.10095107670490644,-0.45072062643411087,-0.16577885368993728,-0.38745749122205647,0.5449215208897721,-0.14575511629852972,1.64580281371634,-0.337529114616601,-0.7538678336953983,0.3097964882597226,-0.564416590908148,1.3385767425636153,-0.06213841212214652,-0.4271559153457235,1.3555735383351193,-1.3555735383351195,-0.4820426798824101,-0.3075623426146228,0.6158384251930635,-0.13085598064755344,-0.2359813632291101,-0.2662958158485814,-0.19611613513818404,-0.19300937626135234,-0.12168146174384352,-0.06715342778730747,-0.03352007615769955,0.5449249778098338,-0.21680296415038888,-0.5118980953829163,-1.175735064194511,2.4640269015229057,-0.16278112867447064,0.8119223343984152,-0.1699069165076462,-0.2081478487327801,-0.6981970580620328,1.3555735383351193,-1.3555735383351195,1.3555735383351193,-1.3555735383351195,1.3555735383351193,-1.3555735383351195,1.3555735383351193,-1.3555735383351195,-0.4820426798824101,-0.3075623426146228,0.6158384251930635,-0.4820426798824101,-0.3075623426146228,0.6158384251930635,-0.4820426798824101,-0.3075623426146228,0.6158384251930635,-0.13085598064755344,-0.2359813632291101,-0.2662958158485814,-0.19611613513818404,-0.19300937626135234,-0.12168146174384352,-0.06715342778730747,-0.03352007615769955,0.5449249778098338,-0.13085598064755344,-0.2359813632291101,-0.2662958158485814,-0.19611613513818404,-0.19300937626135234,-0.12168146174384352,-0.06715342778730747,-0.03352007615769955,0.5449249778098338,-0.21680296415038888,-0.5118980953829163,-1.175735064194511,2.4640269015229057,-0.16278112867447064
1,1.636798763738618,-0.3693648410115938,0.4327933656785018,-0.4736736092984604,-0.37816447639580775,0.5446511676720712,-1.3133832581875537,-0.1524576244513169,-0.6244040257055189,1.636798763738618,-0.3693648410115938,0.4327933656785018,-0.4736736092984604,-0.37816447639580775,0.5446511676720712,-1.3133832581875537,-0.1524576244513169,-0.6244040257055189,2.0537668587895954,0.9685580898493794,1.1265903503413397,-0.3895323082701867,-0.11126519952219253,1.807957931674099,-0.543298824939079,0.777416890749262,-0.06958505146385141,-0.5892568139740777,0.2247862474698217,-0.4194008220350217,-0.4746027279775913,-0.04105904351514409,-1.0941980095448343,-0.2130091009268516,-0.5523538913507477,-0.07639966350995119,-0.28708333828187355,-0.15632546294166283,0.5281575091431288,-0.17219794452469814,0.48001367888229923,-0.16720298638958608,-0.2900883232983121,-0.2955781683826058,-0.3888554871521795,-0.41265547100857053,-0.2943754514063852,-0.3658086479243954,-0.19142217096055295,-0.10095107670490644,-0.6027793445375619,-0.3338466388404192,-0.38745749122205647,0.5449215208897721,-0.8376565205383595,0.2690969755635181,-0.337529114616601,-1.177626087863427,-0.8171526149360434,-0.7504145872216218,-0.45345512765364804,-0.4590224637410178,-0.4271559153457235,1.3555735383351193,-1.3555735383351195,2.0745051044939435,-0.3075623426146228,-1.6238025415294657,-0.13085598064755344,-0.2359813632291101,-0.2662958158485814,-0.19611613513818404,-0.19300937626135234,-0.12168146174384352,-0.06715342778730747,-0.03352007615769955,0.5449249778098338,-0.21680296415038888,1.9535138126504805,-1.175735064194511,-0.40583972495671383,-0.16278112867447064,-1.2316448970959013,-0.1699069165076462,-0.2081478487327801,1.4322604033532795,1.3555735383351193,-1.3555735383351195,1.3555735383351193,-1.3555735383351195,1.3555735383351193,-1.3555735383351195,1.3555735383351193,-1.3555735383351195,2.0745051044939435,-0.3075623426146228,-1.6238025415294657,2.0745051044939435,-0.3075623426146228,-1.6238025415294657,2.0745051044939435,-0.3075623426146228,-1.6238025415294657,-0.13085598064755344,-0.2359813632291101,-0.2662958158485814,-0.19611613513818404,-0.19300937626135234,-0.12168146174384352,-0.06715342778730747,-0.03352007615769955,0.5449249778098338,-0.13085598064755344,-0.2359813632291101,-0.2662958158485814,-0.19611613513818404,-0.19300937626135234,-0.12168146174384352,-0.06715342778730747,-0.03352007615769955,0.5449249778098338,-0.21680296415038888,1.9535138126504805,-1.175735064194511,-0.40583972495671383,-0.16278112867447064
0,1.6406866467878785,-1.5661069258891576,-0.47454519624983954,-0.4736736092984604,0.3666645529589894,-1.9265985531848488,0.96425644365423,0.19231329784848822,-0.6244040257055189,1.6406866467878785,-1.5661069258891576,-0.47454519624983954,-0.4736736092984604,0.3666645529589894,-1.9265985531848488,0.96425644365423,0.19231329784848822,-0.6244040257055189,2.061089435645147,-0.20965864835469403,-0.3760014818308347,-0.3895323082701867,1.0542202823390365,-1.145526437144448,2.267256921056695,1.2414193060356116,-0.06867084923653619,-1.4609134070857044,-0.4030649954631285,-0.4194008220350217,-0.010228226258405209,-1.6901616971772877,-0.5017365349980186,-0.6398256877165623,-0.7470324187216006,-0.2328872501475753,-0.28708333828187355,-0.32078666523533045,-0.39610534423349997,-0.38113017778990566,-0.3694246287326534,-0.2751579580367754,-0.2900883232983121,-0.2955781683826058,-0.3888554871521795,-0.41265547100857053,-0.2943754514063852,-0.3658086479243954,-0.05657686631590554,-0.5600364497709502,1.3259620281242033,0.30610377384795434,-0.23389520325478627,-1.8437381397128192,-1.2200597971880256,-1.0702721657952186,-0.8642805683563481,0.9989187709831968,0.7690342042026062,-0.22342026433344614,-0.1174491519879112,-0.3598014508363,-0.4271559153457235,-0.7376951317802901,0.7376951317802901,-0.4820426798824101,-0.3075623426146228,0.6158384251930635,7.64198926981712,-0.2359813632291101,-0.2662958158485814,-0.19611613513818404,-0.19300937626135234,-0.12168146174384352,-0.06715342778730747,-0.03352007615769955,-1.8351149988007645,-0.21680296415038888,-0.5118980953829163,0.8505317485662419,-0.40583972495671383,-0.16278112867447064,0.8119223343984152,-0.1699069165076462,-0.2081478487327801,-0.6981970580620328,-0.7376951317802901,0.7376951317802901,-0.7376951317802901,0.7376951317802901,-0.7376951317802901,0.7376951317802901,-0.7376951317802901,0.7376951317802901,-0.4820426798824101,-0.3075623426146228,0.6158384251930635,-0.4820426798824101,-0.3075623426146228,0.6158384251930635,-0.4820426798824101,-0.3075623426146228,0.6158384251930635,7.64198926981712,-0.2359813632291101,-0.2662958158485814,-0.19611613513818404,-0.19300937626135234,-0.12168146174384352,-0.06715342778730747,-0.03352007615769955,-1.8351149988007645,7.64198926981712,-0.2359813632291101,-0.2662958158485814,-0.19611613513818404,-0.19300937626135234,-0.12168146174384352,-0.06715342778730747,-0.03352007615769955,-1.8351149988007645,-0.21680296415038888,-0.5118980953829163,0.8505317485662419,-0.40583972495671383,-0.16278112867447064
0,1.6445745298371388,0.8273772438659699,-0.47454519624983954,-0.4736736092984604,-0.45868653362335343,0.5446511676720712,0.96425644365423,-0.1524576244513169,-0.6244040257055189,1.6445745298371388,0.8273772438659699,-0.47454519624983954,-0.4736736092984604,-0.45868653362335343,0.5446511676720712,0.96425644365423,-0.1524576244513169,-0.6244040257055189,2.0684204535114827,2.1562985199327005,-0.3760014818308347,-0.3895323082701867,-0.23641459453670405,1.8149223198085902,2.271211311098442,0.7816737936417973,-0.06775664700922095,0.8635041745453002,-0.4030649954631285,-0.4194008220350217,-0.4552537904059585,0.7925352191037062,1.3577269342345568,0.3560796814594294,-0.3576753639798948,-0.2328872501475753,-0.28708333828187355,-0.32078666523533045,-0.39610534423349997,-0.38113017778990566,-0.3694246287326534,-0.2751579580367754,-0.2900883232983121,-0.2955781683826058,-0.3888554871521795,-0.41265547100857053,-0.2943754514063852,-0.3658086479243954,-0.1965128559921827,-0.255068795059142,-0.33388234645547626,-0.385559803502106,-0.40405881965095053,0.5449215208897721,1.1227307914744915,0.2690969755635181,-0.337529114616601,0.9989187709831968,0.3979510692708079,-0.22342026433344614,-0.45345512765364804,-0.4590224637410178,-0.4271559153457235,-0.7376951317802901,0.7376951317802901,-0.4820426798824101,-0.3075623426146228,0.6158384251930635,-0.13085598064755344,-0.2359813632291101,-0.2662958158485814,-0.19611613513818404,-0.19300937626135234,-0.12168146174384352,-0.06715342778730747,-0.03352007615769955,0.5449249778098338,-0.21680296415038888,-0.5118980953829163,0.8505317485662419,-0.40583972495671383,-0.16278112867447064,0.8119223343984152,-0.1699069165076462,-0.2081478487327801,-0.6981970580620328,-0.7376951317802901,0.7376951317802901,-0.7376951317802901,0.7376951317802901,-0.7376951317802901,0.7376951317802901,-0.7376951317802901,0.7376951317802901,-0.4820426798824101,-0.3075623426146228,0.6158384251930635,-0.4820426798824101,-0.3075623426146228,0.6158384251930635,-0.4820426798824101,-0.3075623426146228,0.6158384251930635,-0.13085598064755344,-0.2359813632291101,-0.2662958158485814,-0.19611613513818404,-0.19300937626135234,-0.12168146174384352,-0.06715342778730747,-0.03352007615769955,0.5449249778098338,-0.13085598064755344,-0.2359813632291101,-0.2662958158485814,-0.19611613513818404,-0.19300937626135234,-0.12168146174384352,-0.06715342778730747,-0.03352007615769955,0.5449249778098338,-0.21680296415038888,-0.5118980953829163,0.8505317485662419,-0.40583972495671383,-0.16278112867447064
1,1.6484624128863992,0.8273772438659699,0.4327933656785018,0.7676298785983874,-0.4184255050095806,0.5446511676720712,0.96425644365423,-1.5315413136505371,0.48939774987729867,1.6484624128863992,0.8273772438659699,0.4327933656785018,0.7676298785983874,-0.4184255050095806,0.5446511676720712,0.96425644365423,-1.5315413136505371,0.48939774987729867,2.075759912388603,2.1603801021666635,1.1317896300374373,1.6057348764643466,-0.17296929254239082,1.8184045138758358,2.27516570114019,-1.0679505131647973,1.5238694307465939,0.8635041745453002,0.5387118689362969,0.9889639986931354,-0.33916016497616197,0.7925352191037062,1.3577269342345568,-1.3511866656994136,0.8103958002452226,-0.07639966350995119,0.2184329747796864,-0.18162718637145783,0.5281575091431288,0.770770541893495,-0.3694246287326534,0.048706956904792466,0.07498045644575013,-0.13913786012480694,0.9624460102277982,1.4694387837410756,-0.2943754514063852,0.26748572765974243,-0.19419890825053282,-0.1780099358820242,-0.2529143281832968,-0.5019144239909011,-0.3044508490775861,0.5449215208897721,1.1227307914744915,-1.107608862589304,0.7393377686336078,0.9989187709831968,-1.086381470456385,1.0640991990364888,-1.0507990843927357,-0.855906515359889,0.08106764742915833,-0.7376951317802901,0.7376951317802901,-0.4820426798824101,-0.3075623426146228,0.6158384251930635,-0.13085598064755344,-0.2359813632291101,-0.2662958158485814,-0.19611613513818404,-0.19300937626135234,-0.12168146174384352,-0.06715342778730747,-0.03352007615769955,0.5449249778098338,4.612483062299524,-0.5118980953829163,-1.175735064194511,-0.40583972495671383,-0.16278112867447064,-1.2316448970959013,-0.1699069165076462,-0.2081478487327801,1.4322604033532795,-0.7376951317802901,0.7376951317802901,-0.7376951317802901,0.7376951317802901,-0.7376951317802901,0.7376951317802901,-0.7376951317802901,0.7376951317802901,-0.4820426798824101,-0.3075623426146228,0.6158384251930635,-0.4820426798824101,-0.3075623426146228,0.6158384251930635,-0.4820426798824101,-0.3075623426146228,0.6158384251930635,-0.13085598064755344,-0.2359813632291101,-0.2662958158485814,-0.19611613513818404,-0.19300937626135234,-0.12168146174384352,-0.06715342778730747,-0.03352007615769955,0.5449249778098338,-0.13085598064755344,-0.2359813632291101,-0.2662958158485814,-0.19611613513818404,-0.19300937626135234,-0.12168146174384352,-0.06715342778730747,-0.03352007615769955,0.5449249778098338,4.612483062299524,-0.5118980953829163,-1.175735064194511,-0.40583972495671383,-0.16278112867447064
0,1.6523502959356595,0.8273772438659699,-0.47454519624983954,-0.4736736092984604,-0.4989475622371262,0.5446511676720712,0.96425644365423,-0.1524576244513169,-0.6244040257055189,1.6523502959356595,0.8273772438659699,-0.47454519624983954,-0.4736736092984604,-0.4989475622371262,0.5446511676720712,0.96425644365423,-0.1524576244513169,-0.6244040257055189,2.083107812276508,2.164461684400627,-0.3760014818308347,-0.3895323082701867,-0.2989530168569991,1.8218867079430814,2.279120091181937,0.7859306965343327,-0.0659282425545905,0.8635041745453002,-0.4030649954631285,-0.4194008220350217,-0.571347415835755,0.7925352191037062,1.3577269342345568,0.3560796814594294,-0.3576753639798948,-0.2328872501475753,-0.28708333828187355,-0.32078666523533045,-0.39610534423349997,-0.38113017778990566,-0.3694246287326534,-0.2751579580367754,-0.2900883232983121,-0.2955781683826058,-0.3888554871521795,-0.41265547100857053,-0.2943754514063852,-0.3658086479243954,-0.19836401418550262,-0.33212765423625973,-0.41485036472765574,-0.41141638583294937,-0.4123594838653976,0.5449215208897721,1.1227307914744915,0.2690969755635181,-0.337529114616601,0.9989187709831968,0.3979510692708079,-0.22342026433344614,-0.45345512765364804,-0.4590224637410178,-0.4271559153457235,-0.7376951317802901,0.7376951317802901,-0.4820426798824101,-0.3075623426146228,0.6158384251930635,-0.13085598064755344,-0.2359813632291101,-0.2662958158485814,-0.19611613513818404,-0.19300937626135234,-0.12168146174384352,-0.06715342778730747,-0.03352007615769955,0.5449249778098338,-0.21680296415038888,-0.5118980953829163,0.8505317485662419,-0.40583972495671383,-0.16278112867447064,0.8119223343984152,-0.1699069165076462,-0.2081478487327801,-0.6981970580620328,-0.7376951317802901,0.7376951317802901,-0.7376951317802901,0.7376951317802901,-0.7376951317802901,0.7376951317802901,-0.7376951317802901,0.7376951317802901,-0.4820426798824101,-0.3075623426146228,0.6158384251930635,-0.4820426798824101,-0.3075623426146228,0.6158384251930635,-0.4820426798824101,-0.3075623426146228,0.6158384251930635,-0.13085598064755344,-0.2359813632291101,-0.2662958158485814,-0.19611613513818404,-0.19300937626135234,-0.12168146174384352,-0.06715342778730747,-0.03352007615769955,0.5449249778098338,-0.13085598064755344,-0.2359813632291101,-0.2662958158485814,-0.19611613513818404,-0.19300937626135234,-0.12168146174384352,-0.06715342778730747,-0.03352007615769955,0.5449249778098338,-0.21680296415038888,-0.5118980953829163,0.8505317485662419,-0.40583972495671383,-0.16278112867447064
1,1.6562381789849199,-1.5661069258891576,0.4327933656785018,0.7676298785983874,0.40692558157276226,-1.8668102534866975,-0.5095104222433947,1.2266260647479035,-0.0675031379141101,1.6562381789849199,-1.5661069258891576,0.4327933656785018,0.7676298785983874,0.40692558157276226,-1.8668102534866975,-0.5095104222433947,1.2266260647479035,-0.0675031379141101,2.0904641531751973,-0.20421653870940962,1.135255816501502,1.610321697578679,1.1247392457906917,-1.0733550461018122,0.4565652060821528,2.644068809125998,0.732170301891605,-1.4609134070857044,-0.0891393739966534,0.0500541182076973,0.028469648884860296,-1.6704316554584984,-0.9942108085507874,-0.2130091009268516,-0.5523538913507477,-0.07639966350995119,0.2184329747796864,0.3370581439393401,-0.35417626015527026,0.16061446244642888,1.3294519864972518,-0.05924801474239681,0.07498045644575013,0.44395783429062524,-0.32755384131442905,0.4725028221561908,1.4171320670477043,0.056387602465029836,-0.044775732833491094,-0.5109437248908535,0.2918327803044084,0.8426278572129544,-0.009777269464716258,-1.8399449636419904,-1.2209241053195545,-0.9827006405872728,-0.8271106069029386,-0.7538678336953983,0.3097964882597226,-0.26165318579788244,1.3385767425636153,0.7316296911155961,-0.23657207930514282,1.3555735383351193,-1.3555735383351195,-0.4820426798824101,-0.3075623426146228,0.6158384251930635,-0.13085598064755344,-0.2359813632291101,-0.2662958158485814,5.099019513592785,-0.19300937626135234,-0.12168146174384352,-0.06715342778730747,-0.03352007615769955,-1.8351149988007645,-0.21680296415038888,-0.5118980953829163,-1.175735064194511,2.4640269015229057,-0.16278112867447064,-1.2316448970959013,-0.1699069165076462,-0.2081478487327801,1.4322604033532795,1.3555735383351193,-1.3555735383351195,1.3555735383351193,-1.3555735383351195,1.3555735383351193,-1.3555735383351195,1.3555735383351193,-1.3555735383351195,-0.4820426798824101,-0.3075623426146228,0.6158384251930635,-0.4820426798824101,-0.3075623426146228,0.6158384251930635,-0.4820426798824101,-0.3075623426146228,0.6158384251930635,-0.13085598064755344,-0.2359813632291101,-0.2662958158485814,5.099019513592785,-0.19300937626135234,-0.12168146174384352,-0.06715342778730747,-0.03352007615769955,-1.8351149988007645,-0.13085598064755344,-0.2359813632291101,-0.2662958158485814,5.099019513592785,-0.19300937626135234,-0.12168146174384352,-0.06715342778730747,-0.03352007615769955,-1.8351149988007645,-0.21680296415038888,-0.5118980953829163,-1.175735064194511,2.4640269015229057,-0.16278112867447064
0,1.6601260620341802,-1.5661069258891576,-0.47454519624983954,-0.4736736092984604,-0.539208590850899,-1.8194778495589943,0.96425644365423,0.5370842201482933,-0.6244040257055189,1.6601260620341802,-1.5661069258891576,-0.47454519624983954,-0.4736736092984604,-0.539208590850899,-1.8194778495589943,0.96425644365423,0.5370842201482933,-0.6244040257055189,2.0978289350846713,-0.20285601129808853,-0.3760014818308347,-0.3895323082701867,-0.3617816406729799,-1.016235387403099,2.287028871265431,1.7192566557227007,-0.06409983809996003,-1.4609134070857044,-0.4030649954631285,-0.4194008220350217,-0.880930416981879,-1.6548120390977903,-0.5017365349980186,-0.4975534921199921,-0.7470324187216006,-0.2328872501475753,-0.28708333828187355,-0.32078666523533045,-0.39610534423349997,-0.38113017778990566,-0.3694246287326534,-0.2751579580367754,-0.2900883232983121,-0.2955781683826058,-0.3888554871521795,-0.41265547100857053,-0.2943754514063852,-0.3658086479243954,-0.19975238283049254,-0.5894844852059928,-0.4958183829998352,-0.4049522402502385,-0.42066014807984464,-1.83504312030046,-1.1185073825585012,-0.9752333012284558,-0.8414475920349679,0.9989187709831968,1.1401173391344044,-0.22342026433344614,0.29322481827021163,-0.26058043793158214,-0.4271559153457235,-0.7376951317802901,0.7376951317802901,-0.4820426798824101,-0.3075623426146228,0.6158384251930635,-0.13085598064755344,4.237622777986573,-0.2662958158485814,-0.19611613513818404,-0.19300937626135234,-0.12168146174384352,-0.06715342778730747,-0.03352007615769955,-1.8351149988007645,-0.21680296415038888,-0.5118980953829163,0.8505317485662419,-0.40583972495671383,-0.16278112867447064,0.8119223343984152,-0.1699069165076462,-0.2081478487327801,-0.6981970580620328,-0.7376951317802901,0.7376951317802901,-0.7376951317802901,0.7376951317802901,-0.7376951317802901,0.7376951317802901,-0.7376951317802901,0.7376951317802901,-0.4820426798824101,-0.3075623426146228,0.6158384251930635,-0.4820426798824101,-0.3075623426146228,0.6158384251930635,-0.4820426798824101,-0.3075623426146228,0.6158384251930635,-0.13085598064755344,4.237622777986573,-0.2662958158485814,-0.19611613513818404,-0.19300937626135234,-0.12168146174384352,-0.06715342778730747,-0.03352007615769955,-1.8351149988007645,-0.13085598064755344,4.237622777986573,-0.2662958158485814,-0.19611613513818404,-0.19300937626135234,-0.12168146174384352,-0.06715342778730747,-0.03352007615769955,-1.8351149988007645,-0.21680296415038888,-0.5118980953829163,0.8505317485662419,-0.40583972495671383,-0.16278112867447064
0,1.6640139450834406,0.8273772438659699,-0.47454519624983954,-0.4736736092984604,-0.45868653362335343,0.5446511676720712,0.96425644365423,1.2266260647479035,-0.6244040257055189,1.6640139450834406,0.8273772438659699,-0.47454519624983954,-0.4736736092984604,-0.45868653362335343,0.5446511676720712,0.96425644365423,1.2266260647479035,-0.6244040257055189,2.10520215800493,2.176706431102517,-0.3760014818308347,-0.3895323082701867,-0.2347822111234713,1.832333290144818,2.2909832613071783,2.6525826149110685,-0.06318563587264481,0.8635041745453002,-0.4030649954631285,-0.4194008220350217,-0.4552537904059585,0.7925352191037062,1.3577269342345568,2.0633460286182723,-0.3576753639798948,-0.2328872501475753,-0.28708333828187355,-0.32078666523533045,-0.39610534423349997,-0.38113017778990566,-0.3694246287326534,-0.2751579580367754,-0.2900883232983121,-0.2955781683826058,-0.3888554871521795,-0.41265547100857053,-0.2943754514063852,-0.3658086479243954,-0.1965128559921827,-0.255068795059142,-0.33388234645547626,-0.26920518301331076,-0.40405881965095053,0.5449215208897721,1.1227307914744915,1.64580281371634,-0.337529114616601,0.9989187709831968,1.8822836089980008,-0.22342026433344614,1.3385767425636153,-0.06213841212214652,-0.4271559153457235,-0.7376951317802901,0.7376951317802901,-0.4820426798824101,-0.3075623426146228,0.6158384251930635,-0.13085598064755344,-0.2359813632291101,-0.2662958158485814,-0.19611613513818404,-0.19300937626135234,-0.12168146174384352,-0.06715342778730747,-0.03352007615769955,0.5449249778098338,-0.21680296415038888,-0.5118980953829163,0.8505317485662419,-0.40583972495671383,-0.16278112867447064,0.8119223343984152,-0.1699069165076462,-0.2081478487327801,-0.6981970580620328,-0.7376951317802901,0.7376951317802901,-0.7376951317802901,0.7376951317802901,-0.7376951317802901,0.7376951317802901,-0.7376951317802901,0.7376951317802901,-0.4820426798824101,-0.3075623426146228,0.6158384251930635,-0.4820426798824101,-0.3075623426146228,0.6158384251930635,-0.4820426798824101,-0.3075623426146228,0.6158384251930635,-0.13085598064755344,-0.2359813632291101,-0.2662958158485814,-0.19611613513818404,-0.19300937626135234,-0.12168146174384352,-0.06715342778730747,-0.03352007615769955,0.5449249778098338,-0.13085598064755344,-0.2359813632291101,-0.2662958158485814,-0.19611613513818404,-0.19300937626135234,-0.12168146174384352,-0.06715342778730747,-0.03352007615769955,0.5449249778098338,-0.21680296415038888,-0.5118980953829163,0.8505317485662419,-0.40583972495671383,-0.16278112867447064
1,1.667901828132701,-0.3693648410115938,0.4327933656785018,-0.4736736092984604,-0.15672881902005725,0.5446511676720712,-1.3133832581875537,-0.1524576244513169,-0.0675031379141101,1.667901828132701,-0.3693648410115938,0.4327933656785018,-0.4736736092984604,-0.15672881902005725,0.5446511676720712,-1.3133832581875537,-0.1524576244513169,-0.0675031379141101,2.1125838219359725,0.9903265284305169,1.1404550961975997,-0.3895323082701867,0.24165609441872993,1.8358154842120635,-0.5375608336104443,0.7944445023194033,0.7376555152554964,-0.5892568139740777,0.2247862474698217,-0.4194008220350217,-0.04892610140167071,-0.04105904351514409,-1.0941980095448343,-0.2130091009268516,-0.1629968366090419,-0.07639966350995119,-0.28708333828187355,-0.017165984077790217,0.5281575091431288,-0.17219794452469814,0.48001367888229923,-0.05924801474239681,-0.2900883232983121,-0.2955781683826058,-0.3888554871521795,-0.41265547100857053,-0.2943754514063852,-0.3658086479243954,-0.1678777526892653,0.32287264876924127,-0.522006273339874,-0.19163543602078065,-0.24219586746923333,0.5449215208897721,-0.8376565205383595,0.2690969755635181,0.20090432700850336,-1.177626087863427,-0.8171526149360434,-0.6336491784248299,-0.45345512765364804,-0.06213841212214652,-0.23657207930514282,1.3555735383351193,-1.3555735383351195,2.0745051044939435,-0.3075623426146228,-1.6238025415294657,-0.13085598064755344,-0.2359813632291101,-0.2662958158485814,-0.19611613513818404,-0.19300937626135234,-0.12168146174384352,-0.06715342778730747,-0.03352007615769955,0.5449249778098338,-0.21680296415038888,-0.5118980953829163,-1.175735064194511,2.4640269015229057,-0.16278112867447064,-1.2316448970959013,-0.1699069165076462,-0.2081478487327801,1.4322604033532795,1.3555735383351193,-1.3555735383351195,1.3555735383351193,-1.3555735383351195,1.3555735383351193,-1.3555735383351195,1.3555735383351193,-1.3555735383351195,2.0745051044939435,-0.3075623426146228,-1.6238025415294657,2.0745051044939435,-0.3075623426146228,-1.6238025415294657,2.0745051044939435,-0.3075623426146228,-1.6238025415294657,-0.13085598064755344,-0.2359813632291101,-0.2662958158485814,-0.19611613513818404,-0.19300937626135234,-0.12168146174384352,-0.06715342778730747,-0.03352007615769955,0.5449249778098338,-0.13085598064755344,-0.2359813632291101,-0.2662958158485814,-0.19611613513818404,-0.19300937626135234,-0.12168146174384352,-0.06715342778730747,-0.03352007615769955,0.5449249778098338,-0.21680296415038888,-0.5118980953829163,-1.175735064194511,2.4640269015229057,-0.16278112867447064
1,1.6717897111819615,0.8273772438659699,-0.47454519624983954,-0.4736736092984604,-0.4989475622371262,0.5446511676720712,-1.3133832581875537,-1.5315413136505371,-0.6244040257055189,1.6717897111819615,0.8273772438659699,-0.47454519624983954,-0.4736736092984604,-0.4989475622371262,0.5446511676720712,-1.3133832581875537,-1.5315413136505371,-0.6244040257055189,2.1199739268777997,2.1848695955704436,-0.3760014818308347,-0.3895323082701867,-0.2976833853133736,1.8392976782793091,-0.5368435846943649,-1.0679505131647973,-0.061357231418014344,0.8635041745453002,-0.4030649954631285,-0.4194008220350217,-0.571347415835755,0.7925352191037062,-0.9255628795100984,-1.3511866656994136,-0.3576753639798948,-0.2328872501475753,-0.28708333828187355,-0.32078666523533045,-0.39610534423349997,-0.38113017778990566,-0.3694246287326534,-0.2751579580367754,-0.2900883232983121,-0.2955781683826058,-0.3888554871521795,-0.41265547100857053,-0.2943754514063852,-0.3658086479243954,-0.19836401418550262,-0.33212765423625973,-0.6468373833726644,-0.5019144239909011,-0.4123594838653976,0.5449215208897721,-0.8376565205383595,-1.107608862589304,-0.337529114616601,-1.177626087863427,-1.086381470456385,-0.7504145872216218,-1.0507990843927357,-0.855906515359889,-0.4271559153457235,1.3555735383351193,-1.3555735383351195,2.0745051044939435,-0.3075623426146228,-1.6238025415294657,-0.13085598064755344,-0.2359813632291101,-0.2662958158485814,-0.19611613513818404,-0.19300937626135234,-0.12168146174384352,-0.06715342778730747,-0.03352007615769955,0.5449249778098338,-0.21680296415038888,1.9535138126504805,-1.175735064194511,-0.40583972495671383,-0.16278112867447064,0.8119223343984152,-0.1699069165076462,-0.2081478487327801,-0.6981970580620328,1.3555735383351193,-1.3555735383351195,1.3555735383351193,-1.3555735383351195,1.3555735383351193,-1.3555735383351195,1.3555735383351193,-1.3555735383351195,2.0745051044939435,-0.3075623426146228,-1.6238025415294657,2.0745051044939435,-0.3075623426146228,-1.6238025415294657,2.0745051044939435,-0.3075623426146228,-1.6238025415294657,-0.13085598064755344,-0.2359813632291101,-0.2662958158485814,-0.19611613513818404,-0.19300937626135234,-0.12168146174384352,-0.06715342778730747,-0.03352007615769955,0.5449249778098338,-0.13085598064755344,-0.2359813632291101,-0.2662958158485814,-0.19611613513818404,-0.19300937626135234,-0.12168146174384352,-0.06715342778730747,-0.03352007615769955,0.5449249778098338,-0.21680296415038888,1.9535138126504805,-1.175735064194511,-0.40583972495671383,-0.16278112867447064
0,1.6756775942312219,0.8273772438659699,-0.47454519624983954,-0.4736736092984604,-0.45868653362335343,0.5446511676720712,0.96425644365423,-0.841999469050927,-0.0675031379141101,1.6756775942312219,0.8273772438659699,-0.47454519624983954,-0.4736736092984604,-0.45868653362335343,0.5446511676720712,0.96425644365423,-0.841999469050927,-0.0675031379141101,2.127372472830412,2.1889511778044066,-0.3760014818308347,-0.3895323082701867,-0.23380278107553165,1.8427798723465547,2.30284643143242,-0.13462455397642936,0.7413123241647573,0.8635041745453002,-0.4030649954631285,-0.4194008220350217,-0.4552537904059585,0.7925352191037062,1.3577269342345568,-0.4975534921199921,0.2263602181326639,-0.2328872501475753,-0.28708333828187355,-0.32078666523533045,-0.39610534423349997,-0.38113017778990566,-0.3694246287326534,-0.2751579580367754,-0.2900883232983121,-0.2955781683826058,-0.3888554871521795,-0.41265547100857053,-0.2943754514063852,-0.3658086479243954,-0.1965128559921827,-0.255068795059142,-0.33388234645547626,-0.4437371137465036,-0.36670583068593887,0.5449215208897721,1.1227307914744915,-0.41925594351289297,0.20090432700850336,0.9989187709831968,-0.34421520059278854,0.42033946735152133,-0.9014630952079639,-0.4590224637410178,-0.23657207930514282,-0.7376951317802901,0.7376951317802901,-0.4820426798824101,-0.3075623426146228,0.6158384251930635,-0.13085598064755344,-0.2359813632291101,-0.2662958158485814,-0.19611613513818404,-0.19300937626135234,-0.12168146174384352,-0.06715342778730747,-0.03352007615769955,0.5449249778098338,-0.21680296415038888,-0.5118980953829163,0.8505317485662419,-0.40583972495671383,-0.16278112867447064,0.8119223343984152,-0.1699069165076462,-0.2081478487327801,-0.6981970580620328,-0.7376951317802901,0.7376951317802901,-0.7376951317802901,0.7376951317802901,-0.7376951317802901,0.7376951317802901,-0.7376951317802901,0.7376951317802901,-0.4820426798824101,-0.3075623426146228,0.6158384251930635,-0.4820426798824101,-0.3075623426146228,0.6158384251930635,-0.4820426798824101,-0.3075623426146228,0.6158384251930635,-0.13085598064755344,-0.2359813632291101,-0.2662958158485814,-0.19611613513818404,-0.19300937626135234,-0.12168146174384352,-0.06715342778730747,-0.03352007615769955,0.5449249778098338,-0.13085598064755344,-0.2359813632291101,-0.2662958158485814,-0.19611613513818404,-0.19300937626135234,-0.12168146174384352,-0.06715342778730747,-0.03352007615769955,0.5449249778098338,-0.21680296415038888,-0.5118980953829163,0.8505317485662419,-0.40583972495671383,-0.16278112867447064
0,1.6795654772804822,0.8273772438659699,-0.47454519624983954,-0.4736736092984604,-0.4989475622371262,0.5446511676720712,0.96425644365423,-1.1867703913507321,-0.6244040257055189,1.6795654772804822,0.8273772438659699,-0.47454519624983954,-0.4736736092984604,-0.4989475622371262,0.5446511676720712,0.96425644365423,-1.1867703913507321,-0.6244040257055189,2.1347794597938083,2.19303276003837,-0.3760014818308347,-0.3895323082701867,-0.2971755326959234,1.8462620664138003,2.3068008214741673,-0.6007554207090464,-0.05952882696338388,0.8635041745453002,-0.4030649954631285,-0.4194008220350217,-0.571347415835755,0.7925352191037062,1.3577269342345568,-0.9243700789097029,-0.3576753639798948,-0.2328872501475753,-0.28708333828187355,-0.32078666523533045,-0.39610534423349997,-0.38113017778990566,-0.3694246287326534,-0.2751579580367754,-0.2900883232983121,-0.2955781683826058,-0.3888554871521795,-0.41265547100857053,-0.2943754514063852,-0.3658086479243954,-0.19836401418550262,-0.33212765423625973,-0.41485036472765574,-0.4792899144514132,-0.4123594838653976,0.5449215208897721,1.1227307914744915,-0.7634324030510985,-0.337529114616601,0.9989187709831968,-0.7152983355245868,-0.22342026433344614,-1.0134650870965427,-0.7566855024551713,-0.4271559153457235,-0.7376951317802901,0.7376951317802901,-0.4820426798824101,-0.3075623426146228,0.6158384251930635,-0.13085598064755344,-0.2359813632291101,-0.2662958158485814,-0.19611613513818404,-0.19300937626135234,-0.12168146174384352,-0.06715342778730747,-0.03352007615769955,0.5449249778098338,-0.21680296415038888,-0.5118980953829163,0.8505317485662419,-0.40583972495671383,-0.16278112867447064,0.8119223343984152,-0.1699069165076462,-0.2081478487327801,-0.6981970580620328,-0.7376951317802901,0.7376951317802901,-0.7376951317802901,0.7376951317802901,-0.7376951317802901,0.7376951317802901,-0.7376951317802901,0.7376951317802901,-0.4820426798824101,-0.3075623426146228,0.6158384251930635,-0.4820426798824101,-0.3075623426146228,0.6158384251930635,-0.4820426798824101,-0.3075623426146228,0.6158384251930635,-0.13085598064755344,-0.2359813632291101,-0.2662958158485814,-0.19611613513818404,-0.19300937626135234,-0.12168146174384352,-0.06715342778730747,-0.03352007615769955,0.5449249778098338,-0.13085598064755344,-0.2359813632291101,-0.2662958158485814,-0.19611613513818404,-0.19300937626135234,-0.12168146174384352,-0.06715342778730747,-0.03352007615769955,0.5449249778098338,-0.21680296415038888,-0.5118980953829163,0.8505317485662419,-0.40583972495671383,-0.16278112867447064
0,1.6834533603297426,0.8273772438659699,-0.47454519624983954,-0.4736736092984604,-0.4989475622371262,0.5446511676720712,0.96425644365423,-1.1867703913507321,-0.6244040257055189,1.6834533603297426,0.8273772438659699,-0.47454519624983954,-0.4736736092984604,-0.4989475622371262,0.5446511676720712,0.96425644365423,-1.1867703913507321,-0.6244040257055189,2.142194887767989,2.197114342272333,-0.3760014818308347,-0.3895323082701867,-0.29692160638719833,1.849744260481046,2.3107552115159145,-0.6002233078474796,-0.058614624736068655,0.8635041745453002,-0.4030649954631285,-0.4194008220350217,-0.571347415835755,0.7925352191037062,1.3577269342345568,-0.9243700789097029,-0.3576753639798948,-0.2328872501475753,-0.28708333828187355,-0.32078666523533045,-0.39610534423349997,-0.38113017778990566,-0.3694246287326534,-0.2751579580367754,-0.2900883232983121,-0.2955781683826058,-0.3888554871521795,-0.41265547100857053,-0.2943754514063852,-0.3658086479243954,-0.19836401418550262,-0.33212765423625973,-0.41485036472765574,-0.4792899144514132,-0.4123594838653976,0.5449215208897721,1.1227307914744915,-0.7634324030510985,-0.337529114616601,0.9989187709831968,-0.7152983355245868,-0.22342026433344614,-1.0134650870965427,-0.7566855024551713,-0.4271559153457235,-0.7376951317802901,0.7376951317802901,-0.4820426798824101,-0.3075623426146228,0.6158384251930635,-0.13085598064755344,-0.2359813632291101,-0.2662958158485814,-0.19611613513818404,-0.19300937626135234,-0.12168146174384352,-0.06715342778730747,-0.03352007615769955,0.5449249778098338,-0.21680296415038888,-0.5118980953829163,0.8505317485662419,-0.40583972495671383,-0.16278112867447064,0.8119223343984152,-0.1699069165076462,-0.2081478487327801,-0.6981970580620328,-0.7376951317802901,0.7376951317802901,-0.7376951317802901,0.7376951317802901,-0.7376951317802901,0.7376951317802901,-0.7376951317802901,0.7376951317802901,-0.4820426798824101,-0.3075623426146228,0.6158384251930635,-0.4820426798824101,-0.3075623426146228,0.6158384251930635,-0.4820426798824101,-0.3075623426146228,0.6158384251930635,-0.13085598064755344,-0.2359813632291101,-0.2662958158485814,-0.19611613513818404,-0.19300937626135234,-0.12168146174384352,-0.06715342778730747,-0.03352007615769955,0.5449249778098338,-0.13085598064755344,-0.2359813632291101,-0.2662958158485814,-0.19611613513818404,-0.19300937626135234,-0.12168146174384352,-0.06715342778730747,-0.03352007615769955,0.5449249778098338,-0.21680296415038888,-0.5118980953829163,0.8505317485662419,-0.40583972495671383,-0.16278112867447064
1,1.687341243379003,-1.5661069258891576,-0.47454519624983954,0.7676298785983874,1.030971525086241,-1.747233654090395,-1.3133832581875537,1.5713969870477085,0.48939774987729867,1.687341243379003,-1.5661069258891576,-0.47454519624983954,0.7676298785983874,1.030971525086241,-1.747233654090395,-1.3133832581875537,1.5713969870477085,0.48939774987729867,2.1496187567529543,-0.19333231941884083,-0.3760014818308347,1.628668982036008,2.129416823855014,-0.9270342129487562,-0.5339745890300476,3.1463833504451655,1.551295497566051,-1.4609134070857044,-0.4030649954631285,0.0500541182076973,0.6282867136054756,-1.6309715720209197,-1.2628331395795704,-0.07073690533028135,-0.3576753639798948,-0.2328872501475753,-0.28708333828187355,-0.32078666523533045,-0.39610534423349997,-0.38113017778990566,-0.3694246287326534,-0.2751579580367754,0.07498045644575013,0.884835066653513,-0.2635869065272112,-0.07128042961738269,1.6310705068544655,0.26748572765974243,0.19732104963662875,-0.30537743882171786,-0.0887688914613663,1.912443951151599,0.5920208860826939,-1.8243260033503432,-1.2317507019144973,-0.8204557217911562,-0.7262207115293983,-1.177626087863427,-0.4806165455356165,-0.5168837696280381,1.973254696598896,1.823060833067492,0.08106764742915833,1.3555735383351193,-1.3555735383351195,2.0745051044939435,-0.3075623426146228,-1.6238025415294657,-0.13085598064755344,-0.2359813632291101,3.755222352305419,-0.19611613513818404,-0.19300937626135234,-0.12168146174384352,-0.06715342778730747,-0.03352007615769955,-1.8351149988007645,-0.21680296415038888,-0.5118980953829163,-1.175735064194511,2.4640269015229057,-0.16278112867447064,-1.2316448970959013,-0.1699069165076462,-0.2081478487327801,1.4322604033532795,1.3555735383351193,-1.3555735383351195,1.3555735383351193,-1.3555735383351195,1.3555735383351193,-1.3555735383351195,1.3555735383351193,-1.3555735383351195,2.0745051044939435,-0.3075623426146228,-1.6238025415294657,2.0745051044939435,-0.3075623426146228,-1.6238025415294657,2.0745051044939435,-0.3075623426146228,-1.6238025415294657,-0.13085598064755344,-0.2359813632291101,3.755222352305419,-0.19611613513818404,-0.19300937626135234,-0.12168146174384352,-0.06715342778730747,-0.03352007615769955,-1.8351149988007645,-0.13085598064755344,-0.2359813632291101,3.755222352305419,-0.19611613513818404,-0.19300937626135234,-0.12168146174384352,-0.06715342778730747,-0.03352007615769955,-1.8351149988007645,-0.21680296415038888,-0.5118980953829163,-1.175735064194511,2.4640269015229057,-0.16278112867447064
1,1.6912291264282633,-0.3693648410115938,-0.47454519624983954,0.7676298785983874,-0.11646779040628442,0.5446511676720712,-0.5095104222433947,-0.497228546751122,-0.0675031379141101,1.6912291264282633,-0.3693648410115938,-0.47454519624983954,0.7676298785983874,-0.11646779040628442,0.5446511676720712,-0.5095104222433947,-0.497228546751122,-0.0675031379141101,2.1570510667487044,1.0066528573663702,-0.3760014818308347,1.6309623925931742,0.31079660076587745,1.8567086486155369,0.47330312990251777,0.3384237799565576,0.7486259419832791,-0.5892568139740777,-0.4030649954631285,0.5195090584504164,0.028469648884860296,-0.04105904351514409,-0.5569533474872684,-0.4975534921199921,-0.1629968366090419,-0.2328872501475753,-0.28708333828187355,-0.32078666523533045,-0.39610534423349997,-0.38113017778990566,-0.3694246287326534,-0.2751579580367754,0.07498045644575013,0.07418983295400972,0.9624460102277982,0.4725028221561908,0.34743986801389837,0.056387602465029836,-0.16209288333514058,0.399931507946359,-0.20320282418793778,-0.24981274626517824,-0.22559453904033924,0.5449215208897721,-0.14575511629852972,-0.07507948397468743,0.20090432700850336,-0.7538678336953983,-0.5628147359378447,-0.26165318579788244,-0.714793108726999,-0.26058043793158214,-0.23657207930514282,1.3555735383351193,-1.3555735383351195,-0.4820426798824101,-0.3075623426146228,0.6158384251930635,-0.13085598064755344,-0.2359813632291101,-0.2662958158485814,-0.19611613513818404,-0.19300937626135234,-0.12168146174384352,-0.06715342778730747,-0.03352007615769955,0.5449249778098338,-0.21680296415038888,-0.5118980953829163,-1.175735064194511,2.4640269015229057,-0.16278112867447064,-1.2316448970959013,-0.1699069165076462,-0.2081478487327801,1.4322604033532795,1.3555735383351193,-1.3555735383351195,1.3555735383351193,-1.3555735383351195,1.3555735383351193,-1.3555735383351195,1.3555735383351193,-1.3555735383351195,-0.4820426798824101,-0.3075623426146228,0.6158384251930635,-0.4820426798824101,-0.3075623426146228,0.6158384251930635,-0.4820426798824101,-0.3075623426146228,0.6158384251930635,-0.13085598064755344,-0.2359813632291101,-0.2662958158485814,-0.19611613513818404,-0.19300937626135234,-0.12168146174384352,-0.06715342778730747,-0.03352007615769955,0.5449249778098338,-0.13085598064755344,-0.2359813632291101,-0.2662958158485814,-0.19611613513818404,-0.19300937626135234,-0.12168146174384352,-0.06715342778730747,-0.03352007615769955,0.5449249778098338,-0.21680296415038888,-0.5118980953829163,-1.175735064194511,2.4640269015229057,-0.16278112867447064
0,1.6951170094775236,0.8273772438659699,-0.47454519624983954,-0.4736736092984604,-0.4989475622371262,0.5446511676720712,0.96425644365423,0.5370842201482933,-0.6244040257055189,1.6951170094775236,0.8273772438659699,-0.47454519624983954,-0.4736736092984604,-0.4989475622371262,0.5446511676720712,0.96425644365423,0.5370842201482933,-0.6244040257055189,2.1644918177552386,2.209359088974223,-0.3760014818308347,-0.3895323082701867,-0.29615982746102304,1.8601908426827825,2.322618381641156,1.747990750247314,-0.055872018054122966,0.8635041745453002,-0.4030649954631285,-0.4194008220350217,-0.571347415835755,0.7925352191037062,1.3577269342345568,1.209712855038851,-0.3576753639798948,-0.2328872501475753,-0.28708333828187355,-0.32078666523533045,-0.39610534423349997,-0.38113017778990566,-0.3694246287326534,-0.2751579580367754,-0.2900883232983121,-0.2955781683826058,-0.3888554871521795,-0.41265547100857053,-0.2943754514063852,-0.3658086479243954,-0.19836401418550262,-0.33212765423625973,-0.41485036472765574,-0.36616736675397343,-0.4123594838653976,0.5449215208897721,1.1227307914744915,0.9574498946399291,-0.337529114616601,0.9989187709831968,1.1401173391344044,-0.22342026433344614,0.29322481827021163,-0.26058043793158214,-0.4271559153457235,-0.7376951317802901,0.7376951317802901,-0.4820426798824101,-0.3075623426146228,0.6158384251930635,-0.13085598064755344,-0.2359813632291101,-0.2662958158485814,-0.19611613513818404,-0.19300937626135234,-0.12168146174384352,-0.06715342778730747,-0.03352007615769955,0.5449249778098338,-0.21680296415038888,-0.5118980953829163,0.8505317485662419,-0.40583972495671383,-0.16278112867447064,0.8119223343984152,-0.1699069165076462,-0.2081478487327801,-0.6981970580620328,-0.7376951317802901,0.7376951317802901,-0.7376951317802901,0.7376951317802901,-0.7376951317802901,0.7376951317802901,-0.7376951317802901,0.7376951317802901,-0.4820426798824101,-0.3075623426146228,0.6158384251930635,-0.4820426798824101,-0.3075623426146228,0.6158384251930635,-0.4820426798824101,-0.3075623426146228,0.6158384251930635,-0.13085598064755344,-0.2359813632291101,-0.2662958158485814,-0.19611613513818404,-0.19300937626135234,-0.12168146174384352,-0.06715342778730747,-0.03352007615769955,0.5449249778098338,-0.13085598064755344,-0.2359813632291101,-0.2662958158485814,-0.19611613513818404,-0.19300937626135234,-0.12168146174384352,-0.06715342778730747,-0.03352007615769955,0.5449249778098338,-0.21680296415038888,-0.5118980953829163,0.8505317485662419,-0.40583972495671383,-0.16278112867447064
0,1.699004892526784,0.8273772438659699,-0.47454519624983954,-0.4736736092984604,-0.438556019316467,0.5446511676720712,-0.5095104222433947,-0.841999469050927,-0.6244040257055189,1.699004892526784,0.8273772438659699,-0.47454519624983954,-0.4736736092984604,-0.438556019316467,0.5446511676720712,-0.5095104222433947,-0.841999469050927,-0.6244040257055189,2.1719410097725573,2.2134406712081867,-0.3760014818308347,-0.3895323082701867,-0.19981293089332952,1.863673036750028,0.4770226685292655,-0.1282391996376264,-0.054957815826807734,0.8635041745453002,-0.4030649954631285,-0.4194008220350217,-0.3972069776910602,0.7925352191037062,-0.11969588642374947,-0.4975534921199921,-0.3576753639798948,-0.2328872501475753,-0.28708333828187355,-0.32078666523533045,-0.39610534423349997,-0.38113017778990566,-0.3694246287326534,-0.2751579580367754,-0.2900883232983121,-0.2955781683826058,-0.3888554871521795,-0.41265547100857053,-0.2943754514063852,-0.3658086479243954,-0.19541373081489902,-0.21653936547058308,-0.5078401192601508,-0.43727296816379274,-0.39990848754372704,0.5449215208897721,-0.14575511629852972,-0.41925594351289297,-0.337529114616601,-0.7538678336953983,-0.7373369807773581,-0.564416590908148,-0.9014630952079639,-0.6574644895504534,-0.4271559153457235,1.3555735383351193,-1.3555735383351195,-0.4820426798824101,-0.3075623426146228,0.6158384251930635,-0.13085598064755344,-0.2359813632291101,-0.2662958158485814,-0.19611613513818404,-0.19300937626135234,-0.12168146174384352,-0.06715342778730747,-0.03352007615769955,0.5449249778098338,-0.21680296415038888,1.9535138126504805,-1.175735064194511,-0.40583972495671383,-0.16278112867447064,0.8119223343984152,-0.1699069165076462,-0.2081478487327801,-0.6981970580620328,1.3555735383351193,-1.3555735383351195,1.3555735383351193,-1.3555735383351195,1.3555735383351193,-1.3555735383351195,1.3555735383351193,-1.3555735383351195,-0.4820426798824101,-0.3075623426146228,0.6158384251930635,-0.4820426798824101,-0.3075623426146228,0.6158384251930635,-0.4820426798824101,-0.3075623426146228,0.6158384251930635,-0.13085598064755344,-0.2359813632291101,-0.2662958158485814,-0.19611613513818404,-0.19300937626135234,-0.12168146174384352,-0.06715342778730747,-0.03352007615769955,0.5449249778098338,-0.13085598064755344,-0.2359813632291101,-0.2662958158485814,-0.19611613513818404,-0.19300937626135234,-0.12168146174384352,-0.06715342778730747,-0.03352007615769955,0.5449249778098338,-0.21680296415038888,1.9535138126504805,-1.175735064194511,-0.40583972495671383,-0.16278112867447064
0,1.7028927755760443,-0.3693648410115938,-0.47454519624983954,-0.4736736092984604,-0.438556019316467,0.5446511676720712,0.96425644365423,-0.1524576244513169,-0.6244040257055189,1.7028927755760443,-0.3693648410115938,-0.47454519624983954,-0.4736736092984604,-0.438556019316467,0.5446511676720712,0.96425644365423,-0.1524576244513169,-0.6244040257055189,2.1793986428006606,1.0148160218342968,-0.3760014818308347,-0.3895323082701867,-0.19945017902372225,1.8671552308172736,2.3305271617246506,0.8136005653358123,-0.0540436135994925,-0.5892568139740777,-0.4030649954631285,-0.4194008220350217,-0.5906963534073878,-0.04105904351514409,0.42799519961826915,-0.2130091009268516,-0.5523538913507477,-0.2328872501475753,-0.28708333828187355,-0.32078666523533045,-0.39610534423349997,-0.38113017778990566,-0.3694246287326534,-0.2751579580367754,-0.2900883232983121,-0.2955781683826058,-0.3888554871521795,-0.41265547100857053,-0.2943754514063852,-0.3658086479243954,-0.19541373081489902,-0.21653936547058308,-0.2933983373193865,-0.3726315123366843,-0.39990848754372704,0.5449215208897721,1.1227307914744915,0.2690969755635181,-0.337529114616601,0.9989187709831968,0.3979510692708079,-0.22342026433344614,-0.45345512765364804,-0.4590224637410178,-0.4271559153457235,-0.7376951317802901,0.7376951317802901,-0.4820426798824101,-0.3075623426146228,0.6158384251930635,-0.13085598064755344,-0.2359813632291101,-0.2662958158485814,-0.19611613513818404,-0.19300937626135234,-0.12168146174384352,-0.06715342778730747,-0.03352007615769955,0.5449249778098338,-0.21680296415038888,-0.5118980953829163,0.8505317485662419,-0.40583972495671383,-0.16278112867447064,0.8119223343984152,-0.1699069165076462,-0.2081478487327801,-0.6981970580620328,-0.7376951317802901,0.7376951317802901,-0.7376951317802901,0.7376951317802901,-0.7376951317802901,0.7376951317802901,-0.7376951317802901,0.7376951317802901,-0.4820426798824101,-0.3075623426146228,0.6158384251930635,-0.4820426798824101,-0.3075623426146228,0.6158384251930635,-0.4820426798824101,-0.3075623426146228,0.6158384251930635,-0.13085598064755344,-0.2359813632291101,-0.2662958158485814,-0.19611613513818404,-0.19300937626135234,-0.12168146174384352,-0.06715342778730747,-0.03352007615769955,0.5449249778098338,-0.13085598064755344,-0.2359813632291101,-0.2662958158485814,-0.19611613513818404,-0.19300937626135234,-0.12168146174384352,-0.06715342778730747,-0.03352007615769955,0.5449249778098338,-0.21680296415038888,-0.5118980953829163,0.8505317485662419,-0.40583972495671383,-0.16278112867447064
0,1.7067806586253047,0.8273772438659699,-0.47454519624983954,-0.4736736092984604,-0.4989475622371262,0.5446511676720712,0.96425644365423,-0.497228546751122,-0.6244040257055189,1.7067806586253047,0.8273772438659699,-0.47454519624983954,-0.4736736092984604,-0.4989475622371262,0.5446511676720712,0.96425644365423,-0.497228546751122,-0.6244040257055189,2.1868647168395485,2.221603835676113,-0.3760014818308347,-0.3895323082701867,-0.29539804853484775,1.8706374248845192,2.3344815517663977,0.3448091342953606,-0.053129411372177276,0.8635041745453002,-0.4030649954631285,-0.4194008220350217,-0.571347415835755,0.7925352191037062,1.3577269342345568,-0.07073690533028135,-0.3576753639798948,-0.2328872501475753,-0.28708333828187355,-0.32078666523533045,-0.39610534423349997,-0.38113017778990566,-0.3694246287326534,-0.2751579580367754,-0.2900883232983121,-0.2955781683826058,-0.3888554871521795,-0.41265547100857053,-0.2943754514063852,-0.3658086479243954,-0.19836401418550262,-0.33212765423625973,-0.41485036472765574,-0.4340408953724373,-0.4123594838653976,0.5449215208897721,1.1227307914744915,-0.07507948397468743,-0.337529114616601,0.9989187709831968,0.026867934339009688,-0.22342026433344614,-0.714793108726999,-0.5582434766457356,-0.4271559153457235,-0.7376951317802901,0.7376951317802901,-0.4820426798824101,-0.3075623426146228,0.6158384251930635,-0.13085598064755344,-0.2359813632291101,-0.2662958158485814,-0.19611613513818404,-0.19300937626135234,-0.12168146174384352,-0.06715342778730747,-0.03352007615769955,0.5449249778098338,-0.21680296415038888,-0.5118980953829163,0.8505317485662419,-0.40583972495671383,-0.16278112867447064,0.8119223343984152,-0.1699069165076462,-0.2081478487327801,-0.6981970580620328,-0.7376951317802901,0.7376951317802901,-0.7376951317802901,0.7376951317802901,-0.7376951317802901,0.7376951317802901,-0.7376951317802901,0.7376951317802901,-0.4820426798824101,-0.3075623426146228,0.6158384251930635,-0.4820426798824101,-0.3075623426146228,0.6158384251930635,-0.4820426798824101,-0.3075623426146228,0.6158384251930635,-0.13085598064755344,-0.2359813632291101,-0.2662958158485814,-0.19611613513818404,-0.19300937626135234,-0.12168146174384352,-0.06715342778730747,-0.03352007615769955,0.5449249778098338,-0.13085598064755344,-0.2359813632291101,-0.2662958158485814,-0.19611613513818404,-0.19300937626135234,-0.12168146174384352,-0.06715342778730747,-0.03352007615769955,0.5449249778098338,-0.21680296415038888,-0.5118980953829163,0.8505317485662419,-0.40583972495671383,-0.16278112867447064
0,1.7106685416745653,0.8273772438659699,-0.47454519624983954,5.73284383018578,-0.056076247485625196,0.5446511676720712,-1.5500791487711116,0.8818551424480984,2.160100413251525,1.7106685416745653,0.8273772438659699,-0.47454519624983954,5.73284383018578,-0.056076247485625196,0.5446511676720712,-1.5500791487711116,0.8818551424480984,2.160100413251525,2.194339231889221,2.2256854179100767,-0.3760014818308347,9.77027645997577,0.41193182201238704,1.8741196189517648,-0.8277292778455537,2.2322134542732064,3.9977006578616057,0.8635041745453002,-0.4030649954631285,6.622423281605764,0.7056824638920066,0.7925352191037062,-1.1628459385855234,1.6365294418285616,2.5625025465828988,-0.2328872501475753,-0.28708333828187355,-0.32078666523533045,-0.39610534423349997,-0.38113017778990566,-0.3694246287326534,-0.2751579580367754,8.836631170303242,1.7665895313792883,6.367651999747709,0.49364994861405204,7.193469941830257,5.967135107916983,-0.15254784890083478,0.5155197967120356,-0.5851691254751537,0.1541963526542495,0.28074597804093004,0.5449215208897721,-1.0413830451200872,1.3016263541781348,2.354638093508921,-1.2307930204368625,-0.8362130648843862,-0.4951840033914661,0.7785667831207204,3.311376026638259,1.7963221717943845,1.3555735383351193,-1.3555735383351195,-0.4820426798824101,3.2513733362117265,-1.6238025415294657,-0.13085598064755344,-0.2359813632291101,-0.2662958158485814,-0.19611613513818404,-0.19300937626135234,-0.12168146174384352,-0.06715342778730747,-0.03352007615769955,0.5449249778098338,-0.21680296415038888,-0.5118980953829163,-1.175735064194511,2.4640269015229057,-0.16278112867447064,-1.2316448970959013,-0.1699069165076462,4.804277373453898,-0.6981970580620328,1.3555735383351193,-1.3555735383351195,1.3555735383351193,-1.3555735383351195,1.3555735383351193,-1.3555735383351195,1.3555735383351193,-1.3555735383351195,-0.4820426798824101,3.2513733362117265,-1.6238025415294657,-0.4820426798824101,3.2513733362117265,-1.6238025415294657,-0.4820426798824101,3.2513733362117265,-1.6238025415294657,-0.13085598064755344,-0.2359813632291101,-0.2662958158485814,-0.19611613513818404,-0.19300937626135234,-0.12168146174384352,-0.06715342778730747,-0.03352007615769955,0.5449249778098338,-0.13085598064755344,-0.2359813632291101,-0.2662958158485814,-0.19611613513818404,-0.19300937626135234,-0.12168146174384352,-0.06715342778730747,-0.03352007615769955,0.5449249778098338,-0.21680296415038888,-0.5118980953829163,-1.175735064194511,2.4640269015229057,-0.16278112867447064
0,1.7145564247238256,-0.3693648410115938,-0.47454519624983954,-0.4736736092984604,-0.37816447639580775,0.5446511676720712,0.96425644365423,-0.1524576244513169,-0.6244040257055189,1.7145564247238256,-0.3693648410115938,-0.47454519624983954,-0.4736736092984604,-0.37816447639580775,0.5446511676720712,0.96425644365423,-0.1524576244513169,-0.6244040257055189,2.201822187949678,1.0229791863022235,-0.3760014818308347,-0.3895323082701867,-0.10183365091240326,1.8776018130190104,2.342390331849892,0.8199859196746152,-0.05130100691754681,-0.5892568139740777,-0.4030649954631285,-0.4194008220350217,-0.4746027279775913,-0.04105904351514409,0.42799519961826915,-0.2130091009268516,-0.5523538913507477,-0.2328872501475753,-0.28708333828187355,-0.32078666523533045,-0.39610534423349997,-0.38113017778990566,-0.3694246287326534,-0.2751579580367754,-0.2900883232983121,-0.2955781683826058,-0.3888554871521795,-0.41265547100857053,-0.2943754514063852,-0.3658086479243954,-0.19142217096055295,-0.10095107670490644,-0.17194630991111728,-0.3338466388404192,-0.38745749122205647,0.5449215208897721,1.1227307914744915,0.2690969755635181,-0.337529114616601,0.9989187709831968,0.3979510692708079,-0.22342026433344614,-0.45345512765364804,-0.4590224637410178,-0.4271559153457235,-0.7376951317802901,0.7376951317802901,-0.4820426798824101,-0.3075623426146228,0.6158384251930635,-0.13085598064755344,-0.2359813632291101,-0.2662958158485814,-0.19611613513818404,-0.19300937626135234,-0.12168146174384352,-0.06715342778730747,-0.03352007615769955,0.5449249778098338,-0.21680296415038888,-0.5118980953829163,-1.175735064194511,-0.40583972495671383,6.1432182473669785,0.8119223343984152,-0.1699069165076462,-0.2081478487327801,-0.6981970580620328,-0.7376951317802901,0.7376951317802901,-0.7376951317802901,0.7376951317802901,-0.7376951317802901,0.7376951317802901,-0.7376951317802901,0.7376951317802901,-0.4820426798824101,-0.3075623426146228,0.6158384251930635,-0.4820426798824101,-0.3075623426146228,0.6158384251930635,-0.4820426798824101,-0.3075623426146228,0.6158384251930635,-0.13085598064755344,-0.2359813632291101,-0.2662958158485814,-0.19611613513818404,-0.19300937626135234,-0.12168146174384352,-0.06715342778730747,-0.03352007615769955,0.5449249778098338,-0.13085598064755344,-0.2359813632291101,-0.2662958158485814,-0.19611613513818404,-0.19300937626135234,-0.12168146174384352,-0.06715342778730747,-0.03352007615769955,0.5449249778098338,-0.21680296415038888,-0.5118980953829163,-1.175735064194511,-0.40583972495671383,6.1432182473669785
1,1.718444307773086,-1.5661069258891576,-0.47454519624983954,-0.4736736092984604,-0.03594573317873878,-1.8194778495589943,-0.5095104222433947,-1.1867703913507321,-0.6244040257055189,1.718444307773086,-1.5661069258891576,-0.47454519624983954,-0.4736736092984604,-0.03594573317873878,-1.8194778495589943,-0.5095104222433947,-1.1867703913507321,-0.6244040257055189,2.209313585020919,-0.182448100128272,-0.3760014818308347,-0.3895323082701867,0.4462481488772357,-1.0128871238769013,0.4863215150961349,-0.5954342920933773,-0.05038680469023159,-1.4609134070857044,-0.4030649954631285,-0.4194008220350217,-0.3972069776910602,-1.6548120390977903,-0.9942108085507874,-1.2089144701028434,-0.7470324187216006,-0.2328872501475753,-0.28708333828187355,-0.32078666523533045,-0.39610534423349997,-0.38113017778990566,-0.3694246287326534,-0.2751579580367754,-0.2900883232983121,-0.2955781683826058,-0.3888554871521795,-0.41265547100857053,-0.2943754514063852,-0.3658086479243954,-0.1491347759819012,-0.5277386044550971,-0.12704350041988452,-0.4049522402502385,-0.31690184539925664,-1.83504312030046,-1.1998205817747205,-1.0855462690291626,-0.8414475920349679,-0.7538678336953983,-0.9118592256168716,-0.564416590908148,-1.0134650870965427,-0.7566855024551713,-0.4271559153457235,1.3555735383351193,-1.3555735383351195,-0.4820426798824101,-0.3075623426146228,0.6158384251930635,-0.13085598064755344,4.237622777986573,-0.2662958158485814,-0.19611613513818404,-0.19300937626135234,-0.12168146174384352,-0.06715342778730747,-0.03352007615769955,-1.8351149988007645,-0.21680296415038888,1.9535138126504805,-1.175735064194511,-0.40583972495671383,-0.16278112867447064,0.8119223343984152,-0.1699069165076462,-0.2081478487327801,-0.6981970580620328,1.3555735383351193,-1.3555735383351195,1.3555735383351193,-1.3555735383351195,1.3555735383351193,-1.3555735383351195,1.3555735383351193,-1.3555735383351195,-0.4820426798824101,-0.3075623426146228,0.6158384251930635,-0.4820426798824101,-0.3075623426146228,0.6158384251930635,-0.4820426798824101,-0.3075623426146228,0.6158384251930635,-0.13085598064755344,4.237622777986573,-0.2662958158485814,-0.19611613513818404,-0.19300937626135234,-0.12168146174384352,-0.06715342778730747,-0.03352007615769955,-1.8351149988007645,-0.13085598064755344,4.237622777986573,-0.2662958158485814,-0.19611613513818404,-0.19300937626135234,-0.12168146174384352,-0.06715342778730747,-0.03352007615769955,-1.8351149988007645,-0.21680296415038888,1.9535138126504805,-1.175735064194511,-0.40583972495671383,-0.16278112867447064
0,1.7223321908223463,0.8273772438659699,0.4327933656785018,2.0089333664952354,-0.17685933332694367,0.5446511676720712,-0.5095104222433947,-0.497228546751122,1.0462986376687076,1.7223321908223463,0.8273772438659699,0.4327933656785018,2.0089333664952354,-0.17685933332694367,0.5446511676720712,-0.5095104222433947,-0.497228546751122,1.0462986376687076,2.216813423102945,2.2379301646119663,1.1647184014460545,3.6881516623711934,0.22159591602944737,1.8845662011535014,0.4881812844095088,0.3511944886341635,2.388704737786801,0.8635041745453002,0.5387118689362969,2.3973288194212925,0.3574015876026171,0.7925352191037062,-0.11969588642374947,-0.07073690533028135,1.3944313823577814,-0.07639966350995119,0.7239492878412465,-0.029816845792687726,0.5281575091431288,0.16061446244642888,0.2676541019785611,0.15666192855198174,1.1701867956779368,0.3586267570590986,2.313747507607776,1.3576611153209521,0.989255187434182,1.3229763536333055,-0.17059664128570393,0.2843432191806824,-0.26032231701397773,-0.27890140138737707,-0.059581254751398485,0.5449215208897721,-0.14575511629852972,-0.07507948397468743,1.2777712102587122,-0.7538678336953983,-0.5628147359378447,0.3438736244226488,-0.714793108726999,0.33474563949672476,0.52576326485718,1.3555735383351193,-1.3555735383351195,-0.4820426798824101,-0.3075623426146228,0.6158384251930635,-0.13085598064755344,-0.2359813632291101,-0.2662958158485814,-0.19611613513818404,-0.19300937626135234,-0.12168146174384352,-0.06715342778730747,-0.03352007615769955,0.5449249778098338,-0.21680296415038888,1.9535138126504805,-1.175735064194511,-0.40583972495671383,-0.16278112867447064,-1.2316448970959013,-0.1699069165076462,-0.2081478487327801,1.4322604033532795,1.3555735383351193,-1.3555735383351195,1.3555735383351193,-1.3555735383351195,1.3555735383351193,-1.3555735383351195,1.3555735383351193,-1.3555735383351195,-0.4820426798824101,-0.3075623426146228,0.6158384251930635,-0.4820426798824101,-0.3075623426146228,0.6158384251930635,-0.4820426798824101,-0.3075623426146228,0.6158384251930635,-0.13085598064755344,-0.2359813632291101,-0.2662958158485814,-0.19611613513818404,-0.19300937626135234,-0.12168146174384352,-0.06715342778730747,-0.03352007615769955,0.5449249778098338,-0.13085598064755344,-0.2359813632291101,-0.2662958158485814,-0.19611613513818404,-0.19300937626135234,-0.12168146174384352,-0.06715342778730747,-0.03352007615769955,0.5449249778098338,-0.21680296415038888,1.9535138126504805,-1.175735064194511,-0.40583972495671383,-0.16278112867447064
1,1.7262200738716067,-1.5661069258891576,-0.47454519624983954,-0.4736736092984604,-0.03594573317873878,-1.747233654090395,-1.1168810094012038,-0.1524576244513169,-0.6244040257055189,1.7262200738716067,-1.5661069258891576,-0.47454519624983954,-0.4736736092984604,-0.03594573317873878,-1.747233654090395,-1.1168810094012038,-0.1524576244513169,-0.6244040257055189,2.224321702195755,-0.1797270453056298,-0.3760014818308347,-0.3895323082701867,0.44842466009487936,-0.923806143497858,-0.27824044010228727,0.8263712740134181,-0.048558400235601124,-1.4609134070857044,-0.4030649954631285,-0.4194008220350217,-0.3972069776910602,-1.6309715720209197,-1.1971699031058678,-0.7820978833131326,-0.7470324187216006,-0.2328872501475753,-0.28708333828187355,-0.32078666523533045,-0.39610534423349997,-0.38113017778990566,-0.3694246287326534,-0.2751579580367754,-0.2900883232983121,-0.2955781683826058,-0.3888554871521795,-0.41265547100857053,-0.2943754514063852,-0.3658086479243954,-0.1491347759819012,-0.4946808098376945,-0.3921715217284658,-0.11406568902825052,-0.31690184539925664,-1.8243260033503432,-1.2160718491425495,-0.9799852444567939,-0.8260486080042697,-1.1087392780725651,-0.7123201402201582,-0.7049484103449949,-0.45345512765364804,-0.4590224637410178,-0.4271559153457235,-0.7376951317802901,0.7376951317802901,2.0745051044939435,-0.3075623426146228,-1.6238025415294657,-0.13085598064755344,-0.2359813632291101,3.755222352305419,-0.19611613513818404,-0.19300937626135234,-0.12168146174384352,-0.06715342778730747,-0.03352007615769955,-1.8351149988007645,-0.21680296415038888,-0.5118980953829163,0.8505317485662419,-0.40583972495671383,-0.16278112867447064,0.8119223343984152,-0.1699069165076462,-0.2081478487327801,-0.6981970580620328,-0.7376951317802901,0.7376951317802901,-0.7376951317802901,0.7376951317802901,-0.7376951317802901,0.7376951317802901,-0.7376951317802901,0.7376951317802901,2.0745051044939435,-0.3075623426146228,-1.6238025415294657,2.0745051044939435,-0.3075623426146228,-1.6238025415294657,2.0745051044939435,-0.3075623426146228,-1.6238025415294657,-0.13085598064755344,-0.2359813632291101,3.755222352305419,-0.19611613513818404,-0.19300937626135234,-0.12168146174384352,-0.06715342778730747,-0.03352007615769955,-1.8351149988007645,-0.13085598064755344,-0.2359813632291101,3.755222352305419,-0.19611613513818404,-0.19300937626135234,-0.12168146174384352,-0.06715342778730747,-0.03352007615769955,-1.8351149988007645,-0.21680296415038888,-0.5118980953829163,0.8505317485662419,-0.40583972495671383,-0.16278112867447064
0,1.730107956920867,0.8273772438659699,-0.47454519624983954,-0.4736736092984604,-0.4989475622371262,0.5446511676720712,-1.5366812681720423,0.5370842201482933,-0.6244040257055189,1.730107956920867,0.8273772438659699,-0.47454519624983954,-0.4736736092984604,-0.4989475622371262,0.5446511676720712,-1.5366812681720423,0.5370842201482933,-0.6244040257055189,2.23183842229935,2.246093329079893,-0.3760014818308347,-0.3895323082701867,-0.29387449068249716,1.8915305892879926,-0.8088586492835723,1.7767248447719275,-0.0476441980082859,0.8635041745453002,-0.4030649954631285,-0.4194008220350217,-0.571347415835755,0.7925352191037062,-1.1494148220340843,1.209712855038851,-0.3576753639798948,-0.2328872501475753,-0.28708333828187355,-0.32078666523533045,-0.39610534423349997,-0.38113017778990566,-0.3694246287326534,-0.2751579580367754,-0.2900883232983121,-0.2955781683826058,-0.3888554871521795,-0.41265547100857053,-0.2943754514063852,-0.3658086479243954,-0.19836401418550262,-0.33212765423625973,-0.6695812087300181,-0.36616736675397343,-0.4123594838653976,0.5449215208897721,-1.0298513550494233,0.9574498946399291,-0.337529114616601,-1.2286533543751765,-0.8612299054415861,-0.8020806973086978,0.29322481827021163,-0.26058043793158214,-0.4271559153457235,-0.7376951317802901,0.7376951317802901,-0.4820426798824101,3.2513733362117265,-1.6238025415294657,-0.13085598064755344,-0.2359813632291101,-0.2662958158485814,-0.19611613513818404,-0.19300937626135234,-0.12168146174384352,-0.06715342778730747,-0.03352007615769955,0.5449249778098338,-0.21680296415038888,-0.5118980953829163,0.8505317485662419,-0.40583972495671383,-0.16278112867447064,0.8119223343984152,-0.1699069165076462,-0.2081478487327801,-0.6981970580620328,-0.7376951317802901,0.7376951317802901,-0.7376951317802901,0.7376951317802901,-0.7376951317802901,0.7376951317802901,-0.7376951317802901,0.7376951317802901,-0.4820426798824101,3.2513733362117265,-1.6238025415294657,-0.4820426798824101,3.2513733362117265,-1.6238025415294657,-0.4820426798824101,3.2513733362117265,-1.6238025415294657,-0.13085598064755344,-0.2359813632291101,-0.2662958158485814,-0.19611613513818404,-0.19300937626135234,-0.12168146174384352,-0.06715342778730747,-0.03352007615769955,0.5449249778098338,-0.13085598064755344,-0.2359813632291101,-0.2662958158485814,-0.19611613513818404,-0.19300937626135234,-0.12168146174384352,-0.06715342778730747,-0.03352007615769955,0.5449249778098338,-0.21680296415038888,-0.5118980953829163,0.8505317485662419,-0.40583972495671383,-0.16278112867447064
